           1   6.66839111523112     
           2   5.34079423691403     
           3   5.01110933162639     
           4   3.82239525379973     
           5   3.06040121291790     
           6   3.08108510802578     
           7   2.70610354589700     
           8   2.56790517640890     
           9   2.38666768857093     
          10   1.87395268821352     
          11   2.02317863564703     
          12   1.92882542540288     
          13   1.80775749750822     
          14   1.65391276699967     
          15   1.70656499133512     
          16   1.58052575350774     
          17   1.42014079776729     
          18   1.30556840149560     
          19   1.34642622263371     
          20   1.19484591890807     
          21   1.19567367592209     
          22   1.08684295244844     
          23   1.03313084498767     
          24  0.983430992209160     
          25  0.922192747495790     
          26  0.827585713624300     
          27  0.784769089079608     
          28  0.745820195168665     
          29  0.673311525052231     
          30  0.633804415887119     
          31  0.553912445898972     
          32  0.496162486585394     
          33  0.450808813449017     
          34  0.422288918628954     
          35  0.353599963162607     
          36  0.319488382624050     
          37  0.270940798976873     
          38  0.236849830958404     
          39  0.209317055710810     
          40  0.184429110718002     
          41  0.156637422862293     
          42  0.130459991880016     
          43  0.117260402339391     
          44  0.103626453838469     
          45  9.187244661346586E-002
          46  8.136598401966437E-002
          47  7.350907049797925E-002
          48  6.821541069813415E-002
          49  6.528013659325485E-002
          50  6.243920408152213E-002
          51  6.119050791287931E-002
          52  5.863410523429434E-002
          53  5.918880425575923E-002
          54  6.256065418346118E-002
          55  6.523022460096732E-002
          56  6.160228177039968E-002
          57  6.326814468117589E-002
          58  6.336103393138158E-002
          59  6.186272362013340E-002
          60  6.283558312923848E-002
          61  6.019913367720595E-002
          62  5.860129621070505E-002
          63  5.549144686321079E-002
          64  5.362578385093446E-002
          65  5.284962972825559E-002
          66  5.076293872684154E-002
          67  4.658199991652815E-002
          68  4.516176392860624E-002
          69  4.314365885628581E-002
          70  3.890062385123298E-002
          71  3.635087858250832E-002
          72  3.557511857700352E-002
          73  3.152912925437843E-002
          74  3.041572318003626E-002
          75  2.847641713538476E-002
          76  2.757374353690643E-002
          77  2.677385775141589E-002
          78  2.569076427698889E-002
          79  2.424624222499189E-002
          80  2.438215424135828E-002
          81  2.457696265712391E-002
          82  2.404215189987284E-002
          83  2.364762355247025E-002
          84  2.414212733255941E-002
          85  2.419944677602274E-002
          86  2.515436010888059E-002
          87  2.546935231595237E-002
          88  2.581767364665897E-002
          89  2.522245067086617E-002
          90  2.470454395370378E-002
          91  2.542177112144013E-002
          92  2.477288015289820E-002
          93  2.440127898996644E-002
          94  2.435654578536271E-002
          95  2.362298147067734E-002
          96  2.288593780585526E-002
          97  2.243731115411257E-002
          98  2.100144178545841E-002
          99  2.021705305798244E-002
         100  1.871680693669386E-002
         101  1.792935589772814E-002
         102  1.680305149273886E-002
         103  1.547232752422662E-002
         104  1.454184101599372E-002
         105  1.335545857737096E-002
         106  1.221903811565891E-002
         107  1.152739188338845E-002
         108  1.047222853907939E-002
         109  9.657688136666735E-003
         110  9.115885067373092E-003
         111  8.485334987914121E-003
         112  7.714595270609769E-003
         113  7.308998597533548E-003
         114  7.088873036199417E-003
         115  6.651918590078915E-003
         116  6.845541726214988E-003
         117  6.452316631415557E-003
         118  6.432466997520301E-003
         119  6.449419484336331E-003
         120  6.448633645127272E-003
         121  6.572062640812358E-003
         122  6.362106771089823E-003
         123  6.528113324898014E-003
         124  6.614930184151750E-003
         125  6.558112128724970E-003
         126  6.595707892404064E-003
         127  6.490877927572865E-003
         128  6.461821486731985E-003
         129  6.362771844264183E-003
         130  6.183418684237382E-003
         131  5.919301646991009E-003
         132  5.910400379200948E-003
         133  5.575413290712396E-003
         134  5.355930784494197E-003
         135  5.339272897618840E-003
         136  4.961144534088537E-003
         137   6.78290787051539     
         138   5.63545011945003     
         139   5.12106145634710     
         140   3.96518034662797     
         141   3.10512117510702     
         142   3.27243072222382     
         143   2.64601625442039     
         144   2.59643142898418     
         145   2.36672525742346     
         146   1.81187024230605     
         147   1.96384705702553     
         148   1.95000678599377     
         149   1.76023659048183     
         150   1.68628135693788     
         151   1.70861982281280     
         152   1.52415149355653     
         153   1.43898731708882     
         154   1.32592023508342     
         155   1.33625050890580     
         156   1.20447839116602     
         157   1.18885254940554     
         158   1.08691258403850     
         159   1.02425277037511     
         160  0.970379287048361     
         161  0.905123144003244     
         162  0.837988774533143     
         163  0.790862549803225     
         164  0.754395461267332     
         165  0.664875732002353     
         166  0.636215929547338     
         167  0.554294820672881     
         168  0.498170178707553     
         169  0.443516577742007     
         170  0.416123724972015     
         171  0.355834714950844     
         172  0.316369557469133     
         173  0.269710408767439     
         174  0.236098488321975     
         175  0.206665531631813     
         176  0.184693507312082     
         177  0.153576225072150     
         178  0.130929406713579     
         179  0.117055917302225     
         180  0.103236109102827     
         181  9.303141352208479E-002
         182  8.178534988108176E-002
         183  7.280797672856977E-002
         184  6.787059436313773E-002
         185  6.520452024354563E-002
         186  6.207800045134869E-002
         187  6.087108417263096E-002
         188  5.850109677898311E-002
         189  5.846670025172915E-002
         190  6.196172610896582E-002
         191  6.506509693565055E-002
         192  6.120668383570056E-002
         193  6.202329452421026E-002
         194  6.303620248865928E-002
         195  6.131721329840396E-002
         196  6.298674771385611E-002
         197  6.032177601931209E-002
         198  5.917518686741930E-002
         199  5.538786695695453E-002
         200  5.280409216401272E-002
         201  5.252048839104145E-002
         202  5.091356502111306E-002
         203  4.662721231701390E-002
         204  4.498190114737314E-002
         205  4.299160465373732E-002
         206  3.915593112544579E-002
         207  3.616637455385224E-002
         208  3.530425628406591E-002
         209  3.157382585804652E-002
         210  3.063428468610593E-002
         211  2.827052478728846E-002
         212  2.722021514249897E-002
         213  2.683028151194142E-002
         214  2.530768373460675E-002
         215  2.399323190441822E-002
         216  2.432068147506582E-002
         217  2.445318743359595E-002
         218  2.399244794396406E-002
         219  2.372223380042730E-002
         220  2.395637069472765E-002
         221  2.400455552206353E-002
         222  2.494926535520858E-002
         223  2.500222779374061E-002
         224  2.529709428835048E-002
         225  2.488778008255492E-002
         226  2.427511201584476E-002
         227  2.514942649686167E-002
         228  2.424949509678581E-002
         229  2.424244171890565E-002
         230  2.442688335939523E-002
         231  2.337532366064073E-002
         232  2.267180650846028E-002
         233  2.239697893706309E-002
         234  2.061386703858655E-002
         235  2.012926448593177E-002
         236  1.892367315049468E-002
         237  1.771139476811862E-002
         238  1.664836264167943E-002
         239  1.539709841488632E-002
         240  1.407747953006944E-002
         241  1.326662427394134E-002
         242  1.199230223826058E-002
         243  1.141955417371377E-002
         244  1.029081594245615E-002
         245  9.404109872356542E-003
         246  8.827479143935535E-003
         247  8.386903837044615E-003
         248  7.503763002505295E-003
         249  7.238047798420318E-003
         250  6.997204097206695E-003
         251  6.440194484339487E-003
         252  6.664229574675213E-003
         253  6.275726220804072E-003
         254  6.238285011954728E-003
         255  6.206787346310095E-003
         256  6.249842158916878E-003
         257  6.433402364224262E-003
         258  6.312326891517283E-003
         259  6.326535441642431E-003
         260  6.617989556045026E-003
         261  6.485515090146382E-003
         262  6.296011064636317E-003
         263  6.216016145446507E-003
         264  6.312756836560465E-003
         265  6.163813794379558E-003
         266  5.946262624522356E-003
         267  5.879972068336160E-003
         268  5.811789761456423E-003
         269  5.431607367676096E-003
         270  5.292898068072645E-003
         271  5.147625988018204E-003
         272  4.890841617171873E-003
         273  4.452369513453584E-003
         274  4.235963110913266E-003
         275  4.152333480584985E-003
         276  3.833066697269708E-003
         277  3.727437001867704E-003
         278  3.567211619108030E-003
         279  3.282583984486856E-003
         280  3.115318471171127E-003
         281  3.047541731211911E-003
         282  2.857116007142147E-003
         283  2.920531735496524E-003
         284  2.791418487757400E-003
         285  2.686847301166989E-003
         286  2.672152040919442E-003
         287  2.631369499737055E-003
         288  2.726899332580773E-003
         289  2.629640023241825E-003
         290  2.688982281236771E-003
         291  2.687510789235307E-003
         292  2.640062304932420E-003
         293  2.621627956281561E-003
         294  2.673998555412521E-003
         295  2.723253160731771E-003
         296  2.658167716531600E-003
         297  2.629971718606421E-003
         298  2.506496033280973E-003
         299  2.486182611162135E-003
         300  2.481208029561082E-003
         301  2.373948721185017E-003
         302  2.297833205881426E-003
         303  2.244565966628515E-003
         304  2.187106762270281E-003
         305  2.147332014937676E-003
         306  2.039203134372105E-003
         307  1.847215283870154E-003
         308  1.638893820695400E-003
         309  1.484540825226094E-003
         310  1.336622847601663E-003
         311  1.249705874096853E-003
         312  1.117442484538140E-003
         313  1.049399246731708E-003
         314  9.886028270296755E-004
         315  9.381143608781291E-004
         316  9.294565065916518E-004
         317  8.914478882301706E-004
         318  8.958727064326156E-004
         319  8.925955158482875E-004
         320  9.104599557236728E-004
         321  8.238052205978040E-004
         322  7.979413609125045E-004
         323  7.738716801523095E-004
         324  7.633264989247421E-004
         325  7.092057968799232E-004
         326  6.426239984289125E-004
         327  6.273673390386086E-004
         328  5.210438416237645E-004
         329  5.484756431461853E-004
         330  4.687782837506489E-004
         331  4.719758514047381E-004
         332  4.653395769564753E-004
         333  4.231626487576420E-004
         334  3.975566886414310E-004
         335  3.578145575588802E-004
         336   6.75376971206212     
         337   5.67925779081088     
         338   5.12363167310020     
         339   3.80775197456675     
         340   3.18388282941024     
         341   3.37720398525179     
         342   2.59394189883158     
         343   2.62797301300792     
         344   2.35346893161664     
         345   1.87640040395644     
         346   2.03302223237182     
         347   1.97029194468547     
         348   1.75941217530151     
         349   1.74008127304693     
         350   1.70435585242248     
         351   1.56831650423999     
         352   1.44815341447707     
         353   1.34079067444248     
         354   1.33991434058152     
         355   1.19044594259939     
         356   1.19336472062510     
         357   1.10906734768989     
         358   1.01650150002833     
         359  0.969255865063203     
         360  0.905530315296511     
         361  0.845499820454304     
         362  0.804728292324951     
         363  0.766804380772831     
         364  0.671907824556103     
         365  0.641567589072269     
         366  0.560871854083779     
         367  0.499180864139460     
         368  0.444608408762464     
         369  0.413970483554716     
         370  0.355745105896418     
         371  0.314773329234413     
         372  0.270614417837148     
         373  0.233937082271214     
         374  0.206445110706071     
         375  0.185321104793095     
         376  0.154890397197089     
         377  0.128939203141379     
         378  0.117040063106937     
         379  0.103450004937747     
         380  9.266840403002184E-002
         381  8.256541876862936E-002
         382  7.311068680297600E-002
         383  6.889088172107004E-002
         384  6.457203529210938E-002
         385  6.274492439613920E-002
         386  6.155914145469645E-002
         387  5.867853001232455E-002
         388  5.981211289323839E-002
         389  6.255262817784343E-002
         390  6.459759817651363E-002
         391  6.238488410387971E-002
         392  6.223150683724363E-002
         393  6.266231615257473E-002
         394  6.166772863104653E-002
         395  6.359518256579086E-002
         396  6.061277889786505E-002
         397  5.925961024320923E-002
         398  5.527323422654377E-002
         399  5.291236254534173E-002
         400  5.289713966444091E-002
         401  5.086354710342644E-002
         402  4.657356354510207E-002
         403  4.467013690748975E-002
         404  4.318684729548243E-002
         405  3.950069128263872E-002
         406  3.665328300829391E-002
         407  3.549317528695473E-002
         408  3.163792104325840E-002
         409  3.091682076216104E-002
         410  2.825318317878621E-002
         411  2.745187299850928E-002
         412  2.714553773762265E-002
         413  2.533317724026006E-002
         414  2.399819953080108E-002
         415  2.435202211716113E-002
         416  2.438119379007473E-002
         417  2.444315421318496E-002
         418  2.387622605898606E-002
         419  2.412128949485008E-002
         420  2.395657405392384E-002
         421  2.506523339929379E-002
         422  2.504610116532402E-002
         423  2.530110227847796E-002
         424  2.500448709649211E-002
         425  2.431173575069900E-002
         426  2.516328969670471E-002
         427  2.416666006292988E-002
         428  2.424464399494370E-002
         429  2.456742084160176E-002
         430  2.340756834302861E-002
         431  2.284262244400909E-002
         432  2.238998240093798E-002
         433  2.053925116834114E-002
         434  2.005458788927318E-002
         435  1.904188454968612E-002
         436  1.776200459311508E-002
         437  1.667768068577606E-002
         438  1.536909934134268E-002
         439  1.418419215400893E-002
         440  1.337964699729621E-002
         441  1.195546552616737E-002
         442  1.145105655412931E-002
         443  1.030941886330019E-002
         444  9.457758889191746E-003
         445  8.811297311308424E-003
         446  8.364070192839843E-003
         447  7.518753706906451E-003
         448  7.329827500163482E-003
         449  6.966345943778244E-003
         450  6.445064846240375E-003
         451  6.763906102020068E-003
         452  6.377979151285958E-003
         453  6.217639564711950E-003
         454  6.214952586795573E-003
         455  6.338593224247490E-003
         456  6.467821162799911E-003
         457  6.305218167588125E-003
         458  6.346206407584330E-003
         459  6.639820387912646E-003
         460  6.510304401818596E-003
         461  6.332812956239295E-003
         462  6.222685467322619E-003
         463  6.330274421545646E-003
         464  6.173963516741024E-003
         465  5.991713946721457E-003
         466  5.899418600027676E-003
         467  5.837678143484511E-003
         468  5.463737400406481E-003
         469  5.331239220944901E-003
         470  5.238011648710012E-003
         471  4.892144000805625E-003
         472  4.448020045861665E-003
         473  4.289837083916718E-003
         474  4.211851056674359E-003
         475  3.871237778905840E-003
         476  3.773232584339750E-003
         477  3.518338441085052E-003
         478  3.275094926255075E-003
         479  3.136024220263166E-003
         480  3.061098974215734E-003
         481  2.916175453267101E-003
         482  2.933603514806903E-003
         483  2.801336755864481E-003
         484  2.671556166872974E-003
         485  2.660178497816045E-003
         486  2.662837702236772E-003
         487  2.740804928969324E-003
         488  2.626682436925672E-003
         489  2.687800512916991E-003
         490  2.696075258017589E-003
         491  2.677123580562654E-003
         492  2.610419367342318E-003
         493  2.692857052450949E-003
         494  2.735524090353824E-003
         495  2.677236635656449E-003
         496  2.619095677414402E-003
         497  2.535026957005130E-003
         498  2.527671293776211E-003
         499  2.464927333096032E-003
         500  2.368823417865823E-003
         501  2.316742322038707E-003
         502  2.242257349659254E-003
         503  2.177055235333812E-003
         504  2.116802411842470E-003
         505  2.020901731894897E-003
         506  1.874202193438833E-003
         507  1.646563621088027E-003
         508  1.509292329843659E-003
         509  1.362337827903181E-003
         510  1.235916867619693E-003
         511  1.115033137086875E-003
         512  1.038585241861724E-003
         513  1.001979018767283E-003
         514  9.705838350010799E-004
         515  9.433268958290846E-004
         516  9.172429684949450E-004
         517  9.252250362742840E-004
         518  8.908058109265734E-004
         519  9.133339336618013E-004
         520  8.243081003148254E-004
         521  8.206819489021130E-004
         522  7.900687844849116E-004
         523  7.575758918343287E-004
         524  7.072497009194368E-004
         525  6.381196112012763E-004
         526  6.046065760999102E-004
         527  5.509420387243632E-004
         528  5.212296677410170E-004
         529  4.842647827744704E-004
         530  4.851506037805822E-004
         531  4.611142318630107E-004
         532  4.259148730746815E-004
         533  4.029100236776802E-004
         534  4.102358141461605E-004
         535  4.109372353172772E-004
         536  3.946594057125941E-004
         537  3.656128785747927E-004
         538  3.467995131215054E-004
         539  3.256657540385674E-004
         540  2.608228431532477E-004
         541  2.480046249991428E-004
         542  2.162874186445355E-004
         543  1.785362751887505E-004
         544  1.636399189860637E-004
         545  1.707798054484687E-004
         546  1.438867033505897E-004
         547  1.504639561257902E-004
         548  1.150428388074730E-004
         549  1.422801880718898E-004
         550  1.272659491769932E-004
         551   7.49076399379769     
         552   6.16001900755270     
         553   5.37054692101049     
         554   3.99889714417316     
         555   3.51031644631259     
         556   3.69207926053259     
         557   2.74068569966396     
         558   2.74417324706011     
         559   2.41374328428479     
         560   2.01036931210401     
         561   2.14751878727206     
         562   2.03858676158215     
         563   1.79491133898990     
         564   1.83259642885753     
         565   1.72064401295807     
         566   1.62647976776658     
         567   1.47834832114991     
         568   1.37732389829814     
         569   1.36541502841822     
         570   1.20281264260668     
         571   1.21675701643583     
         572   1.14325632726471     
         573   1.03307055084684     
         574  0.982344436451941     
         575  0.912483722194432     
         576  0.853413640333220     
         577  0.823195276769606     
         578  0.787532782530065     
         579  0.682105771191509     
         580  0.649124517814385     
         581  0.573540727049472     
         582  0.505168524181760     
         583  0.451005882873624     
         584  0.417464128734824     
         585  0.361952995489657     
         586  0.320570438095488     
         587  0.273197607771171     
         588  0.236556924549986     
         589  0.209897385350897     
         590  0.189248483766888     
         591  0.158435221377722     
         592  0.130784559486411     
         593  0.119902869466353     
         594  0.106355528721977     
         595  9.462011537175431E-002
         596  8.537566188972234E-002
         597  7.541988598739646E-002
         598  7.215401855289727E-002
         599  6.651976023609640E-002
         600  6.489604838140958E-002
         601  6.363344140861878E-002
         602  6.055939448613392E-002
         603  6.239903374209878E-002
         604  6.436674937987243E-002
         605  6.540340830434423E-002
         606  6.487424311468390E-002
         607  6.372815813887611E-002
         608  6.374807746983023E-002
         609  6.321736080015619E-002
         610  6.497361032571237E-002
         611  6.203917038776065E-002
         612  6.038305273552935E-002
         613  5.626891297233820E-002
         614  5.414449740591306E-002
         615  5.441512111370919E-002
         616  5.167438088028795E-002
         617  4.738620059567068E-002
         618  4.530132444771132E-002
         619  4.422650609024915E-002
         620  4.036207074419862E-002
         621  3.783241170444868E-002
         622  3.629662479490865E-002
         623  3.232877075036839E-002
         624  3.195221472780743E-002
         625  2.886482641345871E-002
         626  2.836589180609808E-002
         627  2.788279648409782E-002
         628  2.596010003655596E-002
         629  2.450138000827458E-002
         630  2.489030399570058E-002
         631  2.498138275079392E-002
         632  2.523986421822600E-002
         633  2.448338641990965E-002
         634  2.476314125356382E-002
         635  2.431775056995815E-002
         636  2.563561141755465E-002
         637  2.545284702515134E-002
         638  2.576136007407664E-002
         639  2.573989478797267E-002
         640  2.484010613263997E-002
         641  2.565021094772325E-002
         642  2.464155326675002E-002
         643  2.462647066445470E-002
         644  2.507408881654566E-002
         645  2.384289488893236E-002
         646  2.331498800540437E-002
         647  2.270977948556511E-002
         648  2.084838845445568E-002
         649  2.041025669047628E-002
         650  1.958884122521309E-002
         651  1.817358516329454E-002
         652  1.714117225116338E-002
         653  1.566274346949206E-002
         654  1.460025574919719E-002
         655  1.379069992643271E-002
         656  1.229458019277831E-002
         657  1.184281641290547E-002
         658  1.060180002035332E-002
         659  9.808624486870442E-003
         660  9.123817556619366E-003
         661  8.665447797738261E-003
         662  7.802324772389044E-003
         663  7.713211243252796E-003
         664  7.302593604155399E-003
         665  6.800785857635874E-003
         666  7.189299058974992E-003
         667  6.774782967276944E-003
         668  6.454630360841508E-003
         669  6.452634237724545E-003
         670  6.683710938836919E-003
         671  6.723869927101086E-003
         672  6.569739373256114E-003
         673  6.611233056112532E-003
         674  6.922917522089501E-003
         675  6.800463723897704E-003
         676  6.603512060726608E-003
         677  6.494204682798010E-003
         678  6.595189584982201E-003
         679  6.401596238916694E-003
         680  6.230520352136493E-003
         681  6.165616847041894E-003
         682  6.108400239178476E-003
         683  5.689003937548722E-003
         684  5.588304891334428E-003
         685  5.516183517847400E-003
         686  5.081940845030552E-003
         687  4.656841331703716E-003
         688  4.554424255796892E-003
         689  4.474587075580969E-003
         690  4.110764988762831E-003
         691  4.001024414199229E-003
         692  3.715348443583480E-003
         693  3.483000640707935E-003
         694  3.377133032152170E-003
         695  3.266594895666962E-003
         696  3.168329597453303E-003
         697  3.139076313224262E-003
         698  2.998813215705799E-003
         699  2.872869745249568E-003
         700  2.853862767420302E-003
         701  2.878701649371749E-003
         702  2.937797261205139E-003
         703  2.823408994755744E-003
         704  2.858894227085227E-003
         705  2.906252423787803E-003
         706  2.869881288517287E-003
         707  2.778526321625596E-003
         708  2.907723129657168E-003
         709  2.893785581074005E-003
         710  2.879384602305532E-003
         711  2.783418969163790E-003
         712  2.709860197392822E-003
         713  2.766077147513083E-003
         714  2.609231353257942E-003
         715  2.507071877261520E-003
         716  2.449420530437589E-003
         717  2.382108443315665E-003
         718  2.338792513875444E-003
         719  2.230696608886175E-003
         720  2.170644397097934E-003
         721  2.043521885607978E-003
         722  1.806626903245008E-003
         723  1.659355984059259E-003
         724  1.530575615780768E-003
         725  1.376649438314892E-003
         726  1.268737423835559E-003
         727  1.190991085723885E-003
         728  1.164963631744367E-003
         729  1.096878966601671E-003
         730  1.104773144529933E-003
         731  1.062721837579317E-003
         732  1.097707327083043E-003
         733  1.037626254698531E-003
         734  1.030804537236708E-003
         735  9.752400728329697E-004
         736  9.535245012929680E-004
         737  9.564811264171108E-004
         738  8.544884064444040E-004
         739  8.236930528919213E-004
         740  7.567022254470192E-004
         741  7.371071686931595E-004
         742  6.780997277565503E-004
         743  6.317912618868092E-004
         744  6.095961224763095E-004
         745  6.195878221275647E-004
         746  5.767915009262718E-004
         747  5.527675436020879E-004
         748  5.571744934046602E-004
         749  5.309900691877206E-004
         750  5.503032292723098E-004
         751  5.268731088197479E-004
         752  4.789090422822556E-004
         753  4.445014596279430E-004
         754  4.301722239567749E-004
         755  3.862339630197476E-004
         756  3.212093798283913E-004
         757  3.073502399778917E-004
         758  2.969123681680376E-004
         759  2.955110736197057E-004
         760  2.790901127209500E-004
         761  2.816826806727734E-004
         762  2.895825387335955E-004
         763  2.414762762794049E-004
         764  2.195465583774605E-004
         765  2.129320803277482E-004
         766  1.419711489346631E-003
         767  7.929510790942159E-004
         768  8.761280049430554E-004
         769  5.975235526713197E-004
         770  6.558380109761798E-004
         771  7.473648516515551E-004
         772  7.102043858458516E-004
         773  6.306593898424204E-004
         774  6.282684526311952E-004
         775  5.497239083428056E-004
         776  6.712169826294343E-004
         777  4.858988602585464E-004
         778  6.200821772198308E-004
         779  4.093547797466558E-004
         780  5.602982956320899E-004
         781  5.024344287883761E-004
         782  5.526562318232635E-004
         783  4.712788867675532E-004
         784  3.382457339839272E-004
         785  2.870867125090991E-004
         786  3.277663241857598E-004
         787  2.402365168729956E-004
         788  2.016887362855165E-004
         789  1.206988003959955E-004
         790  1.781873526210806E-004
         791  1.191337553781477E-004
         792  1.809344695885208E-004
         793  1.187608974079162E-004
         794  1.939647918258168E-004
         795  1.919572402114877E-004
         796  2.558380265622707E-004
         797  3.253123986385852E-004
         798  3.451082962097006E-004
         799  4.347753796540239E-004
         800  4.586715511349504E-004
         801  6.029008017452060E-004
         802  6.318629054290486E-004
         803  7.053683145606723E-004
         804  7.510079828531994E-004
         805  8.953902916998046E-004
         806  8.850378618237813E-004
         807  8.151118860344289E-004
         808  9.389573266965342E-004
         809  8.602701693475984E-004
         810  9.291424503285127E-004
         811  9.657441149287066E-004
         812  9.084202206152319E-004
         813  8.435453563313993E-004
         814  7.481717420216308E-004
         815  6.879004083620300E-004
         816  6.806175567807837E-004
         817  6.478485884146286E-004
         818  5.697326177474052E-004
         819  4.934232289134774E-004
         820  4.077580519715059E-004
         821  3.271484175670940E-004
         822  2.756343290564347E-004
         823  2.607739359961485E-004
         824  2.131465435275299E-004
         825  2.081767909943622E-004
         826  1.797851911391871E-004
         827  1.402882446871928E-004
         828  2.138154068937882E-004
         829  1.898910026769945E-004
         830  1.914930794090084E-004
         831  1.370214739874473E-004
         832  2.587719131356611E-004
         833  2.915449801085307E-004
         834  2.974665239125666E-004
         835  3.138562544176336E-004
         836  4.077996790433766E-004
         837  4.597646643369071E-004
         838  3.603504368578028E-004
         839  4.809516916664643E-004
         840  4.912744097615006E-004
         841  5.226842467736356E-004
         842  4.750406238056535E-004
         843  4.751795146750361E-004
         844  5.656370839688413E-004
         845  5.264739304287235E-004
         846  5.094615489858388E-004
         847  4.128246033823448E-004
         848  4.427339833324076E-004
         849  4.418327167514228E-004
         850  3.996834825269763E-004
         851  3.218592600271426E-004
         852  2.490824241656919E-004
         853  2.622044883453864E-004
         854  2.194726474144982E-004
         855  1.666467862801460E-004
         856  1.885845551795388E-004
         857  1.193324235116844E-004
         858  1.650800138116053E-004
         859  1.463768288974029E-004
         860  1.712811043975829E-004
         861  9.325189964417250E-005
         862  1.662203768767364E-004
         863  9.636308115371126E-005
         864  1.483577167378242E-004
         865  7.148089934110949E-005
         866  1.737344975273349E-004
         867  1.997933319077250E-004
         868  1.453613044511542E-004
         869  1.717505534437426E-004
         870  1.531685481713889E-004
         871  2.828283160246914E-004
         872  1.868057253702408E-004
         873  2.591792526821614E-004
         874  2.463670258563518E-004
         875  3.021847143522655E-004
         876  2.816255456944590E-004
         877  2.998565885395278E-004
         878  1.863191073803687E-004
         879  3.232334118334507E-004
         880  1.039859908899550E-003
         881  1.025141696514137E-003
         882  6.329637201044932E-004
         883  8.285594312414279E-004
         884  5.663885456468457E-004
         885  4.807681232277630E-004
         886  5.931323465689592E-004
         887  6.017431308500931E-004
         888  5.741453241690893E-004
         889  5.832672451241119E-004
         890  5.621884104145821E-004
         891  4.862535490642501E-004
         892  6.774797065451170E-004
         893  4.501691700464052E-004
         894  5.306190253930053E-004
         895  4.827390603394430E-004
         896  4.907152575855913E-004
         897  4.093377256052608E-004
         898  3.870249610326591E-004
         899  3.041451991708761E-004
         900  2.798886537714150E-004
         901  1.955861226267275E-004
         902  2.320584896890670E-004
         903  1.608008586445455E-004
         904  1.273775923374440E-004
         905  1.164470986526725E-004
         906  1.083485678030148E-004
         907  1.309491841776632E-004
         908  1.547709861360070E-004
         909  2.219795782851698E-004
         910  1.996515497588767E-004
         911  3.140870722427929E-004
         912  3.499180142878767E-004
         913  4.632390772152105E-004
         914  4.411692310192766E-004
         915  6.051238612151870E-004
         916  6.524075185873068E-004
         917  6.933470653204468E-004
         918  7.774971659340629E-004
         919  8.779606287045021E-004
         920  9.048456464429226E-004
         921  8.275547513842813E-004
         922  9.367913375544323E-004
         923  8.568932533743911E-004
         924  9.634438425767129E-004
         925  9.223820210711074E-004
         926  9.207206097044641E-004
         927  8.185266555978246E-004
         928  7.803084864676663E-004
         929  6.888002668100288E-004
         930  6.433029878328706E-004
         931  6.290942302816718E-004
         932  5.640991102448098E-004
         933  4.889850366642611E-004
         934  4.347231522047424E-004
         935  3.125880858306629E-004
         936  3.143509753442695E-004
         937  2.580300413283492E-004
         938  2.022772484245832E-004
         939  2.108967818047829E-004
         940  1.770555016043107E-004
         941  1.368865955298187E-004
         942  1.315952193335854E-004
         943  1.925262374221920E-004
         944  1.689034921079774E-004
         945  2.181867870087404E-004
         946  2.329836223983023E-004
         947  3.077369139422736E-004
         948  2.835121659647210E-004
         949  3.183433465038574E-004
         950  3.828612169935674E-004
         951  4.327052804128734E-004
         952  4.272706886311552E-004
         953  5.043763376337980E-004
         954  5.143139083254629E-004
         955  4.969602632404523E-004
         956  4.860559087330709E-004
         957  5.430875769511817E-004
         958  4.934327618572939E-004
         959  5.353012622367281E-004
         960  5.247158481916584E-004
         961  4.737898402648665E-004
         962  4.444231864484091E-004
         963  4.070972905854930E-004
         964  4.116931802232803E-004
         965  3.182781090678262E-004
         966  2.984306327482696E-004
         967  2.517654396163220E-004
         968  2.010062234810296E-004
         969  2.211166320822164E-004
         970  1.728300468379095E-004
         971  2.134352293617990E-004
         972  1.529425460757813E-004
         973  1.419265668760667E-004
         974  4.828395951134220E-005
         975  1.135379688624193E-004
         976  9.493629842679205E-005
         977  1.326726127930443E-004
         978  1.411370125424484E-004
         979  1.467012772651069E-004
         980  1.269564928006037E-004
         981  2.231877723067458E-004
         982  1.847001663361881E-004
         983  1.737483064808026E-004
         984  2.539251500908151E-004
         985  2.377072989620307E-004
         986  3.000545562538406E-004
         987  2.580758499188941E-004
         988  3.007924864611822E-004
         989  3.143452563722808E-004
         990  2.623001012135085E-004
         991  2.688346510054438E-004
         992  2.596647586460381E-004
         993  2.877451402485401E-004
         994  1.916158458283598E-004
         995  1.351695317839635E-004
         996  1.494361306093028E-004
         997  1.274803340736929E-004
         998  1.605018025916881E-004
         999  1.523237307674720E-004
        1000  2.262570347207879E-004
        1001  2.043704073086442E-004
        1002  2.955805934405525E-004
        1003  2.840108995567664E-004
        1004  3.117622159078137E-004
        1005  3.744422634361160E-004
        1006  3.821504322390844E-004
        1007  4.565451936284324E-004
        1008  4.747359598946550E-004
        1009  4.800231362303407E-004
        1010  4.001992511755838E-004
        1011  4.693011938886721E-004
        1012  5.029744876267007E-004
        1013  4.782704508717194E-004
        1014  4.699980254878980E-004
        1015  4.608641204023774E-004
        1016  4.410182476437320E-004
        1017  4.315787964147758E-004
        1018  4.324724283264012E-004
        1019  3.519702080402996E-004
        1020  3.014629662254888E-004
        1021  3.084911603586108E-004
        1022  2.511410439482403E-004
        1023  2.091642170750161E-004
        1024  1.987840452306027E-004
        1025  2.127956671158509E-004
        1026  1.249650420256758E-004
        1027  1.760170108891959E-004
        1028  1.479099459583142E-004
        1029  1.244205627899380E-004
        1030  1.318753243373046E-004
        1031  9.493071286873612E-005
        1032  1.113070657013631E-004
        1033  1.097170814922249E-004
        1034  1.569390008641473E-004
        1035  1.548434469878593E-004
        1036  1.396880200886040E-004
        1037  2.376194837818657E-004
        1038  1.716494154137028E-004
        1039  1.896429006732579E-004
        1040  2.243839103434308E-004
        1041  2.707353045281317E-004
        1042  2.650948126497414E-004
        1043  2.646385598806867E-004
        1044  2.337050709587379E-004
        1045  2.496221725819221E-004
        1046  1.966536730486875E-004
        1047  2.177718373003228E-004
        1048  2.643492089240451E-004
        1049  2.270649951861399E-003
        1050  1.375249504670943E-003
        1051  1.035166210738593E-003
        1052  1.087330020921367E-003
        1053  9.119834804000247E-004
        1054  8.342724065830664E-004
        1055  9.205040132835249E-004
        1056  7.688782191703335E-004
        1057  5.666819655074842E-004
        1058  7.425745315153649E-004
        1059  5.908017823399764E-004
        1060  5.728552640903369E-004
        1061  7.088432394875350E-004
        1062  5.498417087566167E-004
        1063  5.677541367918622E-004
        1064  5.644178084230225E-004
        1065  5.209549449140807E-004
        1066  4.796754861820325E-004
        1067  4.165327367020961E-004
        1068  3.511336207286299E-004
        1069  2.989593335067662E-004
        1070  2.323909524223927E-004
        1071  1.967444157581044E-004
        1072  2.303241827894030E-004
        1073  1.643119926457064E-004
        1074  1.306828418527906E-004
        1075  1.519213933848580E-004
        1076  1.217352748832801E-004
        1077  1.437928834920576E-004
        1078  1.946854932103235E-004
        1079  2.522662710268617E-004
        1080  2.892702164312543E-004
        1081  3.572698900586779E-004
        1082  4.288391495804483E-004
        1083  5.005716619289187E-004
        1084  6.139864541994582E-004
        1085  6.580721349975729E-004
        1086  7.677777208615591E-004
        1087  8.114418338119303E-004
        1088  9.059911896842601E-004
        1089  8.718178614502550E-004
        1090  9.329067414501491E-004
        1091  9.197291408316928E-004
        1092  9.547066826435209E-004
        1093  9.697501277458801E-004
        1094  9.000266374350696E-004
        1095  9.354987723924583E-004
        1096  8.503971878221756E-004
        1097  8.452223415087483E-004
        1098  7.142717342010645E-004
        1099  6.817186143663617E-004
        1100  6.618090685018076E-004
        1101  5.329502775324806E-004
        1102  4.480922126019132E-004
        1103  4.392692389516395E-004
        1104  3.598229011590210E-004
        1105  3.325483308388589E-004
        1106  2.984928323054830E-004
        1107  2.271253603938960E-004
        1108  2.059941817965114E-004
        1109  1.811375670055812E-004
        1110  1.602308905890639E-004
        1111  1.709517287988366E-004
        1112  1.862319148940488E-004
        1113  1.941965869221609E-004
        1114  2.183188684084713E-004
        1115  2.439182603532690E-004
        1116  2.808423327811698E-004
        1117  2.804698490419917E-004
        1118  3.326262177837183E-004
        1119  3.593702711488370E-004
        1120  4.549131499152818E-004
        1121  4.448723869247483E-004
        1122  4.621602127409373E-004
        1123  5.139306530377983E-004
        1124  5.030452268718165E-004
        1125  5.358487102039033E-004
        1126  5.106478972898616E-004
        1127  5.209402099495965E-004
        1128  5.220515875626141E-004
        1129  4.851560416175342E-004
        1130  4.937164235560567E-004
        1131  4.640906759643077E-004
        1132  4.140650421666124E-004
        1133  3.729456643874245E-004
        1134  3.208092781362783E-004
        1135  3.264759136847461E-004
        1136  2.909486326205470E-004
        1137  2.344254693144106E-004
        1138  2.105607141737302E-004
        1139  1.760584746767779E-004
        1140  1.701109367131897E-004
        1141  1.697047515716188E-004
        1142  1.386000547420847E-004
        1143  1.492590799740063E-004
        1144  1.155499273251472E-004
        1145  1.488606159987034E-004
        1146  1.344014617940315E-004
        1147  1.411406113622717E-004
        1148  1.670201859446660E-004
        1149  1.664197865528792E-004
        1150  1.693112606010586E-004
        1151  1.912432922181596E-004
        1152  1.915882581637743E-004
        1153  2.355263199602711E-004
        1154  2.532534896423681E-004
        1155  2.846549680762823E-004
        1156  2.936539410372566E-004
        1157  2.641876107502269E-004
        1158  2.724494789851761E-004
        1159  3.158856036835442E-004
        1160  2.868944165403910E-004
        1161  2.959911883875429E-004
        1162  2.982068458569938E-004
        1163  2.878850273946064E-004
        1164  3.157797879063514E-004
        1165  2.644821907450963E-004
        1166  2.399774602351202E-004
        1167  2.379086520165444E-004
        1168  2.406909899103395E-004
        1169  2.495273413210645E-004
        1170  1.379503848078027E-004
        1171  1.461376924795695E-004
        1172  7.931771950050982E-005
        1173  1.307670243923988E-004
        1174  1.031413916959456E-004
        1175  1.003456175743257E-004
        1176  8.539327017821272E-005
        1177  1.195394754929456E-004
        1178  6.472046228094882E-005
        1179  6.120531101038600E-005
        1180  2.368864924959951E-005
        1181  3.224221739603462E-005
        1182  8.590124225235362E-005
        1183  7.946208371160783E-005
        1184  8.581433914171413E-005
        1185  1.062421195573726E-004
        1186  9.293969137364038E-005
        1187  1.031258218356170E-004
        1188  1.095588537690338E-004
        1189  1.003239112277846E-004
        1190  9.124988943885652E-005
        1191  1.507155233212543E-004
        1192  1.607181631300158E-004
        1193  1.003160014737303E-004
        1194  8.838271085871780E-005
        1195  1.407363180375611E-004
        1196  1.397512262009843E-004
        1197  1.430239129740252E-004
        1198  1.662701052177370E-004
        1199  6.048776028371753E-005
        1200  1.359382266402043E-004
        1201  1.089934835917990E-004
        1202  5.976079604257045E-005
        1203  9.585546839558951E-005
        1204  5.320424610593796E-005
        1205  5.141147483734393E-005
        1206  1.170007690640589E-004
        1207  1.254751257518105E-004
        1208 -3.659382607682824E-005
        1209  9.015177222532245E-005
        1210  7.096297700307972E-005
        1211 -4.264347580780556E-006
        1212  5.073713592912528E-005
        1213  4.590422123816668E-005
        1214  6.255194702479099E-005
        1215  3.219466851509698E-005
        1216  3.715383544707888E-005
        1217  7.929339432595461E-005
        1218 -4.151603057035176E-005
        1219  7.867621656866653E-005
        1220  4.755721212912805E-005
        1221  5.059539369033965E-005
        1222  6.164637512460133E-005
        1223  2.258877584292414E-005
        1224  1.020862159888734E-004
        1225  5.674187726017528E-005
        1226  5.060761544595866E-005
        1227  8.305702117417246E-005
        1228  3.592691012958421E-005
        1229  1.279703340567128E-004
        1230  9.778509111006441E-005
        1231  2.112352512516150E-005
        1232  3.969763225361990E-005
        1233  2.800064603261415E-005
        1234  1.098794666297000E-004
        1235 -6.520281181438816E-005
        1236  6.186628995481727E-005
        1237  1.114737149557730E-004
        1238  5.034653815281769E-005
        1239  1.600603357980222E-004
        1240  8.116370305916439E-006
        1241  5.229486948316650E-005
        1242 -1.419029485073223E-004
        1243  1.531369431494603E-004
        1244 -2.743647354856741E-005
        1245 -2.320442748855995E-004
        1246  3.499670640638193E-005
        1247  9.022372382150297E-005
        1248  1.948404335787288E-004
        1249  1.917715092049288E-004
        1250  1.680587334112443E-004
        1251  1.362214639103885E-004
        1252  1.812640290823752E-004
        1253  1.759108216896464E-004
        1254  2.252735305132001E-004
        1255  2.165070561997762E-004
        1256  2.829051803388160E-004
        1257  2.682648314263760E-004
        1258  3.190213080782578E-004
        1259  3.874469655915544E-004
        1260  4.166628186963975E-004
        1261  3.880824355619381E-004
        1262  4.363847404465207E-004
        1263  5.014857219264094E-004
        1264  4.726024996891707E-004
        1265  5.228522107036069E-004
        1266  5.000470670052469E-004
        1267  4.705480951244535E-004
        1268  4.725729283469710E-004
        1269  5.252074814876671E-004
        1270  4.495061456238973E-004
        1271  4.567478436141604E-004
        1272  3.660977029535190E-004
        1273  3.660527356249889E-004
        1274  3.187463574518990E-004
        1275  3.111032043100523E-004
        1276  2.647053955216813E-004
        1277  2.572557579226045E-004
        1278  1.930981206929490E-004
        1279  2.238864107598914E-004
        1280  1.743464847261649E-004
        1281  1.447773598586160E-004
        1282  1.181664614963612E-004
        1283  1.121616634791547E-004
        1284  9.717484288964724E-005
        1285  1.181198744569048E-004
        1286  8.746450592711914E-005
        1287  1.280644147300644E-004
        1288  1.285218271484395E-004
        1289  1.332771525490546E-004
        1290  1.677574170027359E-004
        1291  1.923196833090749E-004
        1292  1.846053209011461E-004
        1293  2.267945355498411E-004
        1294  2.235506113937772E-004
        1295  2.240546775541308E-004
        1296  2.624832348064275E-004
        1297  2.327953953126869E-004
        1298  2.562790273635389E-004
        1299  2.660043567813039E-004
        1300  2.764643647035387E-004
        1301  2.321309219641493E-004
        1302  2.414133761173891E-004
        1303  2.416523948915055E-004
        1304  2.634933233367235E-004
        1305  2.752522813860728E-004
        1306  2.213942366068483E-004
        1307  2.032275786116158E-004
        1308  2.067282476312809E-004
        1309  2.087263638013266E-004
        1310  1.718785511490202E-004
        1311  1.291254913061163E-004
        1312  1.316183480424095E-004
        1313  1.428510988087651E-004
        1314  7.951277062544928E-005
        1315  7.377251782590978E-005
        1316  7.543568688633092E-005
        1317  4.978070974973971E-005
        1318  6.824912453267649E-005
        1319  7.211042668791612E-005
        1320  1.044581455128658E-004
        1321  6.466719430689190E-005
        1322  5.036170214665694E-005
        1323  4.920643650767120E-005
        1324  4.090419667235799E-005
        1325  8.993093070657736E-005
        1326  9.349631804913550E-005
        1327  6.089452199699131E-005
        1328  8.661861990067975E-005
        1329  1.173060450177687E-004
        1330  1.342115068837074E-004
        1331  1.112241141023352E-004
        1332  1.149442164349873E-004
        1333  1.125115754858254E-004
        1334  1.160922401101271E-004
        1335  1.140345161031545E-004
        1336  1.160629688180656E-004
        1337  9.157540954535380E-005
        1338  1.287959458679274E-004
        1339  1.148597856467412E-004
        1340  1.312568081244949E-004
        1341  7.071878932240215E-005
        1342  9.880741586031421E-005
        1343  5.575657733858101E-005
        1344  5.504639876457994E-005
        1345  8.351939782146183E-005
        1346  5.962344907414842E-005
        1347  7.656313339694545E-005
        1348  2.120264630094683E-005
        1349  5.609897149793326E-005
        1350  5.814465086490046E-005
        1351  5.827099602641285E-005
        1352  2.457113915425180E-005
        1353  2.033047330652851E-005
        1354  5.210274931704632E-005
        1355  6.058137150802132E-005
        1356  2.125169394451944E-005
        1357  2.821555589421055E-005
        1358 -6.987991883688186E-007
        1359  4.645012619755343E-005
        1360  3.328634525860062E-005
        1361  6.910591213581707E-005
        1362  2.422458989409645E-005
        1363  1.781466577963245E-005
        1364  5.817688181389328E-005
        1365  4.528847905833610E-005
        1366  6.073077534993246E-005
        1367  1.740441089150513E-005
        1368  4.231723684180855E-005
        1369  8.811726091971965E-005
        1370  3.326056693979132E-005
        1371 -1.038002695589629E-005
        1372  1.818165640443429E-005
        1373  7.920070025475476E-005
        1374  3.512043165191257E-005
        1375 -7.617766754097165E-006
        1376  2.211458788821209E-005
        1377  3.702272551552325E-005
        1378  1.637701130122544E-005
        1379 -2.292876816089949E-005
        1380  1.291197867810895E-004
        1381 -1.126035939909982E-005
        1382 -3.076502691028837E-005
        1383  1.127675424059956E-007
        1384  2.319930879087326E-005
        1385 -9.622290672179713E-005
        1386  8.493241258568200E-005
        1387  4.129949302600435E-005
        1388  1.902489185448401E-004
        1389  1.903887120038381E-004
        1390  1.398381743430642E-004
        1391  1.359897991216774E-004
        1392  1.949497265859579E-004
        1393  1.890914162406408E-004
        1394  2.548256049445893E-004
        1395  2.417136188403322E-004
        1396  2.665034963255656E-004
        1397  2.340695005881467E-004
        1398  3.628847892475272E-004
        1399  3.404992916624583E-004
        1400  4.172044880403058E-004
        1401  4.502366827946532E-004
        1402  4.875660617275347E-004
        1403  4.447598541566470E-004
        1404  5.129606811588508E-004
        1405  4.503392613959562E-004
        1406  4.543868381915844E-004
        1407  4.695566206028513E-004
        1408  4.472540694546189E-004
        1409  5.165524756690737E-004
        1410  4.570667763499583E-004
        1411  5.069396950045947E-004
        1412  3.739952025777709E-004
        1413  3.291141399344629E-004
        1414  3.519462058903577E-004
        1415  2.895690432157374E-004
        1416  3.158040214598586E-004
        1417  2.148862065084111E-004
        1418  1.992001326346126E-004
        1419  2.616886801522617E-004
        1420  1.732497570524877E-004
        1421  1.521105508907836E-004
        1422  1.479835461274591E-004
        1423  1.513567177227596E-004
        1424  5.866574597589054E-005
        1425  1.130587149436083E-004
        1426  1.147814463232853E-004
        1427  1.270372108961113E-004
        1428  7.184516559827147E-005
        1429  1.318920569507559E-004
        1430  1.582795580244255E-004
        1431  1.747206794258182E-004
        1432  1.657781115829722E-004
        1433  1.570229360269047E-004
        1434  1.825589473759754E-004
        1435  2.152372747704128E-004
        1436  2.515788502502088E-004
        1437  2.447509542125390E-004
        1438  2.473900520425269E-004
        1439  2.124750246558838E-004
        1440  2.561114403794798E-004
        1441  2.459699975555043E-004
        1442  2.336319239302907E-004
        1443  2.109390709921379E-004
        1444  2.860000442477691E-004
        1445  2.229422890985073E-004
        1446  2.777502876278534E-004
        1447  2.070648460282404E-004
        1448  1.405251427121952E-004
        1449  1.323348277533169E-004
        1450  1.937089711964642E-004
        1451  1.642149165217505E-004
        1452  1.541784186921261E-004
        1453  1.539725754779694E-004
        1454  8.576984343971580E-005
        1455  7.348528365474788E-005
        1456  8.243005711778675E-005
        1457  8.094688839337268E-005
        1458  8.171333854758796E-005
        1459  6.717328030133671E-005
        1460  7.321845977504565E-005
        1461  1.686586334019033E-005
        1462 -1.910232979762942E-005
        1463  5.270580932927330E-005
        1464  5.443719392678484E-005
        1465  1.328440069909287E-004
        1466  9.394130631558681E-005
        1467  7.808239319682765E-005
        1468  1.324775484741104E-004
        1469  1.230459473659996E-004
        1470  1.302444203608324E-004
        1471  6.159653105259670E-005
        1472  1.096254774274762E-004
        1473  1.258988078272966E-004
        1474  6.948686209333146E-005
        1475  1.326089785873268E-004
        1476  1.205165720027721E-004
        1477  1.604952408794169E-004
        1478  1.070892351407444E-004
        1479  4.520019874285199E-005
        1480  5.713246674766802E-005
        1481  1.190711062550274E-004
        1482  5.719828680162110E-005
        1483  8.102305134112177E-005
        1484  2.985649106046455E-005
        1485  5.658821762323283E-005
        1486  5.657005174931150E-006
        1487  6.026435253501196E-005
        1488  8.788809370971006E-005
        1489  4.946830776470921E-005
        1490  6.736376570436134E-005
        1491  6.468016446584552E-005
        1492  3.345451803622175E-005
        1493 -5.781859559560453E-005
        1494  5.868760459239508E-005
        1495 -3.858289365989584E-006
        1496  1.208471100163760E-004
        1497  3.301132365166615E-005
        1498  3.703837116421859E-005
        1499  7.556664601996857E-005
        1500  6.776546505749776E-005
        1501  1.877479939229170E-006
        1502  6.917246323532885E-005
        1503  1.110140994299283E-005
        1504  2.896392139848547E-005
        1505  1.263468396239593E-004
        1506  6.808785963143988E-005
        1507  4.023500676923732E-005
        1508  1.062762026805408E-004
        1509  3.958121015193382E-005
        1510  3.282659828189819E-005
        1511 -4.451726962379339E-006
        1512  2.600953092499508E-005
        1513  1.031135330877277E-004
        1514  2.752576975054054E-005
        1515 -5.596860083235854E-005
        1516  7.564244420780166E-005
        1517  5.689490120857802E-006
        1518  4.887006295251246E-005
        1519 -5.785366583213303E-005
        1520  1.558520534806187E-005
        1521  3.915279532605182E-006
        1522  1.082874534614069E-005
        1523  6.297394889568927E-005
        1524  7.032677987128583E-005
        1525  1.275651993123873E-005
        1526  1.006293114728129E-004
        1527 -3.922569628947566E-005
        1528  1.386769530541852E-002
        1529  1.393949080263949E-002
        1530  7.254288057066173E-003
        1531  2.887399908617697E-003
        1532  3.630983065238302E-003
        1533 -4.832439507206713E-003
        1534 -8.261213100357276E-003
        1535 -5.976621866092758E-004
        1536 -1.085885678116531E-002
        1537 -6.121092379507503E-003
        1538 -1.165003146706345E-002
        1539 -1.166816633819132E-002
        1540 -1.479580748168437E-002
        1541 -1.268136740972263E-002
        1542 -1.644305730168906E-002
        1543 -1.486582627617446E-002
        1544 -1.541249319555834E-002
        1545 -1.486861610729940E-002
        1546 -1.318689766626688E-002
        1547 -1.195332430718319E-002
        1548 -1.232560514534496E-002
        1549 -1.055483355367947E-002
        1550 -9.413185371986130E-003
        1551 -5.368498580284325E-003
        1552 -3.409380267287967E-003
        1553 -1.420779742896195E-003
        1554  4.692291823847914E-004
        1555  2.386449177848855E-003
        1556  3.052488545579283E-003
        1557  5.515118780970782E-003
        1558  4.856544793212158E-003
        1559  6.578510600992260E-003
        1560  7.614531796538927E-003
        1561  9.201680452382319E-003
        1562  8.088067329907274E-003
        1563  8.491589923527335E-003
        1564  7.810712081595454E-003
        1565  7.591640124787555E-003
        1566  6.726959967954220E-003
        1567  6.854898683513683E-003
        1568  5.827144668415687E-003
        1569  4.298902270528245E-003
        1570  4.107722285392596E-003
        1571  2.622582517670798E-003
        1572  2.147699083143468E-003
        1573  1.435569588991327E-003
        1574  9.175483653605122E-004
        1575 -2.138346303791723E-004
        1576 -7.334491723390658E-004
        1577 -1.153066962679927E-003
        1578 -1.521594048981793E-003
        1579 -1.984802444791336E-003
        1580 -1.976130762815952E-003
        1581 -2.224427411727479E-003
        1582 -2.353785354583908E-003
        1583 -2.004784490640333E-003
        1584 -1.939729435480146E-003
        1585 -1.822860122746218E-003
        1586 -1.401753165036222E-003
        1587 -1.140493051111843E-003
        1588 -8.786277486902158E-004
        1589 -5.215115929349206E-004
        1590 -5.107985866674633E-004
        1591 -1.239281421345438E-004
        1592  2.126900969089127E-004
        1593  4.171607373200072E-004
        1594  4.457753330461812E-004
        1595  5.563239401541770E-004
        1596  5.716200337357452E-004
        1597  5.845309851999319E-004
        1598  5.920149675548835E-004
        1599  4.673777588082327E-004
        1600  1.710898970265028E-004
        1601  8.606075152154523E-005
        1602 -2.333997563347714E-005
        1603 -2.398519057899136E-004
        1604 -4.004246636764476E-004
        1605 -6.706714391684736E-004
        1606 -9.301266097869636E-004
        1607 -1.139321018765981E-003
        1608 -1.201864532072884E-003
        1609 -1.211688986638468E-003
        1610 -1.252273587001455E-003
        1611 -1.453716464210443E-003
        1612 -1.490161234073328E-003
        1613 -1.379687202736536E-003
        1614 -1.386216504126265E-003
        1615 -1.317137944380853E-003
        1616 -1.186452007094850E-003
        1617 -9.078513441934709E-004
        1618 -1.079491221413725E-003
        1619 -8.177654655635014E-004
        1620 -6.760975330171666E-004
        1621 -4.685204344385388E-004
        1622 -4.328463347596525E-004
        1623 -2.180146381131720E-004
        1624 -1.543879793411902E-004
        1625 -9.385237634118271E-006
        1626  1.069660571598416E-004
        1627  2.665747340248051E-004
        1628  4.559364304787115E-004
        1629  3.897271483064974E-004
        1630  5.959697024358625E-004
        1631  4.478227869973697E-004
        1632  4.590243352586866E-004
        1633  5.737298728135542E-004
        1634  4.079015049528595E-004
        1635  4.210813208364209E-004
        1636  3.547891886194814E-004
        1637  2.388782088009802E-004
        1638  1.138671699820157E-004
        1639  4.388198617732057E-005
        1640  1.108912346252176E-004
        1641 -7.453825351507679E-005
        1642  1.143506151521834E-002
        1643  1.693068311879886E-002
        1644  4.402743747310787E-003
        1645  3.627894975865315E-003
        1646  3.127528193719709E-003
        1647 -6.704424746320170E-003
        1648 -6.355887717741331E-003
        1649 -3.333820894068839E-003
        1650 -1.019376004842777E-002
        1651 -7.233010206500880E-003
        1652 -8.531926435332068E-003
        1653 -1.031498177544399E-002
        1654 -1.369575395473982E-002
        1655 -1.251210665417657E-002
        1656 -1.619806156296998E-002
        1657 -1.527674449738977E-002
        1658 -1.506346668964153E-002
        1659 -1.490813489617782E-002
        1660 -1.368960590566237E-002
        1661 -1.250582246717291E-002
        1662 -1.212320868558378E-002
        1663 -1.026953750892874E-002
        1664 -8.492823304329555E-003
        1665 -5.559842085847299E-003
        1666 -3.026003553094108E-003
        1667 -1.169683996762889E-003
        1668  3.242907806885679E-004
        1669  2.281674062413861E-003
        1670  3.172272347522505E-003
        1671  5.112999506247868E-003
        1672  5.199019481029216E-003
        1673  6.810816702258957E-003
        1674  7.506658428540075E-003
        1675  8.713833812277241E-003
        1676  8.017117385247107E-003
        1677  8.446126484478731E-003
        1678  7.987451131535084E-003
        1679  7.673590483414069E-003
        1680  6.816293252788298E-003
        1681  6.781231661481270E-003
        1682  5.776349847417948E-003
        1683  4.491624855298200E-003
        1684  3.937993442744825E-003
        1685  3.026845933839142E-003
        1686  2.172355361711295E-003
        1687  1.358260015984860E-003
        1688  7.735791485944305E-004
        1689  2.984294497919596E-005
        1690 -8.128495159269169E-004
        1691 -1.232346582581827E-003
        1692 -1.695482217592524E-003
        1693 -2.017325026001001E-003
        1694 -1.957338016202998E-003
        1695 -2.263303052147213E-003
        1696 -2.312408822327085E-003
        1697 -2.108018542494224E-003
        1698 -1.914586243887229E-003
        1699 -1.835472091050853E-003
        1700 -1.481772053466788E-003
        1701 -1.200601606758813E-003
        1702 -9.910191233852379E-004
        1703 -5.000102572100568E-004
        1704 -4.228405229836078E-004
        1705 -6.225610139881219E-005
        1706  1.034392750490482E-004
        1707  2.831235814633720E-004
        1708  3.492954515106871E-004
        1709  4.927092990486722E-004
        1710  4.695645757942208E-004
        1711  5.189049917358530E-004
        1712  5.673783217094905E-004
        1713  3.823508023550338E-004
        1714  1.780633288023106E-004
        1715  5.461340562545097E-005
        1716 -1.080287846107812E-004
        1717 -2.395259274004987E-004
        1718 -3.991061705084217E-004
        1719 -7.999306133183522E-004
        1720 -8.715653593396858E-004
        1721 -1.081220162335883E-003
        1722 -1.216610227031741E-003
        1723 -1.277262952351398E-003
        1724 -1.375836594634627E-003
        1725 -1.483852937299763E-003
        1726 -1.484537378029910E-003
        1727 -1.449698727113022E-003
        1728 -1.437640530753882E-003
        1729 -1.369479361429611E-003
        1730 -1.236036208525960E-003
        1731 -1.113176260563948E-003
        1732 -1.039227878436426E-003
        1733 -8.660336198389805E-004
        1734 -7.710911601578665E-004
        1735 -6.000602735661097E-004
        1736 -4.228407603533593E-004
        1737 -2.409994622181833E-004
        1738 -1.521246402459122E-004
        1739  1.762929294387622E-005
        1740  1.185513535667234E-004
        1741  2.121198143143401E-004
        1742  3.457727300901886E-004
        1743  3.809413041299343E-004
        1744  4.170643732810323E-004
        1745  4.473535280373797E-004
        1746  4.800520166790768E-004
        1747  4.307804867995428E-004
        1748  3.985657761699940E-004
        1749  3.412409531497325E-004
        1750  2.783764023087475E-004
        1751  2.391369700674050E-004
        1752  1.130309390914401E-004
        1753  5.515492614597443E-005
        1754  3.136851908421875E-005
        1755 -1.179438321706392E-004
        1756 -1.068446640988133E-003
        1757 -1.030331398370823E-003
        1758 -5.397838863160308E-004
        1759 -4.751256837798802E-004
        1760 -4.386515152903613E-005
        1761  2.037574451408299E-004
        1762  3.122828095859741E-004
        1763  4.415760736152937E-004
        1764  4.951183859149694E-004
        1765  5.088382757431647E-004
        1766  5.551875759309909E-004
        1767  5.820672682598648E-004
        1768  4.986747413987925E-004
        1769  2.355020693851759E-004
        1770  9.801158459068355E-005
        1771 -9.629789457559069E-006
        1772 -2.078177887109134E-004
        1773 -3.909509544842008E-004
        1774 -7.302727351775359E-004
        1775 -8.764510507819218E-004
        1776 -1.014896285255782E-003
        1777 -1.213681570451477E-003
        1778 -1.217489357326887E-003
        1779 -1.431094805769355E-003
        1780 -1.470350465670223E-003
        1781 -1.458196619950656E-003
        1782 -1.439357783985992E-003
        1783 -1.383193891461836E-003
        1784 -1.319752269856886E-003
        1785 -1.236407319704058E-003
        1786 -9.972222157744561E-004
        1787 -1.087554436512128E-003
        1788 -8.179776740107086E-004
        1789 -6.503985780968180E-004
        1790 -5.538918702594515E-004
        1791 -4.549603408392202E-004
        1792 -2.474885555504296E-004
        1793 -1.640806117521921E-004
        1794  1.276530093792161E-005
        1795  1.129714970374685E-004
        1796  3.033669864194115E-004
        1797  3.532864890820416E-004
        1798  3.783069662711082E-004
        1799  4.603726995522650E-004
        1800  4.368858841362899E-004
        1801  5.077554504126669E-004
        1802  4.622753196331071E-004
        1803  4.232569737191398E-004
        1804  3.644118286333699E-004
        1805  3.068248296094328E-004
        1806  2.416737454884578E-004
        1807  1.115272330571438E-004
        1808  7.970989167750677E-005
        1809  3.406390354801687E-005
        1810 -8.923564503714475E-005
        1811  9.308895477237053E-003
        1812  1.889296733592642E-002
        1813 -3.415893646580132E-004
        1814  5.719619174180017E-003
        1815  3.622275245679898E-003
        1816 -9.001167597960290E-003
        1817 -4.004825389709120E-003
        1818 -4.376531753120939E-003
        1819 -8.255727792822905E-003
        1820 -9.073939086495519E-003
        1821 -5.132390694136157E-003
        1822 -8.651334876140108E-003
        1823 -1.250080808992522E-002
        1824 -1.291208026733253E-002
        1825 -1.559656088231940E-002
        1826 -1.584091996251203E-002
        1827 -1.429892606409187E-002
        1828 -1.558884588498924E-002
        1829 -1.426900240757838E-002
        1830 -1.322417151094716E-002
        1831 -1.217781359211453E-002
        1832 -1.003202831292327E-002
        1833 -8.073553458439445E-003
        1834 -5.579181677110821E-003
        1835 -2.580535422597300E-003
        1836 -8.035656210633864E-004
        1837  2.446462578038836E-004
        1838  2.314577429044887E-003
        1839  3.210790809277347E-003
        1840  4.740993374239446E-003
        1841  5.529178868516537E-003
        1842  7.015212397392408E-003
        1843  7.626962150353873E-003
        1844  8.411496210800543E-003
        1845  7.912862907373945E-003
        1846  8.515730068764988E-003
        1847  8.328969918216387E-003
        1848  7.755830127492935E-003
        1849  7.031235286416950E-003
        1850  6.777158727637243E-003
        1851  5.760017099384163E-003
        1852  4.686440950195779E-003
        1853  3.853368354669621E-003
        1854  3.203627987609666E-003
        1855  2.104288829927939E-003
        1856  1.306411720191365E-003
        1857  7.151920131256510E-004
        1858  1.902513764209263E-004
        1859 -8.561070428725117E-004
        1860 -1.362878971746200E-003
        1861 -1.757121980832560E-003
        1862 -2.090045604558243E-003
        1863 -1.953210297666555E-003
        1864 -2.279941529593809E-003
        1865 -2.305666156950552E-003
        1866 -2.219460073754577E-003
        1867 -1.917870791819221E-003
        1868 -1.854598927642850E-003
        1869 -1.575781466632023E-003
        1870 -1.210504658068280E-003
        1871 -1.057489453387356E-003
        1872 -4.972076747622656E-004
        1873 -3.286698760650906E-004
        1874 -2.795628428943321E-005
        1875 -9.342404988095014E-006
        1876  1.716064758292189E-004
        1877  2.635067752248472E-004
        1878  4.613162403756440E-004
        1879  4.275091809761555E-004
        1880  4.577542940685993E-004
        1881  5.272997923835629E-004
        1882  3.021902102766989E-004
        1883  1.543657147628628E-004
        1884  1.259499331262466E-004
        1885 -1.793020206313009E-004
        1886 -2.268078412915079E-004
        1887 -4.616343651836979E-004
        1888 -8.596044487523465E-004
        1889 -8.728468153730496E-004
        1890 -1.050033344696062E-003
        1891 -1.234975743861375E-003
        1892 -1.335621391314511E-003
        1893 -1.439971447129780E-003
        1894 -1.485458856189425E-003
        1895 -1.497889037217244E-003
        1896 -1.556379335612178E-003
        1897 -1.524836309804850E-003
        1898 -1.404165767436031E-003
        1899 -1.246715855363697E-003
        1900 -1.243537472776699E-003
        1901 -1.022153470412924E-003
        1902 -9.058321025079308E-004
        1903 -8.079191969391163E-004
        1904 -6.900549362038393E-004
        1905 -4.458612440552477E-004
        1906 -2.681819232596584E-004
        1907 -1.663685745084095E-004
        1908  3.577681190240325E-005
        1909  1.264493298338225E-004
        1910  1.897738434568299E-004
        1911  2.822356020121755E-004
        1912  3.998171823773202E-004
        1913  3.436434057957822E-004
        1914  4.512464743918485E-004
        1915  5.025271544625196E-004
        1916  3.458084972629069E-004
        1917  3.966505837922535E-004
        1918  3.351915579422906E-004
        1919  2.618244794807225E-004
        1920  1.996518647229290E-004
        1921  1.602115110094530E-004
        1922  4.156088111399426E-005
        1923 -4.334799213664764E-005
        1924 -1.244778239163738E-004
        1925 -2.260483646407754E-004
        1926 -3.132591505560398E-004
        1927 -2.812283907313569E-004
        1928 -3.217735292998912E-004
        1929 -3.519072137445906E-004
        1930 -4.521952132851199E-004
        1931 -4.851115766607520E-004
        1932 -4.734860355832908E-004
        1933 -4.195941136440003E-004
        1934 -4.051648799287880E-004
        1935 -4.287940828664917E-004
        1936 -2.650823185304261E-004
        1937 -3.085258676366387E-004
        1938 -2.818830160707366E-004
        1939 -2.405281277949132E-004
        1940 -2.441393775832002E-004
        1941 -1.580414326223244E-004
        1942 -8.207787784281360E-005
        1943 -1.077502084568506E-004
        1944 -9.163331465927327E-005
        1945 -1.857092146812202E-005
        1946 -8.200453552798833E-006
        1947  1.333650176132536E-005
        1948  4.070715679186434E-005
        1949  2.641080519885558E-005
        1950 -8.234458076381497E-006
        1951 -1.776928916318868E-006
        1952  2.816099654183756E-005
        1953 -3.402635832641210E-005
        1954 -2.693467544975775E-005
        1955 -3.412439290251905E-005
        1956 -1.023912110032315E-004
        1957 -9.912206727663553E-005
        1958 -1.219336836485037E-004
        1959 -1.612694104255603E-004
        1960 -1.937779720855102E-004
        1961 -1.943021578032336E-004
        1962 -1.984676884413293E-004
        1963 -2.092902317119971E-004
        1964 -2.228649449273044E-004
        1965 -2.501145709506959E-004
        1966 -2.068803537148938E-004
        1967 -1.283240161701075E-004
        1968 -2.085475313701581E-004
        1969 -2.103536386259409E-004
        1970 -1.385847578849067E-004
        1971 -2.100224731458254E-004
        1972 -1.487267198090873E-004
        1973 -1.151156570368526E-004
        1974 -1.387144810864858E-004
        1975 -4.342498993758501E-005
        1976 -5.064812731098647E-005
        1977 -1.895157032847497E-005
        1978  7.618439373603618E-006
        1979 -1.198393421190997E-005
        1980 -2.748615176269596E-005
        1981  1.037795071103041E-005
        1982  2.153540990240709E-005
        1983  3.250206303876772E-005
        1984 -7.528331023853150E-007
        1985  1.285967647147654E-005
        1986 -4.168328873158310E-005
        1987 -1.178464467362790E-005
        1988 -6.078205442914231E-005
        1989 -7.319579184979028E-005
        1990 -6.871399963925538E-005
        1991 -6.626337986685311E-005
        1992 -4.282496110327004E-005
        1993 -7.666860814460894E-005
        1994 -2.419935356953733E-005
        1995 -7.770930502537686E-005
        1996 -3.345982485864101E-005
        1997 -4.231408162318690E-005
        1998  1.115476750251766E-005
        1999 -1.877922186217485E-005
        2000  7.448574797377014E-006
        2001 -9.351199593875267E-006
        2002 -3.912172333185990E-005
        2003 -1.529603179459312E-005
        2004 -4.241047889973396E-005
        2005 -1.948044510005596E-006
        2006  2.507317745319988E-008
        2007 -2.462404973403071E-005
        2008 -7.080451810882240E-005
        2009  5.517456483356076E-006
        2010 -1.108171539983234E-003
        2011 -1.052086238642960E-003
        2012 -5.617324709836984E-004
        2013 -3.227121818737486E-004
        2014  4.930037476219483E-005
        2015 -1.857014854894225E-006
        2016  1.180639568879772E-004
        2017  3.482314989143088E-004
        2018  4.446386016618089E-004
        2019  4.837795130845155E-004
        2020  4.706724956977646E-004
        2021  5.409216256878693E-004
        2022  4.016966043195536E-004
        2023  1.911842126267484E-004
        2024  1.780402954819541E-004
        2025 -8.815526288716593E-005
        2026 -1.759323042871841E-004
        2027 -4.478717944088795E-004
        2028 -8.263650195136878E-004
        2029 -8.766081854127882E-004
        2030 -1.023866944651178E-003
        2031 -1.213376328005569E-003
        2032 -1.282600125806869E-003
        2033 -1.506221260732969E-003
        2034 -1.454284249373892E-003
        2035 -1.460872588436925E-003
        2036 -1.532815396713816E-003
        2037 -1.458307100567323E-003
        2038 -1.358612945950376E-003
        2039 -1.260159816822623E-003
        2040 -1.219975891223514E-003
        2041 -1.049429589627326E-003
        2042 -8.967004180578332E-004
        2043 -7.639193537647645E-004
        2044 -6.773947953018500E-004
        2045 -4.680771665587703E-004
        2046 -2.596077085283473E-004
        2047 -1.522991160101986E-004
        2048  5.057296434907627E-005
        2049  1.064556234528032E-004
        2050  2.101327318833170E-004
        2051  3.014568115176855E-004
        2052  3.897231404918061E-004
        2053  4.051505094959175E-004
        2054  4.235536001823759E-004
        2055  5.276769750493950E-004
        2056  3.635528554648185E-004
        2057  3.710084140999447E-004
        2058  3.424260093417635E-004
        2059  2.734784777145212E-004
        2060  2.223039312584343E-004
        2061  1.508572495775851E-004
        2062  8.299767703978183E-005
        2063 -3.749521620655063E-005
        2064 -8.088351626916460E-005
        2065 -2.467488676930664E-004
        2066 -2.800907977348497E-004
        2067 -3.114944786407934E-004
        2068 -3.357743263780668E-004
        2069 -3.561122992541701E-004
        2070 -4.375704826820643E-004
        2071 -4.721812709355522E-004
        2072 -4.512988443244618E-004
        2073 -4.396414252863715E-004
        2074 -4.019684964545791E-004
        2075 -3.994297976144535E-004
        2076 -2.997890601984971E-004
        2077 -2.950024959209563E-004
        2078 -2.370690397126692E-004
        2079 -2.227710182668265E-004
        2080 -2.428516950322557E-004
        2081 -1.164986018658726E-004
        2082 -8.594874655803817E-005
        2083 -9.394567408386908E-005
        2084 -6.598851315437958E-005
        2085 -2.787400336016578E-005
        2086 -2.732444991697700E-005
        2087  1.453124856263338E-006
        2088  9.499047626019410E-006
        2089  4.829887737691809E-005
        2090  1.858138734518310E-006
        2091 -2.074732755838442E-005
        2092  3.542962224786303E-005
        2093 -1.884594524329657E-005
        2094 -4.402607947837122E-005
        2095 -2.639845575234550E-005
        2096 -1.015436127348580E-004
        2097 -1.238616911540216E-004
        2098 -1.181947608862968E-004
        2099 -1.734267950724105E-004
        2100 -1.696621987210358E-004
        2101 -1.915860450899364E-004
        2102 -1.822619049524335E-004
        2103 -1.879199321440157E-004
        2104 -2.303441190803105E-004
        2105 -2.045601360391437E-004
        2106 -1.890547350071402E-004
        2107 -1.594700231763303E-004
        2108 -2.208103235128469E-004
        2109 -1.908829541214319E-004
        2110 -1.848089269611476E-004
        2111 -1.621110191714497E-004
        2112 -1.235847802884355E-004
        2113 -1.292848052931311E-004
        2114 -1.053530323355389E-004
        2115 -9.915949803728953E-005
        2116 -7.338993799365048E-005
        2117 -3.528932809434653E-005
        2118  2.664750899716667E-006
        2119 -1.822241898028450E-005
        2120 -7.632211719688868E-006
        2121  2.320055166548649E-005
        2122  2.114667875196225E-005
        2123  1.573524069860418E-005
        2124  2.651034652001963E-006
        2125 -1.613416084062088E-005
        2126 -2.385039272677222E-005
        2127 -3.273611773998061E-005
        2128 -5.873081145159814E-005
        2129 -5.497293228578536E-005
        2130 -4.653687273318206E-005
        2131 -5.887268752472218E-005
        2132 -6.431462668654953E-005
        2133 -4.696373774237633E-005
        2134 -6.834769229127926E-005
        2135 -4.840677997222740E-005
        2136 -3.217189751910218E-005
        2137 -2.672782717415629E-005
        2138 -1.737801766954715E-005
        2139  1.022449423679891E-005
        2140 -6.050006333235650E-006
        2141  1.487861806305426E-006
        2142 -1.315618778110883E-006
        2143 -3.118517537520514E-006
        2144 -1.840532269238846E-005
        2145 -2.555746707035631E-005
        2146 -2.207227286386627E-005
        2147  2.687438268245760E-006
        2148 -3.640932797183073E-005
        2149 -6.311727501045142E-005
        2150 -9.380413380315815E-004
        2151 -1.006695845284408E-003
        2152 -5.713704726943715E-004
        2153 -3.408844685150134E-004
        2154  2.227940199784964E-004
        2155  5.337302912900434E-005
        2156  8.642283521534114E-005
        2157  4.638876031316471E-004
        2158  4.890192285594010E-004
        2159  5.176532122525024E-004
        2160  4.693199445593069E-004
        2161  5.846199827436040E-004
        2162  5.520941617836380E-004
        2163  2.192270951414975E-004
        2164  2.728299210972949E-004
        2165  6.905821718763443E-005
        2166 -1.405982884647813E-004
        2167 -4.480211655054408E-004
        2168 -7.312984141294964E-004
        2169 -9.417080845294939E-004
        2170 -9.291746127668831E-004
        2171 -1.127178977267275E-003
        2172 -1.226465756059279E-003
        2173 -1.550233935980061E-003
        2174 -1.421208999531799E-003
        2175 -1.437888824355399E-003
        2176 -1.480863020650147E-003
        2177 -1.351935932976926E-003
        2178 -1.338342511432735E-003
        2179 -1.264389812537001E-003
        2180 -1.135756032503957E-003
        2181 -1.065870270197222E-003
        2182 -8.935542032040630E-004
        2183 -7.010444068660795E-004
        2184 -6.069613529199932E-004
        2185 -5.856493852163557E-004
        2186 -2.587189186388423E-004
        2187 -1.592555645853918E-004
        2188  9.954796259870246E-006
        2189  1.011590983832854E-004
        2190  2.905264301334893E-004
        2191  3.255179102370212E-004
        2192  3.678130355298362E-004
        2193  4.430875561928103E-004
        2194  4.017874796038817E-004
        2195  5.965198364680876E-004
        2196  4.245810498754439E-004
        2197  3.629682906159079E-004
        2198  3.624948492352557E-004
        2199  2.832444983839295E-004
        2200  2.610062153974855E-004
        2201  1.474515742787523E-004
        2202  8.728616054995101E-005
        2203 -2.999640521453210E-005
        2204 -1.692834851756968E-005
        2205 -2.600966796062554E-004
        2206 -2.189734183334535E-004
        2207 -3.314028914469585E-004
        2208 -3.220459612966909E-004
        2209 -3.258401887375452E-004
        2210 -3.608629698376086E-004
        2211 -4.339304939586849E-004
        2212 -4.202876275945849E-004
        2213 -4.540262477862926E-004
        2214 -3.905001460001677E-004
        2215 -3.901338175051227E-004
        2216 -3.633703871670400E-004
        2217 -2.397045868220630E-004
        2218 -2.196091778003930E-004
        2219 -1.631434198576480E-004
        2220 -2.185951938928492E-004
        2221 -5.433442460359219E-005
        2222 -6.599189971491840E-005
        2223 -1.312767938144273E-004
        2224 -2.784525175111719E-005
        2225 -7.272576260953979E-005
        2226 -1.373274286596921E-007
        2227 -4.350211118144378E-005
        2228  1.766387386659098E-005
        2229  6.220358982711934E-005
        2230  4.002162078788767E-006
        2231 -4.477261762569363E-006
        2232 -2.555926535731610E-005
        2233 -1.692313039305946E-005
        2234 -8.581072983573142E-005
        2235 -1.608125623901210E-005
        2236 -9.747131591992802E-005
        2237 -8.231500821966724E-005
        2238 -1.178098155362913E-004
        2239 -1.782228153131063E-004
        2240 -1.078335751850466E-004
        2241 -1.893863938974929E-004
        2242 -1.464489060433502E-004
        2243 -2.221877866889188E-004
        2244 -2.263435063376363E-004
        2245 -1.761722583135477E-004
        2246 -1.740177984793167E-004
        2247 -2.094002550066684E-004
        2248 -2.333508736496898E-004
        2249 -2.047373523099751E-004
        2250 -2.154687861694976E-004
        2251 -1.155794992639868E-004
        2252 -7.728184427705402E-005
        2253 -1.372773750631312E-004
        2254 -1.122503903972445E-004
        2255 -8.707354472368270E-005
        2256 -7.313212288386265E-005
        2257 -3.355002594512724E-005
        2258  7.948443289352639E-006
        2259 -1.867819383022466E-005
        2260  1.637366784674754E-005
        2261  1.728112031239565E-005
        2262  3.009614102558332E-005
        2263  3.517471356613757E-005
        2264 -1.414590647786271E-005
        2265 -3.731065333227149E-006
        2266 -1.228436277691107E-005
        2267 -1.704196224639099E-005
        2268 -6.387382921250173E-005
        2269 -3.328355610588222E-005
        2270 -7.090319585449757E-005
        2271 -8.082825767252843E-005
        2272 -5.595732273677220E-005
        2273 -2.976432746570833E-005
        2274 -6.759000326222822E-005
        2275 -2.357679670011390E-005
        2276 -1.569063883973125E-005
        2277 -9.525941301000602E-006
        2278 -2.719111473188542E-005
        2279 -1.053644450352599E-005
        2280 -2.071382045358483E-005
        2281  1.063229871952707E-005
        2282 -5.873862264984743E-006
        2283  1.648346746021523E-005
        2284 -1.222911869109817E-005
        2285 -6.681974947142041E-006
        2286 -2.779332803509711E-005
        2287 -1.764326122918545E-005
        2288 -4.649784443345420E-005
        2289 -3.666758179297698E-005
