5.090000000000000000e+02 1.948404335787287992e-04 1.959812777269018529e-05
5.180000000000000000e+02 1.917715092049287963e-04 1.921929441695862363e-05
5.270000000000000000e+02 1.680587334112442887e-04 1.900204438558595102e-05
5.360000000000000000e+02 1.362214639103884932e-04 1.893284970257429035e-05
5.450000000000000000e+02 1.812640290823751982e-04 1.899853638624444857e-05
5.540000000000000000e+02 1.759108216896464064e-04 1.918505853917553146e-05
5.630000000000000000e+02 2.252735305132001114e-04 1.947753926378856490e-05
5.720000000000000000e+02 2.165070561997762026e-04 1.985854339514233084e-05
5.810000000000000000e+02 2.829051803388159996e-04 2.030851430369030595e-05
5.900000000000000000e+02 2.682648314263759806e-04 2.080480641260418629e-05
5.990000000000000000e+02 3.190213080782577904e-04 2.132331756432138571e-05
6.080000000000000000e+02 3.874469655915544169e-04 2.183891881233458593e-05
6.170000000000000000e+02 4.166628186963975029e-04 2.232725119887303081e-05
6.260000000000000000e+02 3.880824355619381222e-04 2.276555212542459989e-05
6.350000000000000000e+02 4.363847404465207220e-04 2.313406239465142243e-05
6.440000000000000000e+02 5.014857219264093596e-04 2.341682074563215018e-05
6.530000000000000000e+02 4.726024996891707098e-04 2.360229926896528345e-05
6.620000000000000000e+02 5.228522107036068798e-04 2.368373166934328671e-05
6.710000000000000000e+02 5.000470670052469370e-04 2.365916473283671774e-05
6.800000000000000000e+02 4.705480951244535022e-04 2.353120753148319800e-05
6.890000000000000000e+02 4.725729283469710072e-04 2.330706392788522155e-05
6.980000000000000000e+02 5.252074814876670937e-04 2.299760805133237523e-05
7.070000000000000000e+02 4.495061456238972882e-04 2.261691112768395926e-05
7.160000000000000000e+02 4.567478436141603768e-04 2.218097898131933120e-05
7.250000000000000000e+02 3.660977029535189770e-04 2.170753355768927282e-05
7.340000000000000000e+02 3.660527356249888863e-04 2.121452507491691658e-05
7.430000000000000000e+02 3.187463574518989862e-04 2.071969420216459031e-05
7.520000000000000000e+02 3.111032043100522945e-04 2.023935384499718436e-05
7.610000000000000000e+02 2.647053955216812780e-04 1.978806702428718327e-05
7.700000000000000000e+02 2.572557579226045221e-04 1.937781858427435044e-05
7.790000000000000000e+02 1.930981206929489890e-04 1.901780059753322905e-05
7.880000000000000000e+02 2.238864107598913960e-04 1.871438069284897326e-05
7.970000000000000000e+02 1.743464847261648877e-04 1.847128552613621209e-05
8.060000000000000000e+02 1.447773598586160095e-04 1.829000474891739097e-05
8.150000000000000000e+02 1.181664614963612065e-04 1.817017883077384568e-05
8.240000000000000000e+02 1.121616634791546994e-04 1.810982710198339146e-05
8.330000000000000000e+02 9.717484288964724085e-05 1.810578456931186543e-05
8.420000000000000000e+02 1.181198744569047940e-04 1.815437306312750853e-05
8.510000000000000000e+02 8.746450592711914286e-05 1.825151435803417722e-05
8.600000000000000000e+02 1.280644147300643903e-04 1.839190984545891659e-05
8.690000000000000000e+02 1.285218271484394887e-04 1.856948714485490590e-05
8.780000000000000000e+02 1.332771525490546107e-04 1.877783286084818936e-05
8.870000000000000000e+02 1.677574170027359036e-04 1.901019798160729371e-05
8.960000000000000000e+02 1.923196833090748902e-04 1.925906845391153174e-05
9.050000000000000000e+02 1.846053209011461085e-04 1.951667504046925619e-05
9.140000000000000000e+02 2.267945355498410980e-04 1.977527261114151894e-05
9.230000000000000000e+02 2.235506113937771983e-04 2.002731639478025165e-05
9.320000000000000000e+02 2.240546775541308092e-04 2.026552759964440662e-05
9.410000000000000000e+02 2.624832348064274896e-04 2.048372802151191788e-05
9.500000000000000000e+02 2.327953953126869052e-04 2.067734921271023078e-05
9.590000000000000000e+02 2.562790273635388882e-04 2.084278157461342043e-05
9.680000000000000000e+02 2.660043567813039057e-04 2.097729871880053560e-05
9.770000000000000000e+02 2.764643647035387188e-04 2.107997924688021469e-05
9.860000000000000000e+02 2.321309219641493006e-04 2.115172683984420970e-05
9.950000000000000000e+02 2.414133761173891063e-04 2.119459984200314288e-05
1.004000000000000000e+03 2.416523948915055050e-04 2.121157038200995840e-05
1.013000000000000000e+03 2.634933233367235043e-04 2.120649292932376249e-05
1.022000000000000000e+03 2.752522813860727811e-04 2.118390433855756792e-05
1.031000000000000000e+03 2.213942366068482920e-04 2.114923995581097907e-05
1.040000000000000000e+03 2.032275786116158117e-04 2.110813498822750696e-05
1.049000000000000000e+03 2.067282476312808949e-04 2.106578453575034190e-05
1.058000000000000000e+03 2.087263638013266088e-04 2.102704592376181662e-05
1.067000000000000000e+03 1.718785511490202045e-04 2.099669802370420985e-05
1.076000000000000000e+03 1.291254913061162953e-04 2.097893125927517729e-05
1.085000000000000000e+03 1.316183480424094941e-04 2.097709921016617407e-05
1.094000000000000000e+03 1.428510988087650893e-04 2.099384837878699145e-05
1.103000000000000000e+03 7.951277062544928414e-05 2.103122125051724842e-05
1.112000000000000000e+03 7.377251782590978058e-05 2.109058047121460948e-05
1.121000000000000000e+03 7.543568688633092072e-05 2.117264263566246121e-05
1.130000000000000000e+03 4.978070974973970773e-05 2.127755222862205266e-05
1.139000000000000000e+03 6.824912453267649199e-05 2.140495292242241125e-05
1.148000000000000000e+03 7.211042668791611853e-05 2.155405960986533684e-05
1.157000000000000000e+03 1.044581455128658034e-04 2.172371501384449374e-05
1.166000000000000000e+03 6.466719430689190208e-05 2.191240489101005905e-05
1.175000000000000000e+03 5.036170214665693936e-05 2.211833714670446239e-05
1.184000000000000000e+03 4.920643650767119815e-05 2.233949404504376074e-05
1.193000000000000000e+03 4.090419667235799196e-05 2.257372248156137542e-05
1.202000000000000000e+03 8.993093070657735973e-05 2.281872757150576667e-05
1.211000000000000000e+03 9.349631804913550428e-05 2.307219736272284638e-05
1.220000000000000000e+03 6.089452199699130983e-05 2.333182394065719506e-05
1.229000000000000000e+03 8.661861990067975495e-05 2.359543422081293511e-05
1.238000000000000000e+03 1.173060450177687060e-04 2.386100433076963038e-05
1.247000000000000000e+03 1.342115068837073906e-04 2.412677215541891864e-05
1.256000000000000000e+03 1.112241141023351964e-04 2.439124298453962478e-05
1.265000000000000000e+03 1.149442164349872989e-04 2.465326867902295493e-05
1.274000000000000000e+03 1.125115754858253966e-04 2.491207332929208917e-05
1.283000000000000000e+03 1.160922401101271062e-04 2.516724906260195464e-05
1.292000000000000000e+03 1.140345161031545025e-04 2.541877389942373154e-05
1.301000000000000000e+03 1.160629688180655952e-04 2.566696461887632699e-05
1.310000000000000000e+03 9.157540954535379649e-05 2.591247592787508425e-05
1.319000000000000000e+03 1.287959458679274012e-04 2.615624016716415254e-05
1.328000000000000000e+03 1.148597856467412055e-04 2.639942454679014783e-05
1.337000000000000000e+03 1.312568081244948988e-04 2.664337559777543837e-05
1.346000000000000000e+03 7.071878932240215391e-05 2.688954269037312168e-05
1.355000000000000000e+03 9.880741586031420670e-05 2.713945709468922599e-05
1.364000000000000000e+03 5.575657733858100837e-05 2.739462763177835235e-05
1.373000000000000000e+03 5.504639876457993774e-05 2.765655347190874007e-05
1.382000000000000000e+03 8.351939782146183280e-05 2.792661359049933265e-05
1.391000000000000000e+03 5.962344907414842034e-05 2.820610775083090584e-05
1.400000000000000000e+03 7.656313339694544560e-05 2.849615858395596076e-05
1.409000000000000000e+03 2.120264630094683027e-05 2.879774007863109155e-05
1.418000000000000000e+03 5.609897149793325802e-05 2.911163908516749006e-05
1.427000000000000000e+03 5.814465086490045917e-05 2.943846562652859081e-05
1.436000000000000000e+03 5.827099602641285290e-05 2.977866298348394729e-05
1.445000000000000000e+03 2.457113915425180049e-05 3.013248171231550248e-05
1.454000000000000000e+03 2.033047330652850869e-05 3.050002691964148613e-05
1.463000000000000000e+03 5.210274931704632183e-05 3.088122143853291342e-05
1.472000000000000000e+03 6.058137150802132180e-05 3.127588801074740173e-05
1.481000000000000000e+03 2.125169394451943895e-05 3.168373694047218206e-05
1.490000000000000000e+03 2.821555589421054951e-05 3.210436956994676481e-05
1.499000000000000000e+03 -6.987991883688185830e-07 3.253733027250198462e-05
1.512000000000000000e+03 4.645012619755342870e-05 2.350164578347070570e-05
1.529000000000000000e+03 3.328634525860061895e-05 2.412433303510039720e-05
1.546000000000000000e+03 6.910591213581706899e-05 2.477270815368583690e-05
1.563000000000000000e+03 2.422458989409645089e-05 2.544503188105261539e-05
1.580000000000000000e+03 1.781466577963245021e-05 2.614035060346774018e-05
1.597000000000000000e+03 5.817688181389328123e-05 2.685867544347365319e-05
1.614000000000000000e+03 4.528847905833610204e-05 2.760102490456056324e-05
1.631000000000000000e+03 6.073077534993246123e-05 2.836935914099173521e-05
1.648000000000000000e+03 1.740441089150513104e-05 2.916643792127251230e-05
1.665000000000000000e+03 4.231723684180855016e-05 2.999559108193526217e-05
1.682000000000000000e+03 8.811726091971965123e-05 3.086047201451976810e-05
1.699000000000000000e+03 3.326056693979132032e-05 3.176482160585714976e-05
1.716000000000000000e+03 -1.038002695589628980e-05 3.271227341422993778e-05
1.733000000000000000e+03 1.818165640443429048e-05 3.370620439749054289e-05
1.750000000000000000e+03 7.920070025475476304e-05 3.474963753295320972e-05
1.767000000000000000e+03 3.512043165191256681e-05 3.584523361230112088e-05
1.784000000000000000e+03 -7.617766754097165304e-06 3.699530661576145430e-05
1.801000000000000000e+03 2.211458788821208868e-05 3.820192786921616226e-05
1.818000000000000000e+03 3.702272551552324777e-05 3.946702032608425385e-05
1.835000000000000000e+03 1.637701130122544066e-05 4.079250645380316927e-05
1.852000000000000000e+03 -2.292876816089949084e-05 4.218044386283768539e-05
1.869000000000000000e+03 1.291197867810894926e-04 4.363314927665263074e-05
1.886000000000000000e+03 -1.126035939909981987e-05 4.515333033530537378e-05
1.903000000000000000e+03 -3.076502691028837046e-05 4.674413051656413451e-05
1.920000000000000000e+03 1.127675424059955977e-07 4.840920175094208061e-05
1.937000000000000000e+03 2.319930879087325865e-05 5.015271090260284102e-05
1.954000000000000000e+03 -9.622290672179713343e-05 5.197930643452943535e-05
1.971000000000000000e+03 8.493241258568200169e-05 5.389410278485233486e-05
1.988000000000000000e+03 4.129949302600435270e-05 5.590261743176635318e-05
