30.000000 34.000000 32.000000 0.005200 0.004276 
35.000000 39.000000 37.000000 0.018442 0.003083 
40.000000 44.000000 42.000000 0.000955 0.002370 
45.000000 49.000000 47.000000 0.007008 0.001898 
50.000000 54.000000 52.000000 0.002995 0.001568 
55.000000 59.000000 57.000000 -0.009750 0.001332 
60.000000 64.000000 62.000000 -0.004044 0.001163 
65.000000 69.000000 67.000000 -0.006074 0.001042 
70.000000 74.000000 72.000000 -0.006997 0.000951 
75.000000 79.000000 77.000000 -0.007258 0.000876 
80.000000 84.000000 82.000000 -0.006249 0.000810 
85.000000 89.000000 87.000000 -0.008058 0.000754 
90.000000 94.000000 92.000000 -0.012609 0.000704 
95.000000 99.000000 97.000000 -0.013759 0.000663 
100.000000 108.000000 104.000000 -0.015905 0.000426 
109.000000 117.000000 113.000000 -0.016023 0.000387 
118.000000 126.000000 122.000000 -0.014005 0.000353 
127.000000 135.000000 131.000000 -0.014922 0.000324 
136.000000 144.000000 140.000000 -0.014291 0.000298 
145.000000 153.000000 149.000000 -0.013513 0.000276 
154.000000 162.000000 158.000000 -0.012461 0.000255 
163.000000 171.000000 167.000000 -0.010008 0.000237 
172.000000 180.000000 176.000000 -0.008152 0.000220 
181.000000 189.000000 185.000000 -0.005325 0.000205 
190.000000 198.000000 194.000000 -0.002867 0.000192 
199.000000 207.000000 203.000000 -0.000766 0.000180 
208.000000 216.000000 212.000000 0.000138 0.000169 
217.000000 225.000000 221.000000 0.002363 0.000160 
226.000000 234.000000 230.000000 0.003192 0.000151 
235.000000 243.000000 239.000000 0.004731 0.000143 
244.000000 252.000000 248.000000 0.005664 0.000136 
253.000000 261.000000 257.000000 0.007029 0.000129 
262.000000 270.000000 266.000000 0.007640 0.000123 
271.000000 279.000000 275.000000 0.008422 0.000116 
280.000000 288.000000 284.000000 0.008049 0.000110 
289.000000 297.000000 293.000000 0.008365 0.000104 
298.000000 306.000000 302.000000 0.008386 0.000097 
307.000000 315.000000 311.000000 0.007700 0.000091 
316.000000 324.000000 320.000000 0.007015 0.000085 
325.000000 333.000000 329.000000 0.006829 0.000080 
334.000000 342.000000 338.000000 0.005716 0.000074 
343.000000 351.000000 347.000000 0.004849 0.000069 
352.000000 360.000000 356.000000 0.003941 0.000065 
361.000000 369.000000 365.000000 0.003171 0.000060 
370.000000 378.000000 374.000000 0.002126 0.000057 
379.000000 387.000000 383.000000 0.001243 0.000053 
388.000000 396.000000 392.000000 0.000657 0.000051 
397.000000 405.000000 401.000000 0.000198 0.000048 
406.000000 414.000000 410.000000 -0.000877 0.000046 
415.000000 423.000000 419.000000 -0.001279 0.000045 
424.000000 432.000000 428.000000 -0.001778 0.000043 
433.000000 441.000000 437.000000 -0.002082 0.000042 
442.000000 450.000000 446.000000 -0.001901 0.000040 
451.000000 459.000000 455.000000 -0.002302 0.000039 
460.000000 468.000000 464.000000 -0.002314 0.000038 
469.000000 477.000000 473.000000 -0.002247 0.000037 
478.000000 486.000000 482.000000 -0.001908 0.000035 
487.000000 495.000000 491.000000 -0.001803 0.000034 
496.000000 504.000000 500.000000 -0.001565 0.000032 
505.000000 513.000000 509.000000 -0.001169 0.000019 
514.000000 522.000000 518.000000 -0.001103 0.000017 
523.000000 531.000000 527.000000 -0.000512 0.000017 
532.000000 540.000000 536.000000 -0.000360 0.000016 
541.000000 549.000000 545.000000 -0.000044 0.000016 
550.000000 558.000000 554.000000 0.000005 0.000016 
559.000000 567.000000 563.000000 0.000146 0.000015 
568.000000 576.000000 572.000000 0.000280 0.000015 
577.000000 585.000000 581.000000 0.000469 0.000015 
586.000000 594.000000 590.000000 0.000429 0.000015 
595.000000 603.000000 599.000000 0.000454 0.000015 
604.000000 612.000000 608.000000 0.000510 0.000015 
613.000000 621.000000 617.000000 0.000329 0.000015 
622.000000 630.000000 626.000000 0.000169 0.000015 
631.000000 639.000000 635.000000 0.000090 0.000015 
640.000000 648.000000 644.000000 -0.000160 0.000015 
649.000000 657.000000 653.000000 -0.000259 0.000015 
658.000000 666.000000 662.000000 -0.000440 0.000015 
667.000000 675.000000 671.000000 -0.000868 0.000015 
676.000000 684.000000 680.000000 -0.000853 0.000014 
685.000000 693.000000 689.000000 -0.001032 0.000014 
694.000000 702.000000 698.000000 -0.001231 0.000014 
703.000000 711.000000 707.000000 -0.001327 0.000013 
712.000000 720.000000 716.000000 -0.001428 0.000013 
721.000000 729.000000 725.000000 -0.001503 0.000013 
730.000000 738.000000 734.000000 -0.001480 0.000012 
739.000000 747.000000 743.000000 -0.001572 0.000012 
748.000000 756.000000 752.000000 -0.001532 0.000011 
757.000000 765.000000 761.000000 -0.001412 0.000011 
766.000000 774.000000 770.000000 -0.001244 0.000011 
775.000000 783.000000 779.000000 -0.001273 0.000010 
784.000000 792.000000 788.000000 -0.001017 0.000010 
793.000000 801.000000 797.000000 -0.000893 0.000010 
802.000000 810.000000 806.000000 -0.000823 0.000010 
811.000000 819.000000 815.000000 -0.000704 0.000010 
820.000000 828.000000 824.000000 -0.000454 0.000010 
829.000000 837.000000 833.000000 -0.000247 0.000010 
838.000000 846.000000 842.000000 -0.000150 0.000010 
847.000000 855.000000 851.000000 0.000049 0.000010 
856.000000 864.000000 860.000000 0.000083 0.000011 
865.000000 873.000000 869.000000 0.000175 0.000011 
874.000000 882.000000 878.000000 0.000295 0.000011 
883.000000 891.000000 887.000000 0.000428 0.000011 
892.000000 900.000000 896.000000 0.000317 0.000012 
901.000000 909.000000 905.000000 0.000451 0.000012 
910.000000 918.000000 914.000000 0.000507 0.000012 
919.000000 927.000000 923.000000 0.000345 0.000012 
928.000000 936.000000 932.000000 0.000407 0.000013 
937.000000 945.000000 941.000000 0.000331 0.000013 
946.000000 954.000000 950.000000 0.000274 0.000013 
955.000000 963.000000 959.000000 0.000198 0.000013 
964.000000 972.000000 968.000000 0.000148 0.000013 
973.000000 981.000000 977.000000 0.000038 0.000013 
982.000000 990.000000 986.000000 -0.000037 0.000013 
991.000000 999.000000 995.000000 -0.000135 0.000013 
1000.000000 1008.000000 1004.000000 -0.000229 0.000017 
1009.000000 1017.000000 1013.000000 -0.000309 0.000017 
1018.000000 1026.000000 1022.000000 -0.000267 0.000017 
1027.000000 1035.000000 1031.000000 -0.000318 0.000017 
1036.000000 1044.000000 1040.000000 -0.000340 0.000017 
1045.000000 1053.000000 1049.000000 -0.000454 0.000017 
1054.000000 1062.000000 1058.000000 -0.000487 0.000017 
1063.000000 1071.000000 1067.000000 -0.000470 0.000017 
1072.000000 1080.000000 1076.000000 -0.000411 0.000017 
1081.000000 1089.000000 1085.000000 -0.000398 0.000018 
1090.000000 1098.000000 1094.000000 -0.000419 0.000018 
1099.000000 1107.000000 1103.000000 -0.000247 0.000018 
1108.000000 1116.000000 1112.000000 -0.000323 0.000018 
1117.000000 1125.000000 1121.000000 -0.000275 0.000018 
1126.000000 1134.000000 1130.000000 -0.000243 0.000018 
1135.000000 1143.000000 1139.000000 -0.000257 0.000018 
1144.000000 1152.000000 1148.000000 -0.000153 0.000018 
1153.000000 1161.000000 1157.000000 -0.000092 0.000018 
1162.000000 1170.000000 1166.000000 -0.000099 0.000018 
1171.000000 1179.000000 1175.000000 -0.000080 0.000018 
1180.000000 1188.000000 1184.000000 -0.000032 0.000018 
1189.000000 1197.000000 1193.000000 -0.000018 0.000018 
1198.000000 1206.000000 1202.000000 0.000013 0.000018 
1207.000000 1215.000000 1211.000000 0.000048 0.000018 
1216.000000 1224.000000 1220.000000 0.000012 0.000018 
1225.000000 1233.000000 1229.000000 -0.000013 0.000019 
1234.000000 1242.000000 1238.000000 0.000003 0.000019 
1243.000000 1251.000000 1247.000000 0.000022 0.000019 
1252.000000 1260.000000 1256.000000 -0.000030 0.000019 
1261.000000 1269.000000 1265.000000 -0.000024 0.000019 
1270.000000 1278.000000 1274.000000 -0.000038 0.000019 
1279.000000 1287.000000 1283.000000 -0.000089 0.000019 
1288.000000 1296.000000 1292.000000 -0.000088 0.000019 
1297.000000 1305.000000 1301.000000 -0.000117 0.000019 
1306.000000 1314.000000 1310.000000 -0.000159 0.000019 
1315.000000 1323.000000 1319.000000 -0.000190 0.000019 
1324.000000 1332.000000 1328.000000 -0.000203 0.000020 
1333.000000 1341.000000 1337.000000 -0.000194 0.000020 
1342.000000 1350.000000 1346.000000 -0.000212 0.000020 
1351.000000 1359.000000 1355.000000 -0.000206 0.000020 
1360.000000 1368.000000 1364.000000 -0.000253 0.000020 
1369.000000 1377.000000 1373.000000 -0.000188 0.000021 
1378.000000 1386.000000 1382.000000 -0.000125 0.000021 
1387.000000 1395.000000 1391.000000 -0.000202 0.000021 
1396.000000 1404.000000 1400.000000 -0.000205 0.000021 
1405.000000 1413.000000 1409.000000 -0.000136 0.000022 
1414.000000 1422.000000 1418.000000 -0.000202 0.000022 
1423.000000 1431.000000 1427.000000 -0.000153 0.000022 
1432.000000 1440.000000 1436.000000 -0.000120 0.000022 
1441.000000 1449.000000 1445.000000 -0.000122 0.000022 
1450.000000 1458.000000 1454.000000 -0.000043 0.000023 
1459.000000 1467.000000 1463.000000 -0.000061 0.000023 
1468.000000 1476.000000 1472.000000 -0.000025 0.000023 
1477.000000 1485.000000 1481.000000 0.000002 0.000023 
1486.000000 1494.000000 1490.000000 -0.000029 0.000023 
1495.000000 1503.000000 1499.000000 -0.000036 0.000023 
1504.000000 1520.000000 1512.000000 0.000012 0.000017 
1521.000000 1537.000000 1529.000000 0.000013 0.000017 
1538.000000 1554.000000 1546.000000 0.000027 0.000017 
1555.000000 1571.000000 1563.000000 0.000009 0.000018 
1572.000000 1588.000000 1580.000000 -0.000005 0.000018 
1589.000000 1605.000000 1597.000000 -0.000049 0.000018 
1606.000000 1622.000000 1614.000000 -0.000016 0.000019 
1623.000000 1639.000000 1631.000000 -0.000068 0.000019 
1640.000000 1656.000000 1648.000000 -0.000068 0.000020 
1657.000000 1673.000000 1665.000000 -0.000066 0.000020 
1674.000000 1690.000000 1682.000000 -0.000053 0.000021 
1691.000000 1707.000000 1699.000000 -0.000033 0.000022 
1708.000000 1724.000000 1716.000000 -0.000081 0.000022 
1725.000000 1741.000000 1733.000000 -0.000039 0.000023 
1742.000000 1758.000000 1750.000000 -0.000068 0.000024 
1759.000000 1775.000000 1767.000000 -0.000023 0.000025 
1776.000000 1792.000000 1784.000000 -0.000044 0.000026 
1793.000000 1809.000000 1801.000000 0.000027 0.000027 
1810.000000 1826.000000 1818.000000 -0.000000 0.000028 
1827.000000 1843.000000 1835.000000 0.000014 0.000029 
1844.000000 1860.000000 1852.000000 -0.000002 0.000030 
1861.000000 1877.000000 1869.000000 -0.000025 0.000031 
1878.000000 1894.000000 1886.000000 -0.000006 0.000032 
1895.000000 1911.000000 1903.000000 -0.000048 0.000034 
1912.000000 1928.000000 1920.000000 0.000012 0.000035 
1929.000000 1945.000000 1937.000000 0.000017 0.000037 
1946.000000 1962.000000 1954.000000 -0.000007 0.000038 
1963.000000 1979.000000 1971.000000 -0.000088 0.000040 
1980.000000 1996.000000 1988.000000 -0.000002 0.000042 
