32.000000 6.757540 0.118339 
37.000000 5.679994 0.078864 
42.000000 5.132559 0.055913 
47.000000 3.812160 0.041655 
52.000000 3.187578 0.032477 
57.000000 3.381247 0.026450 
62.000000 2.598091 0.022264 
67.000000 2.629410 0.019189 
72.000000 2.355540 0.016803 
77.000000 1.882485 0.014841 
82.000000 2.034846 0.013235 
87.000000 1.972211 0.011920 
92.000000 1.762166 0.010825 
97.000000 1.742730 0.009930 
104.000000 1.706389 0.006738 
113.000000 1.570738 0.005964 
122.000000 1.450989 0.005345 
131.000000 1.342013 0.004832 
140.000000 1.341414 0.004409 
149.000000 1.192033 0.004035 
158.000000 1.194841 0.003711 
167.000000 1.110681 0.003411 
176.000000 1.017988 0.003133 
185.000000 0.970166 0.002874 
194.000000 0.906706 0.002626 
203.000000 0.846120 0.002392 
212.000000 0.805720 0.002167 
221.000000 0.767623 0.001955 
230.000000 0.672906 0.001757 
239.000000 0.642229 0.001572 
248.000000 0.561582 0.001399 
257.000000 0.499749 0.001241 
266.000000 0.445156 0.001097 
275.000000 0.414391 0.000968 
284.000000 0.356147 0.000851 
293.000000 0.315090 0.000746 
302.000000 0.270847 0.000653 
311.000000 0.234152 0.000570 
320.000000 0.206668 0.000497 
329.000000 0.185517 0.000432 
338.000000 0.155011 0.000376 
347.000000 0.129062 0.000327 
356.000000 0.117157 0.000285 
365.000000 0.103570 0.000251 
374.000000 0.092775 0.000222 
383.000000 0.082638 0.000198 
392.000000 0.073174 0.000179 
401.000000 0.068914 0.000164 
410.000000 0.064636 0.000152 
419.000000 0.062795 0.000144 
428.000000 0.061605 0.000137 
437.000000 0.058702 0.000133 
446.000000 0.059876 0.000129 
455.000000 0.062603 0.000126 
464.000000 0.064662 0.000124 
473.000000 0.062414 0.000122 
482.000000 0.062315 0.000119 
491.000000 0.062720 0.000117 
500.000000 0.061728 0.000114 
509.000000 0.063665 0.000111 
518.000000 0.060674 0.000108 
527.000000 0.059336 0.000104 
536.000000 0.055301 0.000100 
545.000000 0.052958 0.000096 
554.000000 0.052950 0.000091 
563.000000 0.050939 0.000086 
572.000000 0.046617 0.000081 
581.000000 0.044704 0.000077 
590.000000 0.043199 0.000072 
599.000000 0.039537 0.000067 
608.000000 0.036673 0.000063 
617.000000 0.035540 0.000059 
626.000000 0.031664 0.000056 
635.000000 0.030936 0.000053 
644.000000 0.028274 0.000050 
653.000000 0.027465 0.000047 
662.000000 0.027169 0.000045 
671.000000 0.025360 0.000043 
680.000000 0.023997 0.000042 
689.000000 0.024358 0.000041 
698.000000 0.024419 0.000040 
707.000000 0.024458 0.000040 
716.000000 0.023895 0.000039 
725.000000 0.024150 0.000039 
734.000000 0.023968 0.000039 
743.000000 0.025072 0.000039 
752.000000 0.025059 0.000038 
761.000000 0.025321 0.000038 
770.000000 0.025027 0.000038 
779.000000 0.024324 0.000037 
788.000000 0.025182 0.000037 
797.000000 0.024176 0.000036 
806.000000 0.024267 0.000036 
815.000000 0.024588 0.000035 
824.000000 0.023422 0.000034 
833.000000 0.022846 0.000033 
842.000000 0.022385 0.000032 
851.000000 0.020553 0.000030 
860.000000 0.020064 0.000029 
869.000000 0.019055 0.000027 
878.000000 0.017786 0.000026 
887.000000 0.016702 0.000024 
896.000000 0.015385 0.000023 
905.000000 0.014193 0.000022 
914.000000 0.013390 0.000020 
923.000000 0.011952 0.000019 
932.000000 0.011453 0.000018 
941.000000 0.010318 0.000017 
950.000000 0.009465 0.000016 
959.000000 0.008819 0.000015 
968.000000 0.008370 0.000015 
977.000000 0.007529 0.000014 
986.000000 0.007336 0.000014 
995.000000 0.006967 0.000013 
1004.000000 0.006453 0.000013 
1013.000000 0.006753 0.000013 
1022.000000 0.006378 0.000012 
1031.000000 0.006220 0.000012 
1040.000000 0.006222 0.000012 
1049.000000 0.006331 0.000012 
1058.000000 0.006472 0.000012 
1067.000000 0.006306 0.000012 
1076.000000 0.006355 0.000012 
1085.000000 0.006641 0.000012 
1094.000000 0.006513 0.000012 
1103.000000 0.006338 0.000012 
1112.000000 0.006226 0.000011 
1121.000000 0.006334 0.000011 
1130.000000 0.006165 0.000011 
1139.000000 0.005989 0.000011 
1148.000000 0.005903 0.000011 
1157.000000 0.005841 0.000011 
1166.000000 0.005466 0.000011 
1175.000000 0.005329 0.000010 
1184.000000 0.005236 0.000010 
1193.000000 0.004895 0.000010 
1202.000000 0.004455 0.000010 
1211.000000 0.004296 0.000010 
1220.000000 0.004215 0.000010 
1229.000000 0.003876 0.000010 
1238.000000 0.003779 0.000009 
1247.000000 0.003520 0.000009 
1256.000000 0.003284 0.000009 
1265.000000 0.003141 0.000009 
1274.000000 0.003065 0.000009 
1283.000000 0.002919 0.000009 
1292.000000 0.002934 0.000009 
1301.000000 0.002801 0.000009 
1310.000000 0.002668 0.000009 
1319.000000 0.002667 0.000009 
1328.000000 0.002669 0.000009 
1337.000000 0.002740 0.000009 
1346.000000 0.002632 0.000009 
1355.000000 0.002688 0.000009 
1364.000000 0.002701 0.000009 
1373.000000 0.002677 0.000009 
1382.000000 0.002615 0.000009 
1391.000000 0.002691 0.000010 
1400.000000 0.002737 0.000010 
1409.000000 0.002675 0.000010 
1418.000000 0.002619 0.000010 
1427.000000 0.002535 0.000010 
1436.000000 0.002528 0.000010 
1445.000000 0.002467 0.000010 
1454.000000 0.002363 0.000010 
1463.000000 0.002317 0.000010 
1472.000000 0.002248 0.000010 
1481.000000 0.002179 0.000010 
1490.000000 0.002114 0.000010 
1499.000000 0.002027 0.000010 
1512.000000 0.001877 0.000007 
1529.000000 0.001647 0.000007 
1546.000000 0.001512 0.000008 
1563.000000 0.001362 0.000008 
1580.000000 0.001237 0.000008 
1597.000000 0.001113 0.000008 
1614.000000 0.001039 0.000008 
1631.000000 0.001003 0.000008 
1648.000000 0.000973 0.000008 
1665.000000 0.000943 0.000009 
1682.000000 0.000915 0.000009 
1699.000000 0.000926 0.000009 
1716.000000 0.000895 0.000009 
1733.000000 0.000912 0.000009 
1750.000000 0.000824 0.000010 
1767.000000 0.000819 0.000010 
1784.000000 0.000785 0.000010 
1801.000000 0.000761 0.000010 
1818.000000 0.000707 0.000010 
1835.000000 0.000638 0.000011 
1852.000000 0.000601 0.000011 
1869.000000 0.000548 0.000011 
1886.000000 0.000525 0.000011 
1903.000000 0.000482 0.000012 
1920.000000 0.000478 0.000012 
1937.000000 0.000456 0.000012 
1954.000000 0.000428 0.000013 
1971.000000 0.000407 0.000013 
1988.000000 0.000413 0.000013 
2005.000000 0.000416 0.000014 
2030.000000 0.000402 0.000010 
2063.000000 0.000363 0.000011 
2096.000000 0.000345 0.000012 
2129.000000 0.000323 0.000013 
2162.000000 0.000261 0.000013 
2195.000000 0.000239 0.000014 
2228.000000 0.000217 0.000016 
2261.000000 0.000181 0.000017 
2294.000000 0.000165 0.000018 
2327.000000 0.000171 0.000020 
2360.000000 0.000149 0.000022 
2393.000000 0.000149 0.000024 
2426.000000 0.000107 0.000026 
2459.000000 0.000142 0.000028 
2492.000000 0.000109 0.000031 
