0.000000 1.000000 
1.000000 1.000000 
2.000000 0.999998 
3.000000 0.999997 
4.000000 0.999995 
5.000000 0.999992 
6.000000 0.999989 
7.000000 0.999985 
8.000000 0.999981 
9.000000 0.999976 
10.000000 0.999970 
11.000000 0.999965 
12.000000 0.999958 
13.000000 0.999951 
14.000000 0.999944 
15.000000 0.999936 
16.000000 0.999927 
17.000000 0.999918 
18.000000 0.999908 
19.000000 0.999898 
20.000000 0.999888 
21.000000 0.999876 
22.000000 0.999865 
23.000000 0.999852 
24.000000 0.999840 
25.000000 0.999826 
26.000000 0.999813 
27.000000 0.999798 
28.000000 0.999783 
29.000000 0.999768 
30.000000 0.999752 
31.000000 0.999736 
32.000000 0.999719 
33.000000 0.999701 
34.000000 0.999683 
35.000000 0.999665 
36.000000 0.999646 
37.000000 0.999627 
38.000000 0.999607 
39.000000 0.999586 
40.000000 0.999565 
41.000000 0.999543 
42.000000 0.999521 
43.000000 0.999499 
44.000000 0.999476 
45.000000 0.999452 
46.000000 0.999428 
47.000000 0.999404 
48.000000 0.999379 
49.000000 0.999353 
50.000000 0.999327 
51.000000 0.999301 
52.000000 0.999274 
53.000000 0.999247 
54.000000 0.999219 
55.000000 0.999191 
56.000000 0.999161 
57.000000 0.999132 
58.000000 0.999102 
59.000000 0.999072 
60.000000 0.999041 
61.000000 0.999010 
62.000000 0.998978 
63.000000 0.998946 
64.000000 0.998914 
65.000000 0.998881 
66.000000 0.998847 
67.000000 0.998813 
68.000000 0.998779 
69.000000 0.998744 
70.000000 0.998709 
71.000000 0.998673 
72.000000 0.998637 
73.000000 0.998600 
74.000000 0.998563 
75.000000 0.998526 
76.000000 0.998488 
77.000000 0.998449 
78.000000 0.998411 
79.000000 0.998371 
80.000000 0.998332 
81.000000 0.998292 
82.000000 0.998251 
83.000000 0.998210 
84.000000 0.998169 
85.000000 0.998127 
86.000000 0.998085 
87.000000 0.998043 
88.000000 0.997999 
89.000000 0.997956 
90.000000 0.997912 
91.000000 0.997868 
92.000000 0.997823 
93.000000 0.997778 
94.000000 0.997733 
95.000000 0.997687 
96.000000 0.997641 
97.000000 0.997595 
98.000000 0.997548 
99.000000 0.997500 
100.000000 0.997453 
101.000000 0.997405 
102.000000 0.997356 
103.000000 0.997307 
104.000000 0.997258 
105.000000 0.997208 
106.000000 0.997159 
107.000000 0.997108 
108.000000 0.997057 
109.000000 0.997006 
110.000000 0.996955 
111.000000 0.996903 
112.000000 0.996851 
113.000000 0.996799 
114.000000 0.996746 
115.000000 0.996693 
116.000000 0.996639 
117.000000 0.996585 
118.000000 0.996531 
119.000000 0.996477 
120.000000 0.996422 
121.000000 0.996366 
122.000000 0.996311 
123.000000 0.996255 
124.000000 0.996199 
125.000000 0.996142 
126.000000 0.996085 
127.000000 0.996028 
128.000000 0.995970 
129.000000 0.995912 
130.000000 0.995854 
131.000000 0.995795 
132.000000 0.995737 
133.000000 0.995677 
134.000000 0.995618 
135.000000 0.995558 
136.000000 0.995498 
137.000000 0.995437 
138.000000 0.995376 
139.000000 0.995315 
140.000000 0.995254 
141.000000 0.995192 
142.000000 0.995130 
143.000000 0.995068 
144.000000 0.995005 
145.000000 0.994942 
146.000000 0.994879 
147.000000 0.994815 
148.000000 0.994751 
149.000000 0.994687 
150.000000 0.994623 
151.000000 0.994558 
152.000000 0.994492 
153.000000 0.994427 
154.000000 0.994361 
155.000000 0.994295 
156.000000 0.994229 
157.000000 0.994162 
158.000000 0.994096 
159.000000 0.994028 
160.000000 0.993961 
161.000000 0.993893 
162.000000 0.993825 
163.000000 0.993757 
164.000000 0.993688 
165.000000 0.993619 
166.000000 0.993550 
167.000000 0.993480 
168.000000 0.993410 
169.000000 0.993340 
170.000000 0.993270 
171.000000 0.993199 
172.000000 0.993128 
173.000000 0.993057 
174.000000 0.992985 
175.000000 0.992913 
176.000000 0.992841 
177.000000 0.992769 
178.000000 0.992696 
179.000000 0.992623 
180.000000 0.992550 
181.000000 0.992476 
182.000000 0.992402 
183.000000 0.992328 
184.000000 0.992254 
185.000000 0.992179 
186.000000 0.992104 
187.000000 0.992028 
188.000000 0.991953 
189.000000 0.991877 
190.000000 0.991801 
191.000000 0.991724 
192.000000 0.991647 
193.000000 0.991570 
194.000000 0.991493 
195.000000 0.991415 
196.000000 0.991338 
197.000000 0.991259 
198.000000 0.991181 
199.000000 0.991102 
200.000000 0.991023 
201.000000 0.990943 
202.000000 0.990864 
203.000000 0.990784 
204.000000 0.990704 
205.000000 0.990623 
206.000000 0.990542 
207.000000 0.990461 
208.000000 0.990380 
209.000000 0.990298 
210.000000 0.990216 
211.000000 0.990133 
212.000000 0.990051 
213.000000 0.989968 
214.000000 0.989885 
215.000000 0.989801 
216.000000 0.989717 
217.000000 0.989633 
218.000000 0.989549 
219.000000 0.989464 
220.000000 0.989379 
221.000000 0.989294 
222.000000 0.989208 
223.000000 0.989122 
224.000000 0.989036 
225.000000 0.988949 
226.000000 0.988863 
227.000000 0.988775 
228.000000 0.988688 
229.000000 0.988600 
230.000000 0.988512 
231.000000 0.988424 
232.000000 0.988335 
233.000000 0.988246 
234.000000 0.988157 
235.000000 0.988067 
236.000000 0.987977 
237.000000 0.987887 
238.000000 0.987796 
239.000000 0.987706 
240.000000 0.987615 
241.000000 0.987523 
242.000000 0.987431 
243.000000 0.987339 
244.000000 0.987247 
245.000000 0.987154 
246.000000 0.987061 
247.000000 0.986968 
248.000000 0.986874 
249.000000 0.986780 
250.000000 0.986685 
251.000000 0.986591 
252.000000 0.986496 
253.000000 0.986400 
254.000000 0.986305 
255.000000 0.986209 
256.000000 0.986113 
257.000000 0.986016 
258.000000 0.985919 
259.000000 0.985822 
260.000000 0.985724 
261.000000 0.985626 
262.000000 0.985528 
263.000000 0.985430 
264.000000 0.985331 
265.000000 0.985231 
266.000000 0.985132 
267.000000 0.985032 
268.000000 0.984932 
269.000000 0.984831 
270.000000 0.984730 
271.000000 0.984629 
272.000000 0.984528 
273.000000 0.984426 
274.000000 0.984324 
275.000000 0.984221 
276.000000 0.984118 
277.000000 0.984015 
278.000000 0.983912 
279.000000 0.983808 
280.000000 0.983704 
281.000000 0.983599 
282.000000 0.983494 
283.000000 0.983389 
284.000000 0.983284 
285.000000 0.983178 
286.000000 0.983072 
287.000000 0.982965 
288.000000 0.982858 
289.000000 0.982751 
290.000000 0.982643 
291.000000 0.982536 
292.000000 0.982427 
293.000000 0.982319 
294.000000 0.982210 
295.000000 0.982101 
296.000000 0.981991 
297.000000 0.981881 
298.000000 0.981771 
299.000000 0.981660 
300.000000 0.981549 
301.000000 0.981438 
302.000000 0.981327 
303.000000 0.981215 
304.000000 0.981102 
305.000000 0.980990 
306.000000 0.980877 
307.000000 0.980763 
308.000000 0.980650 
309.000000 0.980536 
310.000000 0.980422 
311.000000 0.980307 
312.000000 0.980192 
313.000000 0.980077 
314.000000 0.979961 
315.000000 0.979845 
316.000000 0.979729 
317.000000 0.979612 
318.000000 0.979495 
319.000000 0.979378 
320.000000 0.979260 
321.000000 0.979142 
322.000000 0.979023 
323.000000 0.978905 
324.000000 0.978786 
325.000000 0.978666 
326.000000 0.978547 
327.000000 0.978427 
328.000000 0.978306 
329.000000 0.978185 
330.000000 0.978064 
331.000000 0.977943 
332.000000 0.977821 
333.000000 0.977699 
334.000000 0.977577 
335.000000 0.977454 
336.000000 0.977331 
337.000000 0.977207 
338.000000 0.977084 
339.000000 0.976960 
340.000000 0.976835 
341.000000 0.976710 
342.000000 0.976585 
343.000000 0.976460 
344.000000 0.976334 
345.000000 0.976208 
346.000000 0.976081 
347.000000 0.975955 
348.000000 0.975828 
349.000000 0.975700 
350.000000 0.975572 
351.000000 0.975444 
352.000000 0.975316 
353.000000 0.975187 
354.000000 0.975058 
355.000000 0.974929 
356.000000 0.974799 
357.000000 0.974669 
358.000000 0.974539 
359.000000 0.974408 
360.000000 0.974277 
361.000000 0.974145 
362.000000 0.974014 
363.000000 0.973882 
364.000000 0.973749 
365.000000 0.973616 
366.000000 0.973483 
367.000000 0.973350 
368.000000 0.973216 
369.000000 0.973082 
370.000000 0.972948 
371.000000 0.972813 
372.000000 0.972678 
373.000000 0.972543 
374.000000 0.972408 
375.000000 0.972272 
376.000000 0.972135 
377.000000 0.971999 
378.000000 0.971862 
379.000000 0.971724 
380.000000 0.971587 
381.000000 0.971449 
382.000000 0.971311 
383.000000 0.971172 
384.000000 0.971033 
385.000000 0.970894 
386.000000 0.970755 
387.000000 0.970615 
388.000000 0.970475 
389.000000 0.970334 
390.000000 0.970194 
391.000000 0.970052 
392.000000 0.969911 
393.000000 0.969769 
394.000000 0.969627 
395.000000 0.969485 
396.000000 0.969342 
397.000000 0.969199 
398.000000 0.969056 
399.000000 0.968912 
400.000000 0.968768 
401.000000 0.968624 
402.000000 0.968479 
403.000000 0.968334 
404.000000 0.968189 
405.000000 0.968043 
406.000000 0.967898 
407.000000 0.967751 
408.000000 0.967605 
409.000000 0.967458 
410.000000 0.967311 
411.000000 0.967163 
412.000000 0.967016 
413.000000 0.966867 
414.000000 0.966719 
415.000000 0.966570 
416.000000 0.966421 
417.000000 0.966272 
418.000000 0.966122 
419.000000 0.965972 
420.000000 0.965822 
421.000000 0.965672 
422.000000 0.965521 
423.000000 0.965369 
424.000000 0.965218 
425.000000 0.965066 
426.000000 0.964914 
427.000000 0.964761 
428.000000 0.964608 
429.000000 0.964455 
430.000000 0.964302 
431.000000 0.964148 
432.000000 0.963994 
433.000000 0.963840 
434.000000 0.963685 
435.000000 0.963530 
436.000000 0.963375 
437.000000 0.963219 
438.000000 0.963063 
439.000000 0.962907 
440.000000 0.962751 
441.000000 0.962594 
442.000000 0.962436 
443.000000 0.962279 
444.000000 0.962121 
445.000000 0.961963 
446.000000 0.961805 
447.000000 0.961646 
448.000000 0.961487 
449.000000 0.961328 
450.000000 0.961168 
451.000000 0.961008 
452.000000 0.960848 
453.000000 0.960687 
454.000000 0.960526 
455.000000 0.960365 
456.000000 0.960203 
457.000000 0.960042 
458.000000 0.959879 
459.000000 0.959717 
460.000000 0.959554 
461.000000 0.959391 
462.000000 0.959228 
463.000000 0.959064 
464.000000 0.958900 
465.000000 0.958736 
466.000000 0.958571 
467.000000 0.958406 
468.000000 0.958241 
469.000000 0.958075 
470.000000 0.957910 
471.000000 0.957743 
472.000000 0.957577 
473.000000 0.957410 
474.000000 0.957243 
475.000000 0.957075 
476.000000 0.956908 
477.000000 0.956740 
478.000000 0.956571 
479.000000 0.956403 
480.000000 0.956234 
481.000000 0.956064 
482.000000 0.955895 
483.000000 0.955725 
484.000000 0.955555 
485.000000 0.955384 
486.000000 0.955213 
487.000000 0.955042 
488.000000 0.954871 
489.000000 0.954699 
490.000000 0.954527 
491.000000 0.954354 
492.000000 0.954182 
493.000000 0.954009 
494.000000 0.953835 
495.000000 0.953662 
496.000000 0.953488 
497.000000 0.953314 
498.000000 0.953139 
499.000000 0.952964 
500.000000 0.952789 
501.000000 0.952614 
502.000000 0.952438 
503.000000 0.952262 
504.000000 0.952086 
505.000000 0.951909 
506.000000 0.951732 
507.000000 0.951555 
508.000000 0.951377 
509.000000 0.951199 
510.000000 0.951021 
511.000000 0.950842 
512.000000 0.950664 
513.000000 0.950484 
514.000000 0.950305 
515.000000 0.950125 
516.000000 0.949945 
517.000000 0.949765 
518.000000 0.949584 
519.000000 0.949403 
520.000000 0.949222 
521.000000 0.949040 
522.000000 0.948858 
523.000000 0.948676 
524.000000 0.948494 
525.000000 0.948311 
526.000000 0.948128 
527.000000 0.947945 
528.000000 0.947761 
529.000000 0.947577 
530.000000 0.947393 
531.000000 0.947208 
532.000000 0.947023 
533.000000 0.946838 
534.000000 0.946652 
535.000000 0.946467 
536.000000 0.946280 
537.000000 0.946094 
538.000000 0.945907 
539.000000 0.945720 
540.000000 0.945533 
541.000000 0.945345 
542.000000 0.945157 
543.000000 0.944969 
544.000000 0.944781 
545.000000 0.944592 
546.000000 0.944403 
547.000000 0.944213 
548.000000 0.944024 
549.000000 0.943834 
550.000000 0.943644 
551.000000 0.943453 
552.000000 0.943262 
553.000000 0.943071 
554.000000 0.942879 
555.000000 0.942687 
556.000000 0.942495 
557.000000 0.942303 
558.000000 0.942110 
559.000000 0.941917 
560.000000 0.941724 
561.000000 0.941531 
562.000000 0.941337 
563.000000 0.941143 
564.000000 0.940948 
565.000000 0.940754 
566.000000 0.940558 
567.000000 0.940363 
568.000000 0.940168 
569.000000 0.939972 
570.000000 0.939775 
571.000000 0.939579 
572.000000 0.939382 
573.000000 0.939185 
574.000000 0.938988 
575.000000 0.938790 
576.000000 0.938592 
577.000000 0.938394 
578.000000 0.938196 
579.000000 0.937997 
580.000000 0.937798 
581.000000 0.937598 
582.000000 0.937399 
583.000000 0.937199 
584.000000 0.936998 
585.000000 0.936798 
586.000000 0.936597 
587.000000 0.936396 
588.000000 0.936195 
589.000000 0.935993 
590.000000 0.935791 
591.000000 0.935589 
592.000000 0.935386 
593.000000 0.935183 
594.000000 0.934980 
595.000000 0.934777 
596.000000 0.934573 
597.000000 0.934370 
598.000000 0.934165 
599.000000 0.933961 
600.000000 0.933756 
601.000000 0.933551 
602.000000 0.933345 
603.000000 0.933140 
604.000000 0.932934 
605.000000 0.932728 
606.000000 0.932521 
607.000000 0.932315 
608.000000 0.932108 
609.000000 0.931900 
610.000000 0.931693 
611.000000 0.931485 
612.000000 0.931277 
613.000000 0.931068 
614.000000 0.930860 
615.000000 0.930651 
616.000000 0.930441 
617.000000 0.930232 
618.000000 0.930022 
619.000000 0.929812 
620.000000 0.929601 
621.000000 0.929391 
622.000000 0.929180 
623.000000 0.928968 
624.000000 0.928757 
625.000000 0.928545 
626.000000 0.928333 
627.000000 0.928121 
628.000000 0.927908 
629.000000 0.927696 
630.000000 0.927482 
631.000000 0.927269 
632.000000 0.927055 
633.000000 0.926841 
634.000000 0.926627 
635.000000 0.926413 
636.000000 0.926198 
637.000000 0.925983 
638.000000 0.925767 
639.000000 0.925552 
640.000000 0.925336 
641.000000 0.925120 
642.000000 0.924903 
643.000000 0.924687 
644.000000 0.924470 
645.000000 0.924253 
646.000000 0.924035 
647.000000 0.923817 
648.000000 0.923599 
649.000000 0.923381 
650.000000 0.923162 
651.000000 0.922944 
652.000000 0.922724 
653.000000 0.922505 
654.000000 0.922285 
655.000000 0.922065 
656.000000 0.921845 
657.000000 0.921625 
658.000000 0.921404 
659.000000 0.921183 
660.000000 0.920962 
661.000000 0.920740 
662.000000 0.920519 
663.000000 0.920296 
664.000000 0.920074 
665.000000 0.919851 
666.000000 0.919629 
667.000000 0.919405 
668.000000 0.919182 
669.000000 0.918958 
670.000000 0.918734 
671.000000 0.918510 
672.000000 0.918286 
673.000000 0.918061 
674.000000 0.917836 
675.000000 0.917611 
676.000000 0.917385 
677.000000 0.917159 
678.000000 0.916933 
679.000000 0.916707 
680.000000 0.916480 
681.000000 0.916253 
682.000000 0.916026 
683.000000 0.915799 
684.000000 0.915571 
685.000000 0.915343 
686.000000 0.915115 
687.000000 0.914886 
688.000000 0.914658 
689.000000 0.914429 
690.000000 0.914199 
691.000000 0.913970 
692.000000 0.913740 
693.000000 0.913510 
694.000000 0.913280 
695.000000 0.913049 
696.000000 0.912818 
697.000000 0.912587 
698.000000 0.912356 
699.000000 0.912124 
700.000000 0.911892 
701.000000 0.911660 
702.000000 0.911428 
703.000000 0.911195 
704.000000 0.910962 
705.000000 0.910729 
706.000000 0.910496 
707.000000 0.910262 
708.000000 0.910028 
709.000000 0.909794 
710.000000 0.909559 
711.000000 0.909325 
712.000000 0.909090 
713.000000 0.908854 
714.000000 0.908619 
715.000000 0.908383 
716.000000 0.908147 
717.000000 0.907911 
718.000000 0.907674 
719.000000 0.907437 
720.000000 0.907200 
721.000000 0.906963 
722.000000 0.906725 
723.000000 0.906487 
724.000000 0.906249 
725.000000 0.906011 
726.000000 0.905772 
727.000000 0.905533 
728.000000 0.905294 
729.000000 0.905055 
730.000000 0.904815 
731.000000 0.904575 
732.000000 0.904335 
733.000000 0.904095 
734.000000 0.903854 
735.000000 0.903613 
736.000000 0.903372 
737.000000 0.903130 
738.000000 0.902889 
739.000000 0.902647 
740.000000 0.902404 
741.000000 0.902162 
742.000000 0.901919 
743.000000 0.901676 
744.000000 0.901433 
745.000000 0.901190 
746.000000 0.900946 
747.000000 0.900702 
748.000000 0.900458 
749.000000 0.900213 
750.000000 0.899968 
751.000000 0.899723 
752.000000 0.899478 
753.000000 0.899233 
754.000000 0.898987 
755.000000 0.898741 
756.000000 0.898495 
757.000000 0.898248 
758.000000 0.898002 
759.000000 0.897755 
760.000000 0.897507 
761.000000 0.897260 
762.000000 0.897012 
763.000000 0.896764 
764.000000 0.896516 
765.000000 0.896268 
766.000000 0.896019 
767.000000 0.895770 
768.000000 0.895521 
769.000000 0.895271 
770.000000 0.895022 
771.000000 0.894772 
772.000000 0.894521 
773.000000 0.894271 
774.000000 0.894020 
775.000000 0.893769 
776.000000 0.893518 
777.000000 0.893267 
778.000000 0.893015 
779.000000 0.892763 
780.000000 0.892511 
781.000000 0.892259 
782.000000 0.892006 
783.000000 0.891753 
784.000000 0.891500 
785.000000 0.891247 
786.000000 0.890993 
787.000000 0.890739 
788.000000 0.890485 
789.000000 0.890231 
790.000000 0.889977 
791.000000 0.889722 
792.000000 0.889467 
793.000000 0.889211 
794.000000 0.888956 
795.000000 0.888700 
796.000000 0.888444 
797.000000 0.888188 
798.000000 0.887931 
799.000000 0.887675 
800.000000 0.887418 
801.000000 0.887161 
802.000000 0.886903 
803.000000 0.886646 
804.000000 0.886388 
805.000000 0.886130 
806.000000 0.885871 
807.000000 0.885613 
808.000000 0.885354 
809.000000 0.885095 
810.000000 0.884836 
811.000000 0.884576 
812.000000 0.884316 
813.000000 0.884056 
814.000000 0.883796 
815.000000 0.883536 
816.000000 0.883275 
817.000000 0.883014 
818.000000 0.882753 
819.000000 0.882492 
820.000000 0.882230 
821.000000 0.881968 
822.000000 0.881706 
823.000000 0.881444 
824.000000 0.881181 
825.000000 0.880919 
826.000000 0.880656 
827.000000 0.880392 
828.000000 0.880129 
829.000000 0.879865 
830.000000 0.879602 
831.000000 0.879337 
832.000000 0.879073 
833.000000 0.878809 
834.000000 0.878544 
835.000000 0.878279 
836.000000 0.878014 
837.000000 0.877748 
838.000000 0.877482 
839.000000 0.877217 
840.000000 0.876950 
841.000000 0.876684 
842.000000 0.876417 
843.000000 0.876151 
844.000000 0.875884 
845.000000 0.875616 
846.000000 0.875349 
847.000000 0.875081 
848.000000 0.874813 
849.000000 0.874545 
850.000000 0.874277 
851.000000 0.874008 
852.000000 0.873739 
853.000000 0.873470 
854.000000 0.873201 
855.000000 0.872932 
856.000000 0.872662 
857.000000 0.872392 
858.000000 0.872122 
859.000000 0.871852 
860.000000 0.871581 
861.000000 0.871310 
862.000000 0.871039 
863.000000 0.870768 
864.000000 0.870497 
865.000000 0.870225 
866.000000 0.869953 
867.000000 0.869681 
868.000000 0.869409 
869.000000 0.869136 
870.000000 0.868864 
871.000000 0.868591 
872.000000 0.868317 
873.000000 0.868044 
874.000000 0.867770 
875.000000 0.867496 
876.000000 0.867222 
877.000000 0.866948 
878.000000 0.866674 
879.000000 0.866399 
880.000000 0.866124 
881.000000 0.865849 
882.000000 0.865574 
883.000000 0.865298 
884.000000 0.865023 
885.000000 0.864747 
886.000000 0.864471 
887.000000 0.864194 
888.000000 0.863918 
889.000000 0.863641 
890.000000 0.863364 
891.000000 0.863087 
892.000000 0.862809 
893.000000 0.862532 
894.000000 0.862254 
895.000000 0.861976 
896.000000 0.861697 
897.000000 0.861419 
898.000000 0.861140 
899.000000 0.860862 
900.000000 0.860582 
901.000000 0.860303 
902.000000 0.860024 
903.000000 0.859744 
904.000000 0.859464 
905.000000 0.859184 
906.000000 0.858904 
907.000000 0.858623 
908.000000 0.858342 
909.000000 0.858061 
910.000000 0.857780 
911.000000 0.857499 
912.000000 0.857217 
913.000000 0.856936 
914.000000 0.856654 
915.000000 0.856371 
916.000000 0.856089 
917.000000 0.855806 
918.000000 0.855524 
919.000000 0.855241 
920.000000 0.854957 
921.000000 0.854674 
922.000000 0.854390 
923.000000 0.854107 
924.000000 0.853823 
925.000000 0.853538 
926.000000 0.853254 
927.000000 0.852969 
928.000000 0.852685 
929.000000 0.852400 
930.000000 0.852114 
931.000000 0.851829 
932.000000 0.851543 
933.000000 0.851258 
934.000000 0.850972 
935.000000 0.850686 
936.000000 0.850399 
937.000000 0.850112 
938.000000 0.849826 
939.000000 0.849539 
940.000000 0.849251 
941.000000 0.848964 
942.000000 0.848677 
943.000000 0.848389 
944.000000 0.848101 
945.000000 0.847813 
946.000000 0.847524 
947.000000 0.847236 
948.000000 0.846947 
949.000000 0.846658 
950.000000 0.846369 
951.000000 0.846080 
952.000000 0.845790 
953.000000 0.845500 
954.000000 0.845210 
955.000000 0.844920 
956.000000 0.844630 
957.000000 0.844339 
958.000000 0.844049 
959.000000 0.843758 
960.000000 0.843467 
961.000000 0.843176 
962.000000 0.842884 
963.000000 0.842593 
964.000000 0.842301 
965.000000 0.842009 
966.000000 0.841717 
967.000000 0.841424 
968.000000 0.841132 
969.000000 0.840839 
970.000000 0.840546 
971.000000 0.840253 
972.000000 0.839959 
973.000000 0.839666 
974.000000 0.839372 
975.000000 0.839078 
976.000000 0.838784 
977.000000 0.838490 
978.000000 0.838195 
979.000000 0.837901 
980.000000 0.837606 
981.000000 0.837311 
982.000000 0.837016 
983.000000 0.836721 
984.000000 0.836425 
985.000000 0.836129 
986.000000 0.835833 
987.000000 0.835537 
988.000000 0.835241 
989.000000 0.834944 
990.000000 0.834648 
991.000000 0.834351 
992.000000 0.834054 
993.000000 0.833757 
994.000000 0.833459 
995.000000 0.833162 
996.000000 0.832864 
997.000000 0.832566 
998.000000 0.832268 
999.000000 0.831970 
1000.000000 0.831671 
1001.000000 0.831373 
1002.000000 0.831074 
1003.000000 0.830775 
1004.000000 0.830476 
1005.000000 0.830177 
1006.000000 0.829877 
1007.000000 0.829578 
1008.000000 0.829278 
1009.000000 0.828978 
1010.000000 0.828677 
1011.000000 0.828377 
1012.000000 0.828077 
1013.000000 0.827776 
1014.000000 0.827475 
1015.000000 0.827174 
1016.000000 0.826873 
1017.000000 0.826571 
1018.000000 0.826270 
1019.000000 0.825968 
1020.000000 0.825666 
1021.000000 0.825364 
1022.000000 0.825062 
1023.000000 0.824759 
1024.000000 0.824457 
1025.000000 0.824154 
1026.000000 0.823851 
1027.000000 0.823548 
1028.000000 0.823245 
1029.000000 0.822941 
1030.000000 0.822638 
1031.000000 0.822334 
1032.000000 0.822030 
1033.000000 0.821726 
1034.000000 0.821422 
1035.000000 0.821117 
1036.000000 0.820812 
1037.000000 0.820508 
1038.000000 0.820203 
1039.000000 0.819898 
1040.000000 0.819592 
1041.000000 0.819287 
1042.000000 0.818981 
1043.000000 0.818676 
1044.000000 0.818370 
1045.000000 0.818064 
1046.000000 0.817757 
1047.000000 0.817451 
1048.000000 0.817145 
1049.000000 0.816838 
1050.000000 0.816531 
1051.000000 0.816224 
1052.000000 0.815917 
1053.000000 0.815609 
1054.000000 0.815302 
1055.000000 0.814994 
1056.000000 0.814686 
1057.000000 0.814378 
1058.000000 0.814070 
1059.000000 0.813762 
1060.000000 0.813453 
1061.000000 0.813145 
1062.000000 0.812836 
1063.000000 0.812527 
1064.000000 0.812218 
1065.000000 0.811908 
1066.000000 0.811599 
1067.000000 0.811289 
1068.000000 0.810980 
1069.000000 0.810670 
1070.000000 0.810360 
1071.000000 0.810050 
1072.000000 0.809739 
1073.000000 0.809429 
1074.000000 0.809118 
1075.000000 0.808807 
1076.000000 0.808496 
1077.000000 0.808185 
1078.000000 0.807874 
1079.000000 0.807562 
1080.000000 0.807251 
1081.000000 0.806939 
1082.000000 0.806627 
1083.000000 0.806315 
1084.000000 0.806003 
1085.000000 0.805691 
1086.000000 0.805378 
1087.000000 0.805065 
1088.000000 0.804753 
1089.000000 0.804440 
1090.000000 0.804127 
1091.000000 0.803813 
1092.000000 0.803500 
1093.000000 0.803187 
1094.000000 0.802873 
1095.000000 0.802559 
1096.000000 0.802245 
1097.000000 0.801931 
1098.000000 0.801616 
1099.000000 0.801302 
1100.000000 0.800987 
1101.000000 0.800673 
1102.000000 0.800358 
1103.000000 0.800043 
1104.000000 0.799728 
1105.000000 0.799412 
1106.000000 0.799097 
1107.000000 0.798781 
1108.000000 0.798466 
1109.000000 0.798150 
1110.000000 0.797834 
1111.000000 0.797518 
1112.000000 0.797201 
1113.000000 0.796885 
1114.000000 0.796568 
1115.000000 0.796251 
1116.000000 0.795934 
1117.000000 0.795617 
1118.000000 0.795300 
1119.000000 0.794983 
1120.000000 0.794665 
1121.000000 0.794348 
1122.000000 0.794030 
1123.000000 0.793712 
1124.000000 0.793394 
1125.000000 0.793076 
1126.000000 0.792758 
1127.000000 0.792439 
1128.000000 0.792121 
1129.000000 0.791802 
1130.000000 0.791483 
1131.000000 0.791164 
1132.000000 0.790845 
1133.000000 0.790525 
1134.000000 0.790206 
1135.000000 0.789886 
1136.000000 0.789567 
1137.000000 0.789247 
1138.000000 0.788927 
1139.000000 0.788607 
1140.000000 0.788287 
1141.000000 0.787966 
1142.000000 0.787646 
1143.000000 0.787325 
1144.000000 0.787004 
1145.000000 0.786683 
1146.000000 0.786362 
1147.000000 0.786041 
1148.000000 0.785719 
1149.000000 0.785398 
1150.000000 0.785076 
1151.000000 0.784755 
1152.000000 0.784433 
1153.000000 0.784111 
1154.000000 0.783789 
1155.000000 0.783466 
1156.000000 0.783144 
1157.000000 0.782821 
1158.000000 0.782499 
1159.000000 0.782176 
1160.000000 0.781853 
1161.000000 0.781530 
1162.000000 0.781206 
1163.000000 0.780883 
1164.000000 0.780560 
1165.000000 0.780236 
1166.000000 0.779912 
1167.000000 0.779588 
1168.000000 0.779264 
1169.000000 0.778940 
1170.000000 0.778616 
1171.000000 0.778292 
1172.000000 0.777967 
1173.000000 0.777643 
1174.000000 0.777318 
1175.000000 0.776993 
1176.000000 0.776668 
1177.000000 0.776343 
1178.000000 0.776017 
1179.000000 0.775692 
1180.000000 0.775366 
1181.000000 0.775041 
1182.000000 0.774715 
1183.000000 0.774389 
1184.000000 0.774063 
1185.000000 0.773737 
1186.000000 0.773411 
1187.000000 0.773084 
1188.000000 0.772758 
1189.000000 0.772431 
1190.000000 0.772104 
1191.000000 0.771777 
1192.000000 0.771450 
1193.000000 0.771123 
1194.000000 0.770796 
1195.000000 0.770468 
1196.000000 0.770141 
1197.000000 0.769813 
1198.000000 0.769485 
1199.000000 0.769157 
1200.000000 0.768829 
1201.000000 0.768501 
1202.000000 0.768173 
1203.000000 0.767845 
1204.000000 0.767516 
1205.000000 0.767188 
1206.000000 0.766859 
1207.000000 0.766530 
1208.000000 0.766201 
1209.000000 0.765872 
1210.000000 0.765543 
1211.000000 0.765213 
1212.000000 0.764884 
1213.000000 0.764554 
1214.000000 0.764225 
1215.000000 0.763895 
1216.000000 0.763565 
1217.000000 0.763235 
1218.000000 0.762905 
1219.000000 0.762575 
1220.000000 0.762244 
1221.000000 0.761914 
1222.000000 0.761583 
1223.000000 0.761253 
1224.000000 0.760922 
1225.000000 0.760591 
1226.000000 0.760260 
1227.000000 0.759928 
1228.000000 0.759597 
1229.000000 0.759266 
1230.000000 0.758934 
1231.000000 0.758603 
1232.000000 0.758271 
1233.000000 0.757939 
1234.000000 0.757607 
1235.000000 0.757275 
1236.000000 0.756943 
1237.000000 0.756611 
1238.000000 0.756278 
1239.000000 0.755946 
1240.000000 0.755613 
1241.000000 0.755280 
1242.000000 0.754947 
1243.000000 0.754614 
1244.000000 0.754281 
1245.000000 0.753948 
1246.000000 0.753615 
1247.000000 0.753282 
1248.000000 0.752948 
1249.000000 0.752615 
1250.000000 0.752281 
1251.000000 0.751947 
1252.000000 0.751613 
1253.000000 0.751279 
1254.000000 0.750945 
1255.000000 0.750611 
1256.000000 0.750277 
1257.000000 0.749942 
1258.000000 0.749608 
1259.000000 0.749273 
1260.000000 0.748938 
1261.000000 0.748603 
1262.000000 0.748268 
1263.000000 0.747933 
1264.000000 0.747598 
1265.000000 0.747263 
1266.000000 0.746928 
1267.000000 0.746592 
1268.000000 0.746257 
1269.000000 0.745921 
1270.000000 0.745585 
1271.000000 0.745249 
1272.000000 0.744913 
1273.000000 0.744577 
1274.000000 0.744241 
1275.000000 0.743905 
1276.000000 0.743568 
1277.000000 0.743232 
1278.000000 0.742895 
1279.000000 0.742559 
1280.000000 0.742222 
1281.000000 0.741885 
1282.000000 0.741548 
1283.000000 0.741211 
1284.000000 0.740874 
1285.000000 0.740537 
1286.000000 0.740200 
1287.000000 0.739862 
1288.000000 0.739524 
1289.000000 0.739187 
1290.000000 0.738849 
1291.000000 0.738511 
1292.000000 0.738173 
1293.000000 0.737835 
1294.000000 0.737497 
1295.000000 0.737159 
1296.000000 0.736821 
1297.000000 0.736482 
1298.000000 0.736144 
1299.000000 0.735805 
1300.000000 0.735467 
1301.000000 0.735128 
1302.000000 0.734789 
1303.000000 0.734450 
1304.000000 0.734111 
1305.000000 0.733772 
1306.000000 0.733433 
1307.000000 0.733093 
1308.000000 0.732754 
1309.000000 0.732414 
1310.000000 0.732075 
1311.000000 0.731735 
1312.000000 0.731395 
1313.000000 0.731056 
1314.000000 0.730716 
1315.000000 0.730376 
1316.000000 0.730035 
1317.000000 0.729695 
1318.000000 0.729355 
1319.000000 0.729015 
1320.000000 0.728674 
1321.000000 0.728333 
1322.000000 0.727993 
1323.000000 0.727652 
1324.000000 0.727311 
1325.000000 0.726970 
1326.000000 0.726629 
1327.000000 0.726288 
1328.000000 0.725947 
1329.000000 0.725606 
1330.000000 0.725264 
1331.000000 0.724923 
1332.000000 0.724582 
1333.000000 0.724240 
1334.000000 0.723898 
1335.000000 0.723556 
1336.000000 0.723215 
1337.000000 0.722873 
1338.000000 0.722531 
1339.000000 0.722188 
1340.000000 0.721846 
1341.000000 0.721504 
1342.000000 0.721162 
1343.000000 0.720819 
1344.000000 0.720477 
1345.000000 0.720134 
1346.000000 0.719791 
1347.000000 0.719449 
1348.000000 0.719106 
1349.000000 0.718763 
1350.000000 0.718420 
1351.000000 0.718077 
1352.000000 0.717734 
1353.000000 0.717390 
1354.000000 0.717047 
1355.000000 0.716703 
1356.000000 0.716360 
1357.000000 0.716016 
1358.000000 0.715673 
1359.000000 0.715329 
1360.000000 0.714985 
1361.000000 0.714641 
1362.000000 0.714297 
1363.000000 0.713953 
1364.000000 0.713609 
1365.000000 0.713265 
1366.000000 0.712921 
1367.000000 0.712576 
1368.000000 0.712232 
1369.000000 0.711887 
1370.000000 0.711543 
1371.000000 0.711198 
1372.000000 0.710853 
1373.000000 0.710508 
1374.000000 0.710164 
1375.000000 0.709819 
1376.000000 0.709474 
1377.000000 0.709128 
1378.000000 0.708783 
1379.000000 0.708438 
1380.000000 0.708093 
1381.000000 0.707747 
1382.000000 0.707402 
1383.000000 0.707056 
1384.000000 0.706711 
1385.000000 0.706365 
1386.000000 0.706019 
1387.000000 0.705673 
1388.000000 0.705327 
1389.000000 0.704981 
1390.000000 0.704635 
1391.000000 0.704289 
1392.000000 0.703943 
1393.000000 0.703597 
1394.000000 0.703250 
1395.000000 0.702904 
1396.000000 0.702557 
1397.000000 0.702211 
1398.000000 0.701864 
1399.000000 0.701518 
1400.000000 0.701171 
1401.000000 0.700824 
1402.000000 0.700477 
1403.000000 0.700130 
1404.000000 0.699783 
1405.000000 0.699436 
1406.000000 0.699089 
1407.000000 0.698741 
1408.000000 0.698394 
1409.000000 0.698047 
1410.000000 0.697699 
1411.000000 0.697352 
1412.000000 0.697004 
1413.000000 0.696657 
1414.000000 0.696309 
1415.000000 0.695961 
1416.000000 0.695613 
1417.000000 0.695265 
1418.000000 0.694918 
1419.000000 0.694569 
1420.000000 0.694221 
1421.000000 0.693873 
1422.000000 0.693525 
1423.000000 0.693177 
1424.000000 0.692828 
1425.000000 0.692480 
1426.000000 0.692132 
1427.000000 0.691783 
1428.000000 0.691435 
1429.000000 0.691086 
1430.000000 0.690737 
1431.000000 0.690388 
1432.000000 0.690040 
1433.000000 0.689691 
1434.000000 0.689342 
1435.000000 0.688993 
1436.000000 0.688644 
1437.000000 0.688295 
1438.000000 0.687945 
1439.000000 0.687596 
1440.000000 0.687247 
1441.000000 0.686897 
1442.000000 0.686548 
1443.000000 0.686199 
1444.000000 0.685849 
1445.000000 0.685500 
1446.000000 0.685150 
1447.000000 0.684800 
1448.000000 0.684450 
1449.000000 0.684101 
1450.000000 0.683751 
1451.000000 0.683401 
1452.000000 0.683051 
1453.000000 0.682701 
1454.000000 0.682351 
1455.000000 0.682001 
1456.000000 0.681650 
1457.000000 0.681300 
1458.000000 0.680950 
1459.000000 0.680600 
1460.000000 0.680249 
1461.000000 0.679899 
1462.000000 0.679548 
1463.000000 0.679198 
1464.000000 0.678847 
1465.000000 0.678496 
1466.000000 0.678146 
1467.000000 0.677795 
1468.000000 0.677444 
1469.000000 0.677093 
1470.000000 0.676742 
1471.000000 0.676391 
1472.000000 0.676040 
1473.000000 0.675689 
1474.000000 0.675338 
1475.000000 0.674987 
1476.000000 0.674636 
1477.000000 0.674285 
1478.000000 0.673933 
1479.000000 0.673582 
1480.000000 0.673231 
1481.000000 0.672879 
1482.000000 0.672528 
1483.000000 0.672176 
1484.000000 0.671824 
1485.000000 0.671473 
1486.000000 0.671121 
1487.000000 0.670769 
1488.000000 0.670418 
1489.000000 0.670066 
1490.000000 0.669714 
1491.000000 0.669362 
1492.000000 0.669010 
1493.000000 0.668658 
1494.000000 0.668306 
1495.000000 0.667954 
1496.000000 0.667602 
1497.000000 0.667250 
1498.000000 0.666898 
1499.000000 0.666545 
1500.000000 0.666193 
1501.000000 0.665841 
1502.000000 0.665488 
1503.000000 0.665136 
1504.000000 0.664783 
1505.000000 0.664431 
1506.000000 0.664078 
1507.000000 0.663726 
1508.000000 0.663373 
1509.000000 0.663021 
1510.000000 0.662668 
1511.000000 0.662315 
1512.000000 0.661962 
1513.000000 0.661610 
1514.000000 0.661257 
1515.000000 0.660904 
1516.000000 0.660551 
1517.000000 0.660198 
1518.000000 0.659845 
1519.000000 0.659492 
1520.000000 0.659139 
1521.000000 0.658786 
1522.000000 0.658432 
1523.000000 0.658079 
1524.000000 0.657726 
1525.000000 0.657373 
1526.000000 0.657020 
1527.000000 0.656666 
1528.000000 0.656313 
1529.000000 0.655959 
1530.000000 0.655606 
1531.000000 0.655252 
1532.000000 0.654899 
1533.000000 0.654545 
1534.000000 0.654192 
1535.000000 0.653838 
1536.000000 0.653485 
1537.000000 0.653131 
1538.000000 0.652777 
1539.000000 0.652423 
1540.000000 0.652070 
1541.000000 0.651716 
1542.000000 0.651362 
1543.000000 0.651008 
1544.000000 0.650654 
1545.000000 0.650300 
1546.000000 0.649946 
1547.000000 0.649592 
1548.000000 0.649238 
1549.000000 0.648884 
1550.000000 0.648530 
1551.000000 0.648176 
1552.000000 0.647822 
1553.000000 0.647467 
1554.000000 0.647113 
1555.000000 0.646759 
1556.000000 0.646405 
1557.000000 0.646050 
1558.000000 0.645696 
1559.000000 0.645342 
1560.000000 0.644987 
1561.000000 0.644633 
1562.000000 0.644278 
1563.000000 0.643924 
1564.000000 0.643569 
1565.000000 0.643215 
1566.000000 0.642860 
1567.000000 0.642506 
1568.000000 0.642151 
1569.000000 0.641797 
1570.000000 0.641442 
1571.000000 0.641087 
1572.000000 0.640733 
1573.000000 0.640378 
1574.000000 0.640023 
1575.000000 0.639668 
1576.000000 0.639313 
1577.000000 0.638959 
1578.000000 0.638604 
1579.000000 0.638249 
1580.000000 0.637894 
1581.000000 0.637539 
1582.000000 0.637184 
1583.000000 0.636829 
1584.000000 0.636474 
1585.000000 0.636119 
1586.000000 0.635764 
1587.000000 0.635409 
1588.000000 0.635054 
1589.000000 0.634699 
1590.000000 0.634344 
1591.000000 0.633989 
1592.000000 0.633633 
1593.000000 0.633278 
1594.000000 0.632923 
1595.000000 0.632568 
1596.000000 0.632212 
1597.000000 0.631857 
1598.000000 0.631502 
1599.000000 0.631147 
1600.000000 0.630791 
1601.000000 0.630436 
1602.000000 0.630081 
1603.000000 0.629725 
1604.000000 0.629370 
1605.000000 0.629014 
1606.000000 0.628659 
1607.000000 0.628304 
1608.000000 0.627948 
1609.000000 0.627593 
1610.000000 0.627237 
1611.000000 0.626882 
1612.000000 0.626526 
1613.000000 0.626171 
1614.000000 0.625815 
1615.000000 0.625459 
1616.000000 0.625104 
1617.000000 0.624748 
1618.000000 0.624393 
1619.000000 0.624037 
1620.000000 0.623681 
1621.000000 0.623326 
1622.000000 0.622970 
1623.000000 0.622614 
1624.000000 0.622259 
1625.000000 0.621903 
1626.000000 0.621547 
1627.000000 0.621192 
1628.000000 0.620836 
1629.000000 0.620480 
1630.000000 0.620124 
1631.000000 0.619769 
1632.000000 0.619413 
1633.000000 0.619057 
1634.000000 0.618701 
1635.000000 0.618345 
1636.000000 0.617990 
1637.000000 0.617634 
1638.000000 0.617278 
1639.000000 0.616922 
1640.000000 0.616566 
1641.000000 0.616210 
1642.000000 0.615854 
1643.000000 0.615499 
1644.000000 0.615143 
1645.000000 0.614787 
1646.000000 0.614431 
1647.000000 0.614075 
1648.000000 0.613719 
1649.000000 0.613363 
1650.000000 0.613007 
1651.000000 0.612651 
1652.000000 0.612295 
1653.000000 0.611939 
1654.000000 0.611584 
1655.000000 0.611228 
1656.000000 0.610872 
1657.000000 0.610516 
1658.000000 0.610160 
1659.000000 0.609804 
1660.000000 0.609448 
1661.000000 0.609092 
1662.000000 0.608736 
1663.000000 0.608380 
1664.000000 0.608024 
1665.000000 0.607668 
1666.000000 0.607312 
1667.000000 0.606956 
1668.000000 0.606600 
1669.000000 0.606244 
1670.000000 0.605888 
1671.000000 0.605532 
1672.000000 0.605176 
1673.000000 0.604820 
1674.000000 0.604464 
1675.000000 0.604108 
1676.000000 0.603752 
1677.000000 0.603396 
1678.000000 0.603040 
1679.000000 0.602684 
1680.000000 0.602328 
1681.000000 0.601972 
1682.000000 0.601616 
1683.000000 0.601260 
1684.000000 0.600905 
1685.000000 0.600549 
1686.000000 0.600193 
1687.000000 0.599837 
1688.000000 0.599481 
1689.000000 0.599125 
1690.000000 0.598769 
1691.000000 0.598413 
1692.000000 0.598057 
1693.000000 0.597701 
1694.000000 0.597345 
1695.000000 0.596989 
1696.000000 0.596633 
1697.000000 0.596277 
1698.000000 0.595922 
1699.000000 0.595566 
1700.000000 0.595210 
1701.000000 0.594854 
1702.000000 0.594498 
1703.000000 0.594142 
1704.000000 0.593786 
1705.000000 0.593431 
1706.000000 0.593075 
1707.000000 0.592719 
1708.000000 0.592363 
1709.000000 0.592007 
1710.000000 0.591652 
1711.000000 0.591296 
1712.000000 0.590940 
1713.000000 0.590584 
1714.000000 0.590229 
1715.000000 0.589873 
1716.000000 0.589517 
1717.000000 0.589161 
1718.000000 0.588806 
1719.000000 0.588450 
1720.000000 0.588094 
1721.000000 0.587739 
1722.000000 0.587383 
1723.000000 0.587027 
1724.000000 0.586672 
1725.000000 0.586316 
1726.000000 0.585961 
1727.000000 0.585605 
1728.000000 0.585249 
1729.000000 0.584894 
1730.000000 0.584538 
1731.000000 0.584183 
1732.000000 0.583827 
1733.000000 0.583472 
1734.000000 0.583116 
1735.000000 0.582761 
1736.000000 0.582405 
1737.000000 0.582050 
1738.000000 0.581694 
1739.000000 0.581339 
1740.000000 0.580984 
1741.000000 0.580628 
1742.000000 0.580273 
1743.000000 0.579918 
1744.000000 0.579562 
1745.000000 0.579207 
1746.000000 0.578852 
1747.000000 0.578496 
1748.000000 0.578141 
1749.000000 0.577786 
1750.000000 0.577431 
1751.000000 0.577076 
1752.000000 0.576720 
1753.000000 0.576365 
1754.000000 0.576010 
1755.000000 0.575655 
1756.000000 0.575300 
1757.000000 0.574945 
1758.000000 0.574590 
1759.000000 0.574235 
1760.000000 0.573880 
1761.000000 0.573525 
1762.000000 0.573170 
1763.000000 0.572815 
1764.000000 0.572460 
1765.000000 0.572105 
1766.000000 0.571750 
1767.000000 0.571395 
1768.000000 0.571040 
1769.000000 0.570686 
1770.000000 0.570331 
1771.000000 0.569976 
1772.000000 0.569621 
1773.000000 0.569266 
1774.000000 0.568912 
1775.000000 0.568557 
1776.000000 0.568202 
1777.000000 0.567848 
1778.000000 0.567493 
1779.000000 0.567139 
1780.000000 0.566784 
1781.000000 0.566430 
1782.000000 0.566075 
1783.000000 0.565721 
1784.000000 0.565366 
1785.000000 0.565012 
1786.000000 0.564657 
1787.000000 0.564303 
1788.000000 0.563949 
1789.000000 0.563594 
1790.000000 0.563240 
1791.000000 0.562886 
1792.000000 0.562532 
1793.000000 0.562177 
1794.000000 0.561823 
1795.000000 0.561469 
1796.000000 0.561115 
1797.000000 0.560761 
1798.000000 0.560407 
1799.000000 0.560053 
1800.000000 0.559699 
1801.000000 0.559345 
1802.000000 0.558991 
1803.000000 0.558637 
1804.000000 0.558283 
1805.000000 0.557929 
1806.000000 0.557575 
1807.000000 0.557221 
1808.000000 0.556868 
1809.000000 0.556514 
1810.000000 0.556160 
1811.000000 0.555807 
1812.000000 0.555453 
1813.000000 0.555099 
1814.000000 0.554746 
1815.000000 0.554392 
1816.000000 0.554039 
1817.000000 0.553685 
1818.000000 0.553332 
1819.000000 0.552978 
1820.000000 0.552625 
1821.000000 0.552272 
1822.000000 0.551918 
1823.000000 0.551565 
1824.000000 0.551212 
1825.000000 0.550859 
1826.000000 0.550505 
1827.000000 0.550152 
1828.000000 0.549799 
1829.000000 0.549446 
1830.000000 0.549093 
1831.000000 0.548740 
1832.000000 0.548387 
1833.000000 0.548034 
1834.000000 0.547681 
1835.000000 0.547329 
1836.000000 0.546976 
1837.000000 0.546623 
1838.000000 0.546270 
1839.000000 0.545918 
1840.000000 0.545565 
1841.000000 0.545212 
1842.000000 0.544860 
1843.000000 0.544507 
1844.000000 0.544155 
1845.000000 0.543802 
1846.000000 0.543450 
1847.000000 0.543098 
1848.000000 0.542745 
1849.000000 0.542393 
1850.000000 0.542041 
1851.000000 0.541688 
1852.000000 0.541336 
1853.000000 0.540984 
1854.000000 0.540632 
1855.000000 0.540280 
1856.000000 0.539928 
1857.000000 0.539576 
1858.000000 0.539224 
1859.000000 0.538872 
1860.000000 0.538520 
1861.000000 0.538169 
1862.000000 0.537817 
1863.000000 0.537465 
1864.000000 0.537113 
1865.000000 0.536762 
1866.000000 0.536410 
1867.000000 0.536059 
1868.000000 0.535707 
1869.000000 0.535356 
1870.000000 0.535004 
1871.000000 0.534653 
1872.000000 0.534302 
1873.000000 0.533950 
1874.000000 0.533599 
1875.000000 0.533248 
1876.000000 0.532897 
1877.000000 0.532546 
1878.000000 0.532195 
1879.000000 0.531844 
1880.000000 0.531493 
1881.000000 0.531142 
1882.000000 0.530791 
1883.000000 0.530440 
1884.000000 0.530090 
1885.000000 0.529739 
1886.000000 0.529388 
1887.000000 0.529038 
1888.000000 0.528687 
1889.000000 0.528337 
1890.000000 0.527986 
1891.000000 0.527636 
1892.000000 0.527286 
1893.000000 0.526935 
1894.000000 0.526585 
1895.000000 0.526235 
1896.000000 0.525885 
1897.000000 0.525535 
1898.000000 0.525185 
1899.000000 0.524835 
1900.000000 0.524485 
1901.000000 0.524135 
1902.000000 0.523785 
1903.000000 0.523435 
1904.000000 0.523086 
1905.000000 0.522736 
1906.000000 0.522386 
1907.000000 0.522037 
1908.000000 0.521687 
1909.000000 0.521338 
1910.000000 0.520989 
1911.000000 0.520639 
1912.000000 0.520290 
1913.000000 0.519941 
1914.000000 0.519591 
1915.000000 0.519242 
1916.000000 0.518893 
1917.000000 0.518544 
1918.000000 0.518195 
1919.000000 0.517846 
1920.000000 0.517498 
1921.000000 0.517149 
1922.000000 0.516800 
1923.000000 0.516451 
1924.000000 0.516103 
1925.000000 0.515754 
1926.000000 0.515406 
1927.000000 0.515057 
1928.000000 0.514709 
1929.000000 0.514361 
1930.000000 0.514012 
1931.000000 0.513664 
1932.000000 0.513316 
1933.000000 0.512968 
1934.000000 0.512620 
1935.000000 0.512272 
1936.000000 0.511924 
1937.000000 0.511576 
1938.000000 0.511229 
1939.000000 0.510881 
1940.000000 0.510533 
1941.000000 0.510186 
1942.000000 0.509838 
1943.000000 0.509491 
1944.000000 0.509143 
1945.000000 0.508796 
1946.000000 0.508449 
1947.000000 0.508101 
1948.000000 0.507754 
1949.000000 0.507407 
1950.000000 0.507060 
1951.000000 0.506713 
1952.000000 0.506366 
1953.000000 0.506019 
1954.000000 0.505673 
1955.000000 0.505326 
1956.000000 0.504979 
1957.000000 0.504633 
1958.000000 0.504286 
1959.000000 0.503940 
1960.000000 0.503593 
1961.000000 0.503247 
1962.000000 0.502900 
1963.000000 0.502554 
1964.000000 0.502208 
1965.000000 0.501862 
1966.000000 0.501516 
1967.000000 0.501170 
1968.000000 0.500824 
1969.000000 0.500478 
1970.000000 0.500133 
1971.000000 0.499787 
1972.000000 0.499441 
1973.000000 0.499096 
1974.000000 0.498750 
1975.000000 0.498405 
1976.000000 0.498060 
1977.000000 0.497714 
1978.000000 0.497369 
1979.000000 0.497024 
1980.000000 0.496679 
1981.000000 0.496334 
1982.000000 0.495989 
1983.000000 0.495644 
1984.000000 0.495299 
1985.000000 0.494955 
1986.000000 0.494610 
1987.000000 0.494265 
1988.000000 0.493921 
1989.000000 0.493576 
1990.000000 0.493232 
1991.000000 0.492888 
1992.000000 0.492543 
1993.000000 0.492199 
1994.000000 0.491855 
1995.000000 0.491511 
1996.000000 0.491167 
1997.000000 0.490823 
1998.000000 0.490479 
1999.000000 0.490136 
2000.000000 0.489792 
2001.000000 0.489448 
2002.000000 0.489105 
2003.000000 0.488761 
2004.000000 0.488418 
2005.000000 0.488075 
2006.000000 0.487731 
2007.000000 0.487388 
2008.000000 0.487045 
2009.000000 0.486702 
2010.000000 0.486359 
2011.000000 0.486016 
2012.000000 0.485673 
2013.000000 0.485330 
2014.000000 0.484988 
2015.000000 0.484645 
2016.000000 0.484303 
2017.000000 0.483960 
2018.000000 0.483618 
2019.000000 0.483276 
2020.000000 0.482933 
2021.000000 0.482591 
2022.000000 0.482249 
2023.000000 0.481907 
2024.000000 0.481565 
2025.000000 0.481223 
2026.000000 0.480882 
2027.000000 0.480540 
2028.000000 0.480198 
2029.000000 0.479857 
2030.000000 0.479515 
2031.000000 0.479174 
2032.000000 0.478832 
2033.000000 0.478491 
2034.000000 0.478150 
2035.000000 0.477809 
2036.000000 0.477468 
2037.000000 0.477127 
2038.000000 0.476786 
2039.000000 0.476445 
2040.000000 0.476105 
2041.000000 0.475764 
2042.000000 0.475424 
2043.000000 0.475083 
2044.000000 0.474743 
2045.000000 0.474402 
2046.000000 0.474062 
2047.000000 0.473722 
2048.000000 0.473382 
2049.000000 0.473042 
2050.000000 0.472702 
2051.000000 0.472362 
2052.000000 0.472022 
2053.000000 0.471683 
2054.000000 0.471343 
2055.000000 0.471004 
2056.000000 0.470664 
2057.000000 0.470325 
2058.000000 0.469986 
2059.000000 0.469646 
2060.000000 0.469307 
2061.000000 0.468968 
2062.000000 0.468629 
2063.000000 0.468290 
2064.000000 0.467952 
2065.000000 0.467613 
2066.000000 0.467274 
2067.000000 0.466936 
2068.000000 0.466597 
2069.000000 0.466259 
2070.000000 0.465921 
2071.000000 0.465582 
2072.000000 0.465244 
2073.000000 0.464906 
2074.000000 0.464568 
2075.000000 0.464230 
2076.000000 0.463893 
2077.000000 0.463555 
2078.000000 0.463217 
2079.000000 0.462880 
2080.000000 0.462542 
2081.000000 0.462205 
2082.000000 0.461868 
2083.000000 0.461530 
2084.000000 0.461193 
2085.000000 0.460856 
2086.000000 0.460519 
2087.000000 0.460183 
2088.000000 0.459846 
2089.000000 0.459509 
2090.000000 0.459172 
2091.000000 0.458836 
2092.000000 0.458500 
2093.000000 0.458163 
2094.000000 0.457827 
2095.000000 0.457491 
2096.000000 0.457155 
2097.000000 0.456819 
2098.000000 0.456483 
2099.000000 0.456147 
2100.000000 0.455811 
2101.000000 0.455476 
2102.000000 0.455140 
2103.000000 0.454805 
2104.000000 0.454469 
2105.000000 0.454134 
2106.000000 0.453799 
2107.000000 0.453464 
2108.000000 0.453129 
2109.000000 0.452794 
2110.000000 0.452459 
2111.000000 0.452124 
2112.000000 0.451790 
2113.000000 0.451455 
2114.000000 0.451121 
2115.000000 0.450786 
2116.000000 0.450452 
2117.000000 0.450118 
2118.000000 0.449784 
2119.000000 0.449450 
2120.000000 0.449116 
2121.000000 0.448782 
2122.000000 0.448448 
2123.000000 0.448115 
2124.000000 0.447781 
2125.000000 0.447448 
2126.000000 0.447114 
2127.000000 0.446781 
2128.000000 0.446448 
2129.000000 0.446115 
2130.000000 0.445782 
2131.000000 0.445449 
2132.000000 0.445116 
2133.000000 0.444783 
2134.000000 0.444451 
2135.000000 0.444118 
2136.000000 0.443786 
2137.000000 0.443454 
2138.000000 0.443121 
2139.000000 0.442789 
2140.000000 0.442457 
2141.000000 0.442125 
2142.000000 0.441793 
2143.000000 0.441462 
2144.000000 0.441130 
2145.000000 0.440798 
2146.000000 0.440467 
2147.000000 0.440136 
2148.000000 0.439804 
2149.000000 0.439473 
2150.000000 0.439142 
2151.000000 0.438811 
2152.000000 0.438480 
2153.000000 0.438149 
2154.000000 0.437819 
2155.000000 0.437488 
2156.000000 0.437158 
2157.000000 0.436827 
2158.000000 0.436497 
2159.000000 0.436167 
2160.000000 0.435837 
2161.000000 0.435507 
2162.000000 0.435177 
2163.000000 0.434847 
2164.000000 0.434517 
2165.000000 0.434188 
2166.000000 0.433858 
2167.000000 0.433529 
2168.000000 0.433199 
2169.000000 0.432870 
2170.000000 0.432541 
2171.000000 0.432212 
2172.000000 0.431883 
2173.000000 0.431554 
2174.000000 0.431226 
2175.000000 0.430897 
2176.000000 0.430568 
2177.000000 0.430240 
2178.000000 0.429912 
2179.000000 0.429583 
2180.000000 0.429255 
2181.000000 0.428927 
2182.000000 0.428600 
2183.000000 0.428272 
2184.000000 0.427944 
2185.000000 0.427616 
2186.000000 0.427289 
2187.000000 0.426961 
2188.000000 0.426634 
2189.000000 0.426307 
2190.000000 0.425980 
2191.000000 0.425653 
2192.000000 0.425326 
2193.000000 0.424999 
2194.000000 0.424673 
2195.000000 0.424346 
2196.000000 0.424020 
2197.000000 0.423693 
2198.000000 0.423367 
2199.000000 0.423041 
2200.000000 0.422715 
2201.000000 0.422389 
2202.000000 0.422063 
2203.000000 0.421737 
2204.000000 0.421412 
2205.000000 0.421086 
2206.000000 0.420761 
2207.000000 0.420435 
2208.000000 0.420110 
2209.000000 0.419785 
2210.000000 0.419460 
2211.000000 0.419135 
2212.000000 0.418810 
2213.000000 0.418486 
2214.000000 0.418161 
2215.000000 0.417837 
2216.000000 0.417512 
2217.000000 0.417188 
2218.000000 0.416864 
2219.000000 0.416540 
2220.000000 0.416216 
2221.000000 0.415892 
2222.000000 0.415568 
2223.000000 0.415244 
2224.000000 0.414921 
2225.000000 0.414598 
2226.000000 0.414274 
2227.000000 0.413951 
2228.000000 0.413628 
2229.000000 0.413305 
2230.000000 0.412982 
2231.000000 0.412659 
2232.000000 0.412337 
2233.000000 0.412014 
2234.000000 0.411692 
2235.000000 0.411369 
2236.000000 0.411047 
2237.000000 0.410725 
2238.000000 0.410403 
2239.000000 0.410081 
2240.000000 0.409759 
2241.000000 0.409438 
2242.000000 0.409116 
2243.000000 0.408794 
2244.000000 0.408473 
2245.000000 0.408152 
2246.000000 0.407831 
2247.000000 0.407510 
2248.000000 0.407189 
2249.000000 0.406868 
2250.000000 0.406547 
2251.000000 0.406227 
2252.000000 0.405906 
2253.000000 0.405586 
2254.000000 0.405266 
2255.000000 0.404945 
2256.000000 0.404625 
2257.000000 0.404305 
2258.000000 0.403986 
2259.000000 0.403666 
2260.000000 0.403346 
2261.000000 0.403027 
2262.000000 0.402707 
2263.000000 0.402388 
2264.000000 0.402069 
2265.000000 0.401750 
2266.000000 0.401431 
2267.000000 0.401112 
2268.000000 0.400793 
2269.000000 0.400475 
2270.000000 0.400156 
2271.000000 0.399838 
2272.000000 0.399520 
2273.000000 0.399202 
2274.000000 0.398884 
2275.000000 0.398566 
2276.000000 0.398248 
2277.000000 0.397930 
2278.000000 0.397613 
2279.000000 0.397295 
2280.000000 0.396978 
2281.000000 0.396660 
2282.000000 0.396343 
2283.000000 0.396026 
2284.000000 0.395709 
2285.000000 0.395393 
2286.000000 0.395076 
2287.000000 0.394759 
2288.000000 0.394443 
2289.000000 0.394127 
2290.000000 0.393810 
2291.000000 0.393494 
2292.000000 0.393178 
2293.000000 0.392863 
2294.000000 0.392547 
2295.000000 0.392231 
2296.000000 0.391916 
2297.000000 0.391600 
2298.000000 0.391285 
2299.000000 0.390970 
2300.000000 0.390655 
2301.000000 0.390340 
2302.000000 0.390025 
2303.000000 0.389710 
2304.000000 0.389396 
2305.000000 0.389081 
2306.000000 0.388767 
2307.000000 0.388453 
2308.000000 0.388138 
2309.000000 0.387824 
2310.000000 0.387511 
2311.000000 0.387197 
2312.000000 0.386883 
2313.000000 0.386570 
2314.000000 0.386256 
2315.000000 0.385943 
2316.000000 0.385630 
2317.000000 0.385317 
2318.000000 0.385004 
2319.000000 0.384691 
2320.000000 0.384378 
2321.000000 0.384066 
2322.000000 0.383753 
2323.000000 0.383441 
2324.000000 0.383128 
2325.000000 0.382816 
2326.000000 0.382504 
2327.000000 0.382193 
2328.000000 0.381881 
2329.000000 0.381569 
2330.000000 0.381258 
2331.000000 0.380946 
2332.000000 0.380635 
2333.000000 0.380324 
2334.000000 0.380013 
2335.000000 0.379702 
2336.000000 0.379391 
2337.000000 0.379080 
2338.000000 0.378770 
2339.000000 0.378459 
2340.000000 0.378149 
2341.000000 0.377839 
2342.000000 0.377529 
2343.000000 0.377219 
2344.000000 0.376909 
2345.000000 0.376599 
2346.000000 0.376290 
2347.000000 0.375980 
2348.000000 0.375671 
2349.000000 0.375362 
2350.000000 0.375053 
2351.000000 0.374744 
2352.000000 0.374435 
2353.000000 0.374126 
2354.000000 0.373818 
2355.000000 0.373509 
2356.000000 0.373201 
2357.000000 0.372892 
2358.000000 0.372584 
2359.000000 0.372276 
2360.000000 0.371969 
2361.000000 0.371661 
2362.000000 0.371353 
2363.000000 0.371046 
2364.000000 0.370738 
2365.000000 0.370431 
2366.000000 0.370124 
2367.000000 0.369817 
2368.000000 0.369510 
2369.000000 0.369203 
2370.000000 0.368897 
2371.000000 0.368590 
2372.000000 0.368284 
2373.000000 0.367978 
2374.000000 0.367672 
2375.000000 0.367366 
2376.000000 0.367060 
2377.000000 0.366754 
2378.000000 0.366448 
2379.000000 0.366143 
2380.000000 0.365838 
2381.000000 0.365532 
2382.000000 0.365227 
2383.000000 0.364922 
2384.000000 0.364617 
2385.000000 0.364313 
2386.000000 0.364008 
2387.000000 0.363704 
2388.000000 0.363399 
2389.000000 0.363095 
2390.000000 0.362791 
2391.000000 0.362487 
2392.000000 0.362183 
2393.000000 0.361879 
2394.000000 0.361576 
2395.000000 0.361272 
2396.000000 0.360969 
2397.000000 0.360666 
2398.000000 0.360363 
2399.000000 0.360060 
2400.000000 0.359757 
2401.000000 0.359454 
2402.000000 0.359152 
2403.000000 0.358849 
2404.000000 0.358547 
2405.000000 0.358245 
2406.000000 0.357943 
2407.000000 0.357641 
2408.000000 0.357339 
2409.000000 0.357037 
2410.000000 0.356736 
2411.000000 0.356435 
2412.000000 0.356133 
2413.000000 0.355832 
2414.000000 0.355531 
2415.000000 0.355230 
2416.000000 0.354929 
2417.000000 0.354629 
2418.000000 0.354328 
2419.000000 0.354028 
2420.000000 0.353728 
2421.000000 0.353428 
2422.000000 0.353128 
2423.000000 0.352828 
2424.000000 0.352528 
2425.000000 0.352229 
2426.000000 0.351929 
2427.000000 0.351630 
2428.000000 0.351331 
2429.000000 0.351032 
2430.000000 0.350733 
2431.000000 0.350434 
2432.000000 0.350135 
2433.000000 0.349837 
2434.000000 0.349538 
2435.000000 0.349240 
2436.000000 0.348942 
2437.000000 0.348644 
2438.000000 0.348346 
2439.000000 0.348048 
2440.000000 0.347751 
2441.000000 0.347453 
2442.000000 0.347156 
2443.000000 0.346859 
2444.000000 0.346561 
2445.000000 0.346264 
2446.000000 0.345968 
2447.000000 0.345671 
2448.000000 0.345374 
2449.000000 0.345078 
2450.000000 0.344782 
2451.000000 0.344486 
2452.000000 0.344189 
2453.000000 0.343894 
2454.000000 0.343598 
2455.000000 0.343302 
2456.000000 0.343007 
2457.000000 0.342711 
2458.000000 0.342416 
2459.000000 0.342121 
2460.000000 0.341826 
2461.000000 0.341531 
2462.000000 0.341237 
2463.000000 0.340942 
2464.000000 0.340647 
2465.000000 0.340353 
2466.000000 0.340059 
2467.000000 0.339765 
2468.000000 0.339471 
2469.000000 0.339177 
2470.000000 0.338884 
2471.000000 0.338590 
2472.000000 0.338297 
2473.000000 0.338004 
2474.000000 0.337710 
2475.000000 0.337418 
2476.000000 0.337125 
2477.000000 0.336832 
2478.000000 0.336539 
2479.000000 0.336247 
2480.000000 0.335955 
2481.000000 0.335663 
2482.000000 0.335371 
2483.000000 0.335079 
2484.000000 0.334787 
2485.000000 0.334495 
2486.000000 0.334204 
2487.000000 0.333913 
2488.000000 0.333621 
2489.000000 0.333330 
2490.000000 0.333039 
2491.000000 0.332748 
2492.000000 0.332458 
2493.000000 0.332167 
2494.000000 0.331877 
2495.000000 0.331587 
2496.000000 0.331296 
2497.000000 0.331006 
2498.000000 0.330717 
2499.000000 0.330427 
2500.000000 0.330137 
2501.000000 0.329848 
2502.000000 0.329558 
2503.000000 0.329269 
2504.000000 0.328980 
2505.000000 0.328691 
2506.000000 0.328403 
2507.000000 0.328114 
2508.000000 0.327825 
2509.000000 0.327537 
2510.000000 0.327249 
2511.000000 0.326961 
2512.000000 0.326673 
2513.000000 0.326385 
2514.000000 0.326097 
2515.000000 0.325810 
2516.000000 0.325522 
2517.000000 0.325235 
2518.000000 0.324948 
2519.000000 0.324661 
2520.000000 0.324374 
2521.000000 0.324087 
2522.000000 0.323801 
2523.000000 0.323514 
2524.000000 0.323228 
2525.000000 0.322942 
2526.000000 0.322656 
2527.000000 0.322370 
2528.000000 0.322084 
2529.000000 0.321799 
2530.000000 0.321513 
2531.000000 0.321228 
2532.000000 0.320943 
2533.000000 0.320657 
2534.000000 0.320373 
2535.000000 0.320088 
2536.000000 0.319803 
2537.000000 0.319519 
2538.000000 0.319234 
2539.000000 0.318950 
2540.000000 0.318666 
2541.000000 0.318382 
2542.000000 0.318098 
2543.000000 0.317814 
2544.000000 0.317531 
2545.000000 0.317247 
2546.000000 0.316964 
2547.000000 0.316681 
2548.000000 0.316398 
2549.000000 0.316115 
2550.000000 0.315832 
2551.000000 0.315550 
2552.000000 0.315267 
2553.000000 0.314985 
2554.000000 0.314703 
2555.000000 0.314421 
2556.000000 0.314139 
2557.000000 0.313857 
2558.000000 0.313576 
2559.000000 0.313294 
2560.000000 0.313013 
2561.000000 0.312732 
2562.000000 0.312451 
2563.000000 0.312170 
2564.000000 0.311889 
2565.000000 0.311609 
2566.000000 0.311328 
2567.000000 0.311048 
2568.000000 0.310768 
2569.000000 0.310487 
2570.000000 0.310208 
2571.000000 0.309928 
2572.000000 0.309648 
2573.000000 0.309369 
2574.000000 0.309089 
2575.000000 0.308810 
2576.000000 0.308531 
2577.000000 0.308252 
2578.000000 0.307973 
2579.000000 0.307695 
2580.000000 0.307416 
2581.000000 0.307138 
2582.000000 0.306860 
2583.000000 0.306582 
2584.000000 0.306304 
2585.000000 0.306026 
2586.000000 0.305748 
2587.000000 0.305471 
2588.000000 0.305193 
2589.000000 0.304916 
2590.000000 0.304639 
2591.000000 0.304362 
2592.000000 0.304085 
2593.000000 0.303809 
2594.000000 0.303532 
2595.000000 0.303256 
2596.000000 0.302980 
2597.000000 0.302703 
2598.000000 0.302428 
2599.000000 0.302152 
2600.000000 0.301876 
2601.000000 0.301601 
2602.000000 0.301325 
2603.000000 0.301050 
2604.000000 0.300775 
2605.000000 0.300500 
2606.000000 0.300225 
2607.000000 0.299951 
2608.000000 0.299676 
2609.000000 0.299402 
2610.000000 0.299127 
2611.000000 0.298853 
2612.000000 0.298579 
2613.000000 0.298306 
2614.000000 0.298032 
2615.000000 0.297759 
2616.000000 0.297485 
2617.000000 0.297212 
2618.000000 0.296939 
2619.000000 0.296666 
2620.000000 0.296393 
2621.000000 0.296121 
2622.000000 0.295848 
2623.000000 0.295576 
2624.000000 0.295304 
2625.000000 0.295032 
2626.000000 0.294760 
2627.000000 0.294488 
2628.000000 0.294216 
2629.000000 0.293945 
2630.000000 0.293673 
2631.000000 0.293402 
2632.000000 0.293131 
2633.000000 0.292860 
2634.000000 0.292590 
2635.000000 0.292319 
2636.000000 0.292049 
2637.000000 0.291778 
2638.000000 0.291508 
2639.000000 0.291238 
2640.000000 0.290968 
2641.000000 0.290698 
2642.000000 0.290429 
2643.000000 0.290159 
2644.000000 0.289890 
2645.000000 0.289621 
2646.000000 0.289352 
2647.000000 0.289083 
2648.000000 0.288815 
2649.000000 0.288546 
2650.000000 0.288278 
2651.000000 0.288009 
2652.000000 0.287741 
2653.000000 0.287473 
2654.000000 0.287205 
2655.000000 0.286938 
2656.000000 0.286670 
2657.000000 0.286403 
2658.000000 0.286136 
2659.000000 0.285868 
2660.000000 0.285602 
2661.000000 0.285335 
2662.000000 0.285068 
2663.000000 0.284802 
2664.000000 0.284535 
2665.000000 0.284269 
2666.000000 0.284003 
2667.000000 0.283737 
2668.000000 0.283471 
2669.000000 0.283206 
2670.000000 0.282940 
2671.000000 0.282675 
2672.000000 0.282410 
2673.000000 0.282145 
2674.000000 0.281880 
2675.000000 0.281615 
2676.000000 0.281350 
2677.000000 0.281086 
2678.000000 0.280822 
2679.000000 0.280558 
2680.000000 0.280294 
2681.000000 0.280030 
2682.000000 0.279766 
2683.000000 0.279503 
2684.000000 0.279239 
2685.000000 0.278976 
2686.000000 0.278713 
2687.000000 0.278450 
2688.000000 0.278187 
2689.000000 0.277924 
2690.000000 0.277662 
2691.000000 0.277400 
2692.000000 0.277137 
2693.000000 0.276875 
2694.000000 0.276613 
2695.000000 0.276352 
2696.000000 0.276090 
2697.000000 0.275828 
2698.000000 0.275567 
2699.000000 0.275306 
2700.000000 0.275045 
2701.000000 0.274784 
2702.000000 0.274523 
2703.000000 0.274263 
2704.000000 0.274002 
2705.000000 0.273742 
2706.000000 0.273482 
2707.000000 0.273222 
2708.000000 0.272962 
2709.000000 0.272702 
2710.000000 0.272443 
2711.000000 0.272184 
2712.000000 0.271924 
2713.000000 0.271665 
2714.000000 0.271406 
2715.000000 0.271147 
2716.000000 0.270889 
2717.000000 0.270630 
2718.000000 0.270372 
2719.000000 0.270114 
2720.000000 0.269856 
2721.000000 0.269598 
2722.000000 0.269340 
2723.000000 0.269083 
2724.000000 0.268825 
2725.000000 0.268568 
2726.000000 0.268311 
2727.000000 0.268054 
2728.000000 0.267797 
2729.000000 0.267540 
2730.000000 0.267284 
2731.000000 0.267027 
2732.000000 0.266771 
2733.000000 0.266515 
2734.000000 0.266259 
2735.000000 0.266003 
2736.000000 0.265747 
2737.000000 0.265492 
2738.000000 0.265237 
2739.000000 0.264981 
2740.000000 0.264726 
2741.000000 0.264471 
2742.000000 0.264217 
2743.000000 0.263962 
2744.000000 0.263708 
2745.000000 0.263453 
2746.000000 0.263199 
2747.000000 0.262945 
2748.000000 0.262691 
2749.000000 0.262438 
2750.000000 0.262184 
2751.000000 0.261931 
2752.000000 0.261677 
2753.000000 0.261424 
2754.000000 0.261171 
2755.000000 0.260919 
2756.000000 0.260666 
2757.000000 0.260413 
2758.000000 0.260161 
2759.000000 0.259909 
2760.000000 0.259657 
2761.000000 0.259405 
2762.000000 0.259153 
2763.000000 0.258902 
2764.000000 0.258650 
2765.000000 0.258399 
2766.000000 0.258148 
2767.000000 0.257897 
2768.000000 0.257646 
2769.000000 0.257395 
2770.000000 0.257145 
2771.000000 0.256894 
2772.000000 0.256644 
2773.000000 0.256394 
2774.000000 0.256144 
2775.000000 0.255894 
2776.000000 0.255645 
2777.000000 0.255395 
2778.000000 0.255146 
2779.000000 0.254897 
2780.000000 0.254648 
2781.000000 0.254399 
2782.000000 0.254150 
2783.000000 0.253901 
2784.000000 0.253653 
2785.000000 0.253405 
2786.000000 0.253157 
2787.000000 0.252909 
2788.000000 0.252661 
2789.000000 0.252413 
2790.000000 0.252166 
2791.000000 0.251918 
2792.000000 0.251671 
2793.000000 0.251424 
2794.000000 0.251177 
2795.000000 0.250930 
2796.000000 0.250684 
2797.000000 0.250437 
2798.000000 0.250191 
2799.000000 0.249945 
2800.000000 0.249699 
2801.000000 0.249453 
2802.000000 0.249207 
2803.000000 0.248962 
2804.000000 0.248716 
2805.000000 0.248471 
2806.000000 0.248226 
2807.000000 0.247981 
2808.000000 0.247736 
2809.000000 0.247491 
2810.000000 0.247247 
2811.000000 0.247003 
2812.000000 0.246758 
2813.000000 0.246514 
2814.000000 0.246270 
2815.000000 0.246027 
2816.000000 0.245783 
2817.000000 0.245540 
2818.000000 0.245296 
2819.000000 0.245053 
2820.000000 0.244810 
2821.000000 0.244567 
2822.000000 0.244325 
2823.000000 0.244082 
2824.000000 0.243840 
2825.000000 0.243598 
2826.000000 0.243356 
2827.000000 0.243114 
2828.000000 0.242872 
2829.000000 0.242630 
2830.000000 0.242389 
2831.000000 0.242148 
2832.000000 0.241906 
2833.000000 0.241665 
2834.000000 0.241425 
2835.000000 0.241184 
2836.000000 0.240943 
2837.000000 0.240703 
2838.000000 0.240463 
2839.000000 0.240223 
2840.000000 0.239983 
2841.000000 0.239743 
2842.000000 0.239503 
2843.000000 0.239264 
2844.000000 0.239024 
2845.000000 0.238785 
2846.000000 0.238546 
2847.000000 0.238307 
2848.000000 0.238068 
2849.000000 0.237830 
2850.000000 0.237591 
2851.000000 0.237353 
2852.000000 0.237115 
2853.000000 0.236877 
2854.000000 0.236639 
2855.000000 0.236402 
2856.000000 0.236164 
2857.000000 0.235927 
2858.000000 0.235690 
2859.000000 0.235453 
2860.000000 0.235216 
2861.000000 0.234979 
2862.000000 0.234742 
2863.000000 0.234506 
2864.000000 0.234270 
2865.000000 0.234033 
2866.000000 0.233797 
2867.000000 0.233562 
2868.000000 0.233326 
2869.000000 0.233090 
2870.000000 0.232855 
2871.000000 0.232620 
2872.000000 0.232385 
2873.000000 0.232150 
2874.000000 0.231915 
2875.000000 0.231680 
2876.000000 0.231446 
2877.000000 0.231212 
2878.000000 0.230977 
2879.000000 0.230743 
2880.000000 0.230510 
2881.000000 0.230276 
2882.000000 0.230042 
2883.000000 0.229809 
2884.000000 0.229576 
2885.000000 0.229343 
2886.000000 0.229110 
2887.000000 0.228877 
2888.000000 0.228644 
2889.000000 0.228412 
2890.000000 0.228180 
2891.000000 0.227947 
2892.000000 0.227715 
2893.000000 0.227483 
2894.000000 0.227252 
2895.000000 0.227020 
2896.000000 0.226789 
2897.000000 0.226558 
2898.000000 0.226326 
2899.000000 0.226096 
2900.000000 0.225865 
2901.000000 0.225634 
2902.000000 0.225404 
2903.000000 0.225173 
2904.000000 0.224943 
2905.000000 0.224713 
2906.000000 0.224483 
2907.000000 0.224253 
2908.000000 0.224024 
2909.000000 0.223794 
2910.000000 0.223565 
2911.000000 0.223336 
2912.000000 0.223107 
2913.000000 0.222878 
2914.000000 0.222650 
2915.000000 0.222421 
2916.000000 0.222193 
2917.000000 0.221965 
2918.000000 0.221737 
2919.000000 0.221509 
2920.000000 0.221281 
2921.000000 0.221053 
2922.000000 0.220826 
2923.000000 0.220599 
2924.000000 0.220372 
2925.000000 0.220145 
2926.000000 0.219918 
2927.000000 0.219691 
2928.000000 0.219465 
2929.000000 0.219238 
2930.000000 0.219012 
2931.000000 0.218786 
2932.000000 0.218560 
2933.000000 0.218334 
2934.000000 0.218109 
2935.000000 0.217883 
2936.000000 0.217658 
2937.000000 0.217433 
2938.000000 0.217208 
2939.000000 0.216983 
2940.000000 0.216759 
2941.000000 0.216534 
2942.000000 0.216310 
2943.000000 0.216085 
2944.000000 0.215861 
2945.000000 0.215637 
2946.000000 0.215414 
2947.000000 0.215190 
2948.000000 0.214967 
2949.000000 0.214743 
2950.000000 0.214520 
2951.000000 0.214297 
2952.000000 0.214074 
2953.000000 0.213852 
2954.000000 0.213629 
2955.000000 0.213407 
2956.000000 0.213185 
2957.000000 0.212963 
2958.000000 0.212741 
2959.000000 0.212519 
2960.000000 0.212297 
2961.000000 0.212076 
2962.000000 0.211855 
2963.000000 0.211633 
2964.000000 0.211412 
2965.000000 0.211192 
2966.000000 0.210971 
2967.000000 0.210750 
2968.000000 0.210530 
2969.000000 0.210310 
2970.000000 0.210090 
2971.000000 0.209870 
2972.000000 0.209650 
2973.000000 0.209430 
2974.000000 0.209211 
2975.000000 0.208991 
2976.000000 0.208772 
2977.000000 0.208553 
2978.000000 0.208334 
2979.000000 0.208116 
2980.000000 0.207897 
2981.000000 0.207679 
2982.000000 0.207461 
2983.000000 0.207242 
2984.000000 0.207024 
2985.000000 0.206807 
2986.000000 0.206589 
2987.000000 0.206372 
2988.000000 0.206154 
2989.000000 0.205937 
2990.000000 0.205720 
2991.000000 0.205503 
2992.000000 0.205286 
2993.000000 0.205070 
2994.000000 0.204853 
2995.000000 0.204637 
2996.000000 0.204421 
2997.000000 0.204205 
2998.000000 0.203989 
2999.000000 0.203774 
3000.000000 0.203558 
3001.000000 0.203343 
3002.000000 0.203128 
3003.000000 0.202913 
3004.000000 0.202698 
3005.000000 0.202483 
3006.000000 0.202268 
3007.000000 0.202054 
3008.000000 0.201840 
3009.000000 0.201625 
3010.000000 0.201411 
3011.000000 0.201198 
3012.000000 0.200984 
3013.000000 0.200770 
3014.000000 0.200557 
3015.000000 0.200344 
3016.000000 0.200131 
3017.000000 0.199918 
3018.000000 0.199705 
3019.000000 0.199492 
3020.000000 0.199280 
3021.000000 0.199068 
3022.000000 0.198856 
3023.000000 0.198643 
3024.000000 0.198432 
3025.000000 0.198220 
3026.000000 0.198008 
3027.000000 0.197797 
3028.000000 0.197586 
3029.000000 0.197375 
3030.000000 0.197164 
3031.000000 0.196953 
3032.000000 0.196742 
3033.000000 0.196532 
3034.000000 0.196321 
3035.000000 0.196111 
3036.000000 0.195901 
3037.000000 0.195691 
3038.000000 0.195482 
3039.000000 0.195272 
3040.000000 0.195063 
3041.000000 0.194853 
3042.000000 0.194644 
3043.000000 0.194435 
3044.000000 0.194226 
3045.000000 0.194018 
3046.000000 0.193809 
3047.000000 0.193601 
3048.000000 0.193393 
3049.000000 0.193184 
3050.000000 0.192977 
3051.000000 0.192769 
3052.000000 0.192561 
3053.000000 0.192354 
3054.000000 0.192146 
3055.000000 0.191939 
3056.000000 0.191732 
3057.000000 0.191525 
3058.000000 0.191319 
3059.000000 0.191112 
3060.000000 0.190906 
3061.000000 0.190699 
3062.000000 0.190493 
3063.000000 0.190287 
3064.000000 0.190082 
3065.000000 0.189876 
3066.000000 0.189670 
3067.000000 0.189465 
3068.000000 0.189260 
3069.000000 0.189055 
3070.000000 0.188850 
3071.000000 0.188645 
3072.000000 0.188440 
3073.000000 0.188236 
3074.000000 0.188032 
3075.000000 0.187828 
3076.000000 0.187624 
3077.000000 0.187420 
3078.000000 0.187216 
3079.000000 0.187012 
3080.000000 0.186809 
3081.000000 0.186606 
3082.000000 0.186403 
3083.000000 0.186200 
3084.000000 0.185997 
3085.000000 0.185794 
3086.000000 0.185592 
3087.000000 0.185389 
3088.000000 0.185187 
3089.000000 0.184985 
3090.000000 0.184783 
3091.000000 0.184582 
3092.000000 0.184380 
3093.000000 0.184179 
3094.000000 0.183977 
3095.000000 0.183776 
3096.000000 0.183575 
3097.000000 0.183374 
3098.000000 0.183174 
3099.000000 0.182973 
3100.000000 0.182773 
3101.000000 0.182572 
3102.000000 0.182372 
3103.000000 0.182172 
3104.000000 0.181973 
3105.000000 0.181773 
3106.000000 0.181573 
3107.000000 0.181374 
3108.000000 0.181175 
3109.000000 0.180976 
3110.000000 0.180777 
3111.000000 0.180578 
3112.000000 0.180380 
3113.000000 0.180181 
3114.000000 0.179983 
3115.000000 0.179785 
3116.000000 0.179587 
3117.000000 0.179389 
3118.000000 0.179191 
3119.000000 0.178994 
3120.000000 0.178796 
3121.000000 0.178599 
3122.000000 0.178402 
3123.000000 0.178205 
3124.000000 0.178008 
3125.000000 0.177811 
3126.000000 0.177615 
3127.000000 0.177419 
3128.000000 0.177222 
3129.000000 0.177026 
3130.000000 0.176830 
3131.000000 0.176635 
3132.000000 0.176439 
3133.000000 0.176243 
3134.000000 0.176048 
3135.000000 0.175853 
3136.000000 0.175658 
3137.000000 0.175463 
3138.000000 0.175268 
3139.000000 0.175074 
3140.000000 0.174879 
3141.000000 0.174685 
3142.000000 0.174491 
3143.000000 0.174297 
3144.000000 0.174103 
3145.000000 0.173910 
3146.000000 0.173716 
3147.000000 0.173523 
3148.000000 0.173330 
3149.000000 0.173136 
3150.000000 0.172944 
3151.000000 0.172751 
3152.000000 0.172558 
3153.000000 0.172366 
3154.000000 0.172173 
3155.000000 0.171981 
3156.000000 0.171789 
3157.000000 0.171597 
3158.000000 0.171405 
3159.000000 0.171214 
3160.000000 0.171022 
3161.000000 0.170831 
3162.000000 0.170640 
3163.000000 0.170449 
3164.000000 0.170258 
3165.000000 0.170067 
3166.000000 0.169877 
3167.000000 0.169687 
3168.000000 0.169496 
3169.000000 0.169306 
3170.000000 0.169116 
3171.000000 0.168926 
3172.000000 0.168737 
3173.000000 0.168547 
3174.000000 0.168358 
3175.000000 0.168169 
3176.000000 0.167980 
3177.000000 0.167791 
3178.000000 0.167602 
3179.000000 0.167413 
3180.000000 0.167225 
3181.000000 0.167037 
3182.000000 0.166848 
3183.000000 0.166660 
3184.000000 0.166472 
3185.000000 0.166285 
3186.000000 0.166097 
3187.000000 0.165910 
3188.000000 0.165722 
3189.000000 0.165535 
3190.000000 0.165348 
3191.000000 0.165161 
3192.000000 0.164975 
3193.000000 0.164788 
3194.000000 0.164602 
3195.000000 0.164416 
3196.000000 0.164229 
3197.000000 0.164044 
3198.000000 0.163858 
3199.000000 0.163672 
3200.000000 0.163487 
3201.000000 0.163301 
3202.000000 0.163116 
3203.000000 0.162931 
3204.000000 0.162746 
3205.000000 0.162561 
3206.000000 0.162377 
3207.000000 0.162192 
3208.000000 0.162008 
3209.000000 0.161824 
3210.000000 0.161640 
3211.000000 0.161456 
3212.000000 0.161272 
3213.000000 0.161088 
3214.000000 0.160905 
3215.000000 0.160722 
3216.000000 0.160538 
3217.000000 0.160355 
3218.000000 0.160172 
3219.000000 0.159990 
3220.000000 0.159807 
3221.000000 0.159625 
3222.000000 0.159442 
3223.000000 0.159260 
3224.000000 0.159078 
3225.000000 0.158897 
3226.000000 0.158715 
3227.000000 0.158533 
3228.000000 0.158352 
3229.000000 0.158171 
3230.000000 0.157990 
3231.000000 0.157809 
3232.000000 0.157628 
3233.000000 0.157447 
3234.000000 0.157267 
3235.000000 0.157086 
3236.000000 0.156906 
3237.000000 0.156726 
3238.000000 0.156546 
3239.000000 0.156366 
3240.000000 0.156186 
3241.000000 0.156007 
3242.000000 0.155828 
3243.000000 0.155648 
3244.000000 0.155469 
3245.000000 0.155290 
3246.000000 0.155112 
3247.000000 0.154933 
3248.000000 0.154755 
3249.000000 0.154576 
3250.000000 0.154398 
3251.000000 0.154220 
3252.000000 0.154042 
3253.000000 0.153864 
3254.000000 0.153687 
3255.000000 0.153509 
3256.000000 0.153332 
3257.000000 0.153155 
3258.000000 0.152978 
3259.000000 0.152801 
3260.000000 0.152624 
3261.000000 0.152447 
3262.000000 0.152271 
3263.000000 0.152095 
3264.000000 0.151918 
3265.000000 0.151742 
3266.000000 0.151567 
3267.000000 0.151391 
3268.000000 0.151215 
3269.000000 0.151040 
3270.000000 0.150865 
3271.000000 0.150689 
3272.000000 0.150514 
3273.000000 0.150339 
3274.000000 0.150165 
3275.000000 0.149990 
3276.000000 0.149816 
3277.000000 0.149641 
3278.000000 0.149467 
3279.000000 0.149293 
3280.000000 0.149119 
3281.000000 0.148946 
3282.000000 0.148772 
3283.000000 0.148599 
3284.000000 0.148425 
3285.000000 0.148252 
3286.000000 0.148079 
3287.000000 0.147906 
3288.000000 0.147734 
3289.000000 0.147561 
3290.000000 0.147389 
3291.000000 0.147216 
3292.000000 0.147044 
3293.000000 0.146872 
3294.000000 0.146700 
3295.000000 0.146529 
3296.000000 0.146357 
3297.000000 0.146186 
3298.000000 0.146014 
3299.000000 0.145843 
3300.000000 0.145672 
3301.000000 0.145501 
3302.000000 0.145331 
3303.000000 0.145160 
3304.000000 0.144990 
3305.000000 0.144819 
3306.000000 0.144649 
3307.000000 0.144479 
3308.000000 0.144309 
3309.000000 0.144140 
3310.000000 0.143970 
3311.000000 0.143801 
3312.000000 0.143631 
3313.000000 0.143462 
3314.000000 0.143293 
3315.000000 0.143124 
3316.000000 0.142956 
3317.000000 0.142787 
3318.000000 0.142619 
3319.000000 0.142450 
3320.000000 0.142282 
3321.000000 0.142114 
3322.000000 0.141946 
3323.000000 0.141779 
3324.000000 0.141611 
3325.000000 0.141444 
3326.000000 0.141276 
3327.000000 0.141109 
3328.000000 0.140942 
3329.000000 0.140775 
3330.000000 0.140609 
3331.000000 0.140442 
3332.000000 0.140275 
3333.000000 0.140109 
3334.000000 0.139943 
3335.000000 0.139777 
3336.000000 0.139611 
3337.000000 0.139445 
3338.000000 0.139280 
3339.000000 0.139114 
3340.000000 0.138949 
3341.000000 0.138784 
3342.000000 0.138619 
3343.000000 0.138454 
3344.000000 0.138289 
3345.000000 0.138124 
3346.000000 0.137960 
3347.000000 0.137796 
3348.000000 0.137631 
3349.000000 0.137467 
3350.000000 0.137303 
3351.000000 0.137140 
3352.000000 0.136976 
3353.000000 0.136812 
3354.000000 0.136649 
3355.000000 0.136486 
3356.000000 0.136323 
3357.000000 0.136160 
3358.000000 0.135997 
3359.000000 0.135834 
3360.000000 0.135672 
3361.000000 0.135510 
3362.000000 0.135347 
3363.000000 0.135185 
3364.000000 0.135023 
3365.000000 0.134861 
3366.000000 0.134700 
3367.000000 0.134538 
3368.000000 0.134377 
3369.000000 0.134216 
3370.000000 0.134054 
3371.000000 0.133893 
3372.000000 0.133733 
3373.000000 0.133572 
3374.000000 0.133411 
3375.000000 0.133251 
3376.000000 0.133091 
3377.000000 0.132930 
3378.000000 0.132770 
3379.000000 0.132611 
3380.000000 0.132451 
3381.000000 0.132291 
3382.000000 0.132132 
3383.000000 0.131972 
3384.000000 0.131813 
3385.000000 0.131654 
3386.000000 0.131495 
3387.000000 0.131337 
3388.000000 0.131178 
3389.000000 0.131020 
3390.000000 0.130861 
3391.000000 0.130703 
3392.000000 0.130545 
3393.000000 0.130387 
3394.000000 0.130229 
3395.000000 0.130072 
3396.000000 0.129914 
3397.000000 0.129757 
3398.000000 0.129599 
3399.000000 0.129442 
3400.000000 0.129285 
3401.000000 0.129129 
3402.000000 0.128972 
3403.000000 0.128815 
3404.000000 0.128659 
3405.000000 0.128503 
3406.000000 0.128347 
3407.000000 0.128191 
3408.000000 0.128035 
3409.000000 0.127879 
3410.000000 0.127724 
3411.000000 0.127568 
3412.000000 0.127413 
3413.000000 0.127258 
3414.000000 0.127103 
3415.000000 0.126948 
3416.000000 0.126793 
3417.000000 0.126638 
3418.000000 0.126484 
3419.000000 0.126330 
3420.000000 0.126175 
3421.000000 0.126021 
3422.000000 0.125867 
3423.000000 0.125714 
3424.000000 0.125560 
3425.000000 0.125406 
3426.000000 0.125253 
3427.000000 0.125100 
3428.000000 0.124947 
3429.000000 0.124794 
3430.000000 0.124641 
3431.000000 0.124488 
3432.000000 0.124336 
3433.000000 0.124183 
3434.000000 0.124031 
3435.000000 0.123879 
3436.000000 0.123727 
3437.000000 0.123575 
3438.000000 0.123423 
3439.000000 0.123272 
3440.000000 0.123120 
3441.000000 0.122969 
3442.000000 0.122818 
3443.000000 0.122667 
3444.000000 0.122516 
3445.000000 0.122365 
3446.000000 0.122214 
3447.000000 0.122064 
3448.000000 0.121913 
3449.000000 0.121763 
3450.000000 0.121613 
3451.000000 0.121463 
3452.000000 0.121313 
3453.000000 0.121164 
3454.000000 0.121014 
3455.000000 0.120865 
3456.000000 0.120715 
3457.000000 0.120566 
3458.000000 0.120417 
3459.000000 0.120268 
3460.000000 0.120120 
3461.000000 0.119971 
3462.000000 0.119823 
3463.000000 0.119674 
3464.000000 0.119526 
3465.000000 0.119378 
3466.000000 0.119230 
3467.000000 0.119082 
3468.000000 0.118935 
3469.000000 0.118787 
3470.000000 0.118640 
3471.000000 0.118492 
3472.000000 0.118345 
3473.000000 0.118198 
3474.000000 0.118051 
3475.000000 0.117905 
3476.000000 0.117758 
3477.000000 0.117612 
3478.000000 0.117465 
3479.000000 0.117319 
3480.000000 0.117173 
3481.000000 0.117027 
3482.000000 0.116881 
3483.000000 0.116736 
3484.000000 0.116590 
3485.000000 0.116445 
3486.000000 0.116300 
3487.000000 0.116155 
3488.000000 0.116010 
3489.000000 0.115865 
3490.000000 0.115720 
3491.000000 0.115575 
3492.000000 0.115431 
3493.000000 0.115287 
3494.000000 0.115143 
3495.000000 0.114999 
3496.000000 0.114855 
3497.000000 0.114711 
3498.000000 0.114567 
3499.000000 0.114424 
3500.000000 0.114280 
3501.000000 0.114137 
3502.000000 0.113994 
3503.000000 0.113851 
3504.000000 0.113708 
3505.000000 0.113565 
3506.000000 0.113423 
3507.000000 0.113280 
3508.000000 0.113138 
3509.000000 0.112996 
3510.000000 0.112854 
3511.000000 0.112712 
3512.000000 0.112570 
3513.000000 0.112429 
3514.000000 0.112287 
3515.000000 0.112146 
3516.000000 0.112004 
3517.000000 0.111863 
3518.000000 0.111722 
3519.000000 0.111581 
3520.000000 0.111441 
3521.000000 0.111300 
3522.000000 0.111160 
3523.000000 0.111019 
3524.000000 0.110879 
3525.000000 0.110739 
3526.000000 0.110599 
3527.000000 0.110459 
3528.000000 0.110320 
3529.000000 0.110180 
3530.000000 0.110041 
3531.000000 0.109901 
3532.000000 0.109762 
3533.000000 0.109623 
3534.000000 0.109484 
3535.000000 0.109345 
3536.000000 0.109207 
3537.000000 0.109068 
3538.000000 0.108930 
3539.000000 0.108792 
3540.000000 0.108654 
3541.000000 0.108516 
3542.000000 0.108378 
3543.000000 0.108240 
3544.000000 0.108102 
3545.000000 0.107965 
3546.000000 0.107828 
3547.000000 0.107691 
3548.000000 0.107553 
3549.000000 0.107417 
3550.000000 0.107280 
3551.000000 0.107143 
3552.000000 0.107006 
3553.000000 0.106870 
3554.000000 0.106734 
3555.000000 0.106598 
3556.000000 0.106462 
3557.000000 0.106326 
3558.000000 0.106190 
3559.000000 0.106054 
3560.000000 0.105919 
3561.000000 0.105783 
3562.000000 0.105648 
3563.000000 0.105513 
3564.000000 0.105378 
3565.000000 0.105243 
3566.000000 0.105108 
3567.000000 0.104974 
3568.000000 0.104839 
3569.000000 0.104705 
3570.000000 0.104571 
3571.000000 0.104437 
3572.000000 0.104303 
3573.000000 0.104169 
3574.000000 0.104035 
3575.000000 0.103902 
3576.000000 0.103768 
3577.000000 0.103635 
3578.000000 0.103502 
3579.000000 0.103368 
3580.000000 0.103236 
3581.000000 0.103103 
3582.000000 0.102970 
3583.000000 0.102837 
3584.000000 0.102705 
3585.000000 0.102573 
3586.000000 0.102441 
3587.000000 0.102308 
3588.000000 0.102177 
3589.000000 0.102045 
3590.000000 0.101913 
3591.000000 0.101782 
3592.000000 0.101650 
3593.000000 0.101519 
3594.000000 0.101388 
3595.000000 0.101257 
3596.000000 0.101126 
3597.000000 0.100995 
3598.000000 0.100864 
3599.000000 0.100734 
3600.000000 0.100603 
3601.000000 0.100473 
3602.000000 0.100343 
3603.000000 0.100213 
3604.000000 0.100083 
3605.000000 0.099953 
3606.000000 0.099824 
3607.000000 0.099694 
3608.000000 0.099565 
3609.000000 0.099435 
3610.000000 0.099306 
3611.000000 0.099177 
3612.000000 0.099048 
3613.000000 0.098920 
3614.000000 0.098791 
3615.000000 0.098663 
3616.000000 0.098534 
3617.000000 0.098406 
3618.000000 0.098278 
3619.000000 0.098150 
3620.000000 0.098022 
3621.000000 0.097894 
3622.000000 0.097766 
3623.000000 0.097639 
3624.000000 0.097512 
3625.000000 0.097384 
3626.000000 0.097257 
3627.000000 0.097130 
3628.000000 0.097003 
3629.000000 0.096877 
3630.000000 0.096750 
3631.000000 0.096623 
3632.000000 0.096497 
3633.000000 0.096371 
3634.000000 0.096245 
3635.000000 0.096119 
3636.000000 0.095993 
3637.000000 0.095867 
3638.000000 0.095741 
3639.000000 0.095616 
3640.000000 0.095490 
3641.000000 0.095365 
3642.000000 0.095240 
3643.000000 0.095115 
3644.000000 0.094990 
3645.000000 0.094865 
3646.000000 0.094741 
3647.000000 0.094616 
3648.000000 0.094492 
3649.000000 0.094368 
3650.000000 0.094243 
3651.000000 0.094119 
3652.000000 0.093995 
3653.000000 0.093872 
3654.000000 0.093748 
3655.000000 0.093624 
3656.000000 0.093501 
3657.000000 0.093378 
3658.000000 0.093255 
3659.000000 0.093132 
3660.000000 0.093009 
3661.000000 0.092886 
3662.000000 0.092763 
3663.000000 0.092641 
3664.000000 0.092518 
3665.000000 0.092396 
3666.000000 0.092274 
3667.000000 0.092152 
3668.000000 0.092030 
3669.000000 0.091908 
3670.000000 0.091786 
3671.000000 0.091665 
3672.000000 0.091543 
3673.000000 0.091422 
3674.000000 0.091301 
3675.000000 0.091179 
3676.000000 0.091058 
3677.000000 0.090938 
3678.000000 0.090817 
3679.000000 0.090696 
3680.000000 0.090576 
3681.000000 0.090455 
3682.000000 0.090335 
3683.000000 0.090215 
3684.000000 0.090095 
3685.000000 0.089975 
3686.000000 0.089855 
3687.000000 0.089736 
3688.000000 0.089616 
3689.000000 0.089497 
3690.000000 0.089378 
3691.000000 0.089258 
3692.000000 0.089139 
3693.000000 0.089021 
3694.000000 0.088902 
3695.000000 0.088783 
3696.000000 0.088664 
3697.000000 0.088546 
3698.000000 0.088428 
3699.000000 0.088310 
3700.000000 0.088191 
3701.000000 0.088074 
3702.000000 0.087956 
3703.000000 0.087838 
3704.000000 0.087720 
3705.000000 0.087603 
3706.000000 0.087486 
3707.000000 0.087368 
3708.000000 0.087251 
3709.000000 0.087134 
3710.000000 0.087017 
3711.000000 0.086901 
3712.000000 0.086784 
3713.000000 0.086667 
3714.000000 0.086551 
3715.000000 0.086435 
3716.000000 0.086319 
3717.000000 0.086203 
3718.000000 0.086087 
3719.000000 0.085971 
3720.000000 0.085855 
3721.000000 0.085740 
3722.000000 0.085624 
3723.000000 0.085509 
3724.000000 0.085394 
3725.000000 0.085278 
3726.000000 0.085163 
3727.000000 0.085049 
3728.000000 0.084934 
3729.000000 0.084819 
3730.000000 0.084705 
3731.000000 0.084590 
3732.000000 0.084476 
3733.000000 0.084362 
3734.000000 0.084248 
3735.000000 0.084134 
3736.000000 0.084020 
3737.000000 0.083906 
3738.000000 0.083793 
3739.000000 0.083679 
3740.000000 0.083566 
3741.000000 0.083453 
3742.000000 0.083340 
3743.000000 0.083227 
3744.000000 0.083114 
3745.000000 0.083001 
3746.000000 0.082888 
3747.000000 0.082776 
3748.000000 0.082664 
3749.000000 0.082551 
3750.000000 0.082439 
3751.000000 0.082327 
3752.000000 0.082215 
3753.000000 0.082103 
3754.000000 0.081992 
3755.000000 0.081880 
3756.000000 0.081769 
3757.000000 0.081657 
3758.000000 0.081546 
3759.000000 0.081435 
3760.000000 0.081324 
3761.000000 0.081213 
3762.000000 0.081102 
3763.000000 0.080991 
3764.000000 0.080881 
3765.000000 0.080771 
3766.000000 0.080660 
3767.000000 0.080550 
3768.000000 0.080440 
3769.000000 0.080330 
3770.000000 0.080220 
3771.000000 0.080110 
3772.000000 0.080001 
3773.000000 0.079891 
3774.000000 0.079782 
3775.000000 0.079673 
3776.000000 0.079563 
3777.000000 0.079454 
3778.000000 0.079345 
3779.000000 0.079237 
3780.000000 0.079128 
3781.000000 0.079019 
3782.000000 0.078911 
3783.000000 0.078802 
3784.000000 0.078694 
3785.000000 0.078586 
3786.000000 0.078478 
3787.000000 0.078370 
3788.000000 0.078262 
3789.000000 0.078155 
3790.000000 0.078047 
3791.000000 0.077940 
3792.000000 0.077832 
3793.000000 0.077725 
3794.000000 0.077618 
3795.000000 0.077511 
3796.000000 0.077404 
3797.000000 0.077297 
3798.000000 0.077190 
3799.000000 0.077084 
3800.000000 0.076977 
3801.000000 0.076871 
3802.000000 0.076765 
3803.000000 0.076659 
3804.000000 0.076553 
3805.000000 0.076447 
3806.000000 0.076341 
3807.000000 0.076236 
3808.000000 0.076130 
3809.000000 0.076025 
3810.000000 0.075919 
3811.000000 0.075814 
3812.000000 0.075709 
3813.000000 0.075604 
3814.000000 0.075499 
3815.000000 0.075394 
3816.000000 0.075290 
3817.000000 0.075185 
3818.000000 0.075081 
3819.000000 0.074976 
3820.000000 0.074872 
3821.000000 0.074768 
3822.000000 0.074664 
3823.000000 0.074560 
3824.000000 0.074457 
3825.000000 0.074353 
3826.000000 0.074249 
3827.000000 0.074146 
3828.000000 0.074043 
3829.000000 0.073940 
3830.000000 0.073836 
3831.000000 0.073733 
3832.000000 0.073631 
3833.000000 0.073528 
3834.000000 0.073425 
3835.000000 0.073323 
3836.000000 0.073220 
3837.000000 0.073118 
3838.000000 0.073016 
3839.000000 0.072914 
3840.000000 0.072812 
3841.000000 0.072710 
3842.000000 0.072608 
3843.000000 0.072506 
3844.000000 0.072405 
3845.000000 0.072303 
3846.000000 0.072202 
3847.000000 0.072101 
3848.000000 0.072000 
3849.000000 0.071899 
3850.000000 0.071798 
3851.000000 0.071697 
3852.000000 0.071596 
3853.000000 0.071496 
3854.000000 0.071395 
3855.000000 0.071295 
3856.000000 0.071195 
3857.000000 0.071095 
3858.000000 0.070995 
3859.000000 0.070895 
3860.000000 0.070795 
3861.000000 0.070695 
3862.000000 0.070596 
3863.000000 0.070496 
3864.000000 0.070397 
3865.000000 0.070298 
3866.000000 0.070198 
3867.000000 0.070099 
3868.000000 0.070001 
3869.000000 0.069902 
3870.000000 0.069803 
3871.000000 0.069704 
3872.000000 0.069606 
3873.000000 0.069507 
3874.000000 0.069409 
3875.000000 0.069311 
3876.000000 0.069213 
3877.000000 0.069115 
3878.000000 0.069017 
3879.000000 0.068919 
3880.000000 0.068822 
3881.000000 0.068724 
3882.000000 0.068627 
3883.000000 0.068529 
3884.000000 0.068432 
3885.000000 0.068335 
3886.000000 0.068238 
3887.000000 0.068141 
3888.000000 0.068044 
3889.000000 0.067948 
3890.000000 0.067851 
3891.000000 0.067755 
3892.000000 0.067658 
3893.000000 0.067562 
3894.000000 0.067466 
3895.000000 0.067370 
3896.000000 0.067274 
3897.000000 0.067178 
3898.000000 0.067082 
3899.000000 0.066987 
3900.000000 0.066891 
3901.000000 0.066796 
3902.000000 0.066701 
3903.000000 0.066605 
3904.000000 0.066510 
3905.000000 0.066415 
3906.000000 0.066320 
3907.000000 0.066226 
3908.000000 0.066131 
3909.000000 0.066036 
3910.000000 0.065942 
3911.000000 0.065848 
3912.000000 0.065753 
3913.000000 0.065659 
3914.000000 0.065565 
3915.000000 0.065471 
3916.000000 0.065377 
3917.000000 0.065284 
3918.000000 0.065190 
3919.000000 0.065096 
3920.000000 0.065003 
3921.000000 0.064910 
3922.000000 0.064817 
3923.000000 0.064723 
3924.000000 0.064630 
3925.000000 0.064538 
3926.000000 0.064445 
3927.000000 0.064352 
3928.000000 0.064259 
3929.000000 0.064167 
3930.000000 0.064075 
3931.000000 0.063982 
3932.000000 0.063890 
3933.000000 0.063798 
3934.000000 0.063706 
3935.000000 0.063614 
3936.000000 0.063522 
3937.000000 0.063431 
3938.000000 0.063339 
3939.000000 0.063248 
3940.000000 0.063156 
3941.000000 0.063065 
3942.000000 0.062974 
3943.000000 0.062883 
3944.000000 0.062792 
3945.000000 0.062701 
3946.000000 0.062610 
3947.000000 0.062520 
3948.000000 0.062429 
3949.000000 0.062339 
3950.000000 0.062248 
3951.000000 0.062158 
3952.000000 0.062068 
3953.000000 0.061978 
3954.000000 0.061888 
3955.000000 0.061798 
3956.000000 0.061708 
3957.000000 0.061619 
3958.000000 0.061529 
3959.000000 0.061440 
3960.000000 0.061351 
3961.000000 0.061261 
3962.000000 0.061172 
3963.000000 0.061083 
3964.000000 0.060994 
3965.000000 0.060905 
3966.000000 0.060817 
3967.000000 0.060728 
3968.000000 0.060640 
3969.000000 0.060551 
3970.000000 0.060463 
3971.000000 0.060375 
3972.000000 0.060287 
3973.000000 0.060198 
3974.000000 0.060111 
3975.000000 0.060023 
3976.000000 0.059935 
3977.000000 0.059847 
3978.000000 0.059760 
3979.000000 0.059672 
3980.000000 0.059585 
3981.000000 0.059498 
3982.000000 0.059411 
3983.000000 0.059324 
3984.000000 0.059237 
3985.000000 0.059150 
3986.000000 0.059063 
3987.000000 0.058977 
3988.000000 0.058890 
3989.000000 0.058804 
3990.000000 0.058717 
3991.000000 0.058631 
3992.000000 0.058545 
3993.000000 0.058459 
3994.000000 0.058373 
3995.000000 0.058287 
3996.000000 0.058201 
3997.000000 0.058116 
3998.000000 0.058030 
3999.000000 0.057945 
4000.000000 0.057859 
