0.000000 1.000000 
1.000000 0.999999 
2.000000 0.999998 
3.000000 0.999996 
4.000000 0.999993 
5.000000 0.999989 
6.000000 0.999985 
7.000000 0.999980 
8.000000 0.999974 
9.000000 0.999968 
10.000000 0.999960 
11.000000 0.999952 
12.000000 0.999944 
13.000000 0.999934 
14.000000 0.999924 
15.000000 0.999914 
16.000000 0.999902 
17.000000 0.999890 
18.000000 0.999877 
19.000000 0.999863 
20.000000 0.999849 
21.000000 0.999834 
22.000000 0.999818 
23.000000 0.999801 
24.000000 0.999784 
25.000000 0.999766 
26.000000 0.999748 
27.000000 0.999728 
28.000000 0.999708 
29.000000 0.999687 
30.000000 0.999666 
31.000000 0.999644 
32.000000 0.999621 
33.000000 0.999597 
34.000000 0.999573 
35.000000 0.999548 
36.000000 0.999522 
37.000000 0.999496 
38.000000 0.999469 
39.000000 0.999441 
40.000000 0.999412 
41.000000 0.999383 
42.000000 0.999353 
43.000000 0.999323 
44.000000 0.999291 
45.000000 0.999259 
46.000000 0.999227 
47.000000 0.999193 
48.000000 0.999159 
49.000000 0.999125 
50.000000 0.999089 
51.000000 0.999053 
52.000000 0.999016 
53.000000 0.998979 
54.000000 0.998941 
55.000000 0.998902 
56.000000 0.998862 
57.000000 0.998822 
58.000000 0.998781 
59.000000 0.998740 
60.000000 0.998698 
61.000000 0.998655 
62.000000 0.998611 
63.000000 0.998567 
64.000000 0.998522 
65.000000 0.998477 
66.000000 0.998431 
67.000000 0.998384 
68.000000 0.998336 
69.000000 0.998288 
70.000000 0.998240 
71.000000 0.998190 
72.000000 0.998140 
73.000000 0.998089 
74.000000 0.998038 
75.000000 0.997986 
76.000000 0.997933 
77.000000 0.997880 
78.000000 0.997826 
79.000000 0.997772 
80.000000 0.997716 
81.000000 0.997660 
82.000000 0.997604 
83.000000 0.997547 
84.000000 0.997489 
85.000000 0.997431 
86.000000 0.997372 
87.000000 0.997312 
88.000000 0.997252 
89.000000 0.997191 
90.000000 0.997130 
91.000000 0.997067 
92.000000 0.997005 
93.000000 0.996941 
94.000000 0.996877 
95.000000 0.996813 
96.000000 0.996748 
97.000000 0.996682 
98.000000 0.996616 
99.000000 0.996549 
100.000000 0.996481 
101.000000 0.996413 
102.000000 0.996344 
103.000000 0.996275 
104.000000 0.996205 
105.000000 0.996134 
106.000000 0.996063 
107.000000 0.995991 
108.000000 0.995919 
109.000000 0.995846 
110.000000 0.995773 
111.000000 0.995698 
112.000000 0.995624 
113.000000 0.995549 
114.000000 0.995473 
115.000000 0.995396 
116.000000 0.995319 
117.000000 0.995242 
118.000000 0.995164 
119.000000 0.995085 
120.000000 0.995006 
121.000000 0.994926 
122.000000 0.994845 
123.000000 0.994764 
124.000000 0.994683 
125.000000 0.994601 
126.000000 0.994518 
127.000000 0.994435 
128.000000 0.994351 
129.000000 0.994267 
130.000000 0.994182 
131.000000 0.994096 
132.000000 0.994010 
133.000000 0.993924 
134.000000 0.993836 
135.000000 0.993749 
136.000000 0.993661 
137.000000 0.993572 
138.000000 0.993482 
139.000000 0.993393 
140.000000 0.993302 
141.000000 0.993211 
142.000000 0.993120 
143.000000 0.993028 
144.000000 0.992935 
145.000000 0.992842 
146.000000 0.992748 
147.000000 0.992654 
148.000000 0.992559 
149.000000 0.992464 
150.000000 0.992368 
151.000000 0.992272 
152.000000 0.992175 
153.000000 0.992077 
154.000000 0.991979 
155.000000 0.991881 
156.000000 0.991782 
157.000000 0.991682 
158.000000 0.991582 
159.000000 0.991482 
160.000000 0.991381 
161.000000 0.991279 
162.000000 0.991177 
163.000000 0.991074 
164.000000 0.990971 
165.000000 0.990867 
166.000000 0.990763 
167.000000 0.990658 
168.000000 0.990552 
169.000000 0.990446 
170.000000 0.990340 
171.000000 0.990233 
172.000000 0.990126 
173.000000 0.990018 
174.000000 0.989909 
175.000000 0.989800 
176.000000 0.989691 
177.000000 0.989581 
178.000000 0.989470 
179.000000 0.989359 
180.000000 0.989247 
181.000000 0.989135 
182.000000 0.989022 
183.000000 0.988909 
184.000000 0.988796 
185.000000 0.988681 
186.000000 0.988567 
187.000000 0.988451 
188.000000 0.988336 
189.000000 0.988219 
190.000000 0.988103 
191.000000 0.987985 
192.000000 0.987867 
193.000000 0.987749 
194.000000 0.987630 
195.000000 0.987511 
196.000000 0.987391 
197.000000 0.987271 
198.000000 0.987150 
199.000000 0.987028 
200.000000 0.986906 
201.000000 0.986784 
202.000000 0.986661 
203.000000 0.986537 
204.000000 0.986413 
205.000000 0.986289 
206.000000 0.986163 
207.000000 0.986038 
208.000000 0.985912 
209.000000 0.985785 
210.000000 0.985658 
211.000000 0.985530 
212.000000 0.985402 
213.000000 0.985273 
214.000000 0.985144 
215.000000 0.985015 
216.000000 0.984884 
217.000000 0.984753 
218.000000 0.984622 
219.000000 0.984490 
220.000000 0.984358 
221.000000 0.984225 
222.000000 0.984092 
223.000000 0.983958 
224.000000 0.983823 
225.000000 0.983689 
226.000000 0.983553 
227.000000 0.983417 
228.000000 0.983281 
229.000000 0.983144 
230.000000 0.983006 
231.000000 0.982868 
232.000000 0.982730 
233.000000 0.982590 
234.000000 0.982451 
235.000000 0.982311 
236.000000 0.982170 
237.000000 0.982029 
238.000000 0.981887 
239.000000 0.981745 
240.000000 0.981602 
241.000000 0.981459 
242.000000 0.981315 
243.000000 0.981171 
244.000000 0.981026 
245.000000 0.980881 
246.000000 0.980735 
247.000000 0.980588 
248.000000 0.980441 
249.000000 0.980294 
250.000000 0.980146 
251.000000 0.979997 
252.000000 0.979848 
253.000000 0.979699 
254.000000 0.979549 
255.000000 0.979398 
256.000000 0.979247 
257.000000 0.979095 
258.000000 0.978943 
259.000000 0.978791 
260.000000 0.978637 
261.000000 0.978484 
262.000000 0.978329 
263.000000 0.978175 
264.000000 0.978019 
265.000000 0.977863 
266.000000 0.977707 
267.000000 0.977550 
268.000000 0.977393 
269.000000 0.977235 
270.000000 0.977076 
271.000000 0.976917 
272.000000 0.976758 
273.000000 0.976597 
274.000000 0.976437 
275.000000 0.976276 
276.000000 0.976114 
277.000000 0.975952 
278.000000 0.975789 
279.000000 0.975626 
280.000000 0.975462 
281.000000 0.975298 
282.000000 0.975133 
283.000000 0.974968 
284.000000 0.974802 
285.000000 0.974636 
286.000000 0.974469 
287.000000 0.974301 
288.000000 0.974133 
289.000000 0.973965 
290.000000 0.973796 
291.000000 0.973626 
292.000000 0.973456 
293.000000 0.973286 
294.000000 0.973115 
295.000000 0.972943 
296.000000 0.972771 
297.000000 0.972598 
298.000000 0.972425 
299.000000 0.972251 
300.000000 0.972077 
301.000000 0.971902 
302.000000 0.971727 
303.000000 0.971551 
304.000000 0.971375 
305.000000 0.971198 
306.000000 0.971021 
307.000000 0.970843 
308.000000 0.970665 
309.000000 0.970486 
310.000000 0.970306 
311.000000 0.970126 
312.000000 0.969946 
313.000000 0.969765 
314.000000 0.969583 
315.000000 0.969401 
316.000000 0.969219 
317.000000 0.969036 
318.000000 0.968852 
319.000000 0.968668 
320.000000 0.968483 
321.000000 0.968298 
322.000000 0.968113 
323.000000 0.967927 
324.000000 0.967740 
325.000000 0.967553 
326.000000 0.967365 
327.000000 0.967177 
328.000000 0.966988 
329.000000 0.966799 
330.000000 0.966609 
331.000000 0.966419 
332.000000 0.966228 
333.000000 0.966037 
334.000000 0.965845 
335.000000 0.965653 
336.000000 0.965460 
337.000000 0.965267 
338.000000 0.965073 
339.000000 0.964878 
340.000000 0.964684 
341.000000 0.964488 
342.000000 0.964293 
343.000000 0.964096 
344.000000 0.963899 
345.000000 0.963702 
346.000000 0.963504 
347.000000 0.963306 
348.000000 0.963107 
349.000000 0.962908 
350.000000 0.962708 
351.000000 0.962507 
352.000000 0.962306 
353.000000 0.962105 
354.000000 0.961903 
355.000000 0.961701 
356.000000 0.961498 
357.000000 0.961295 
358.000000 0.961091 
359.000000 0.960887 
360.000000 0.960682 
361.000000 0.960476 
362.000000 0.960271 
363.000000 0.960064 
364.000000 0.959858 
365.000000 0.959650 
366.000000 0.959442 
367.000000 0.959234 
368.000000 0.959025 
369.000000 0.958816 
370.000000 0.958606 
371.000000 0.958396 
372.000000 0.958185 
373.000000 0.957974 
374.000000 0.957763 
375.000000 0.957550 
376.000000 0.957338 
377.000000 0.957125 
378.000000 0.956911 
379.000000 0.956697 
380.000000 0.956482 
381.000000 0.956267 
382.000000 0.956052 
383.000000 0.955835 
384.000000 0.955619 
385.000000 0.955402 
386.000000 0.955184 
387.000000 0.954966 
388.000000 0.954748 
389.000000 0.954529 
390.000000 0.954310 
391.000000 0.954090 
392.000000 0.953869 
393.000000 0.953649 
394.000000 0.953427 
395.000000 0.953205 
396.000000 0.952983 
397.000000 0.952760 
398.000000 0.952537 
399.000000 0.952314 
400.000000 0.952089 
401.000000 0.951865 
402.000000 0.951640 
403.000000 0.951414 
404.000000 0.951188 
405.000000 0.950962 
406.000000 0.950735 
407.000000 0.950507 
408.000000 0.950279 
409.000000 0.950051 
410.000000 0.949822 
411.000000 0.949593 
412.000000 0.949363 
413.000000 0.949133 
414.000000 0.948902 
415.000000 0.948671 
416.000000 0.948439 
417.000000 0.948207 
418.000000 0.947974 
419.000000 0.947741 
420.000000 0.947508 
421.000000 0.947274 
422.000000 0.947039 
423.000000 0.946805 
424.000000 0.946569 
425.000000 0.946333 
426.000000 0.946097 
427.000000 0.945860 
428.000000 0.945623 
429.000000 0.945386 
430.000000 0.945147 
431.000000 0.944909 
432.000000 0.944670 
433.000000 0.944430 
434.000000 0.944190 
435.000000 0.943950 
436.000000 0.943709 
437.000000 0.943468 
438.000000 0.943226 
439.000000 0.942984 
440.000000 0.942741 
441.000000 0.942498 
442.000000 0.942255 
443.000000 0.942011 
444.000000 0.941766 
445.000000 0.941521 
446.000000 0.941276 
447.000000 0.941030 
448.000000 0.940784 
449.000000 0.940537 
450.000000 0.940290 
451.000000 0.940042 
452.000000 0.939794 
453.000000 0.939546 
454.000000 0.939297 
455.000000 0.939047 
456.000000 0.938797 
457.000000 0.938547 
458.000000 0.938296 
459.000000 0.938045 
460.000000 0.937793 
461.000000 0.937541 
462.000000 0.937289 
463.000000 0.937036 
464.000000 0.936782 
465.000000 0.936528 
466.000000 0.936274 
467.000000 0.936019 
468.000000 0.935764 
469.000000 0.935508 
470.000000 0.935252 
471.000000 0.934996 
472.000000 0.934739 
473.000000 0.934481 
474.000000 0.934223 
475.000000 0.933965 
476.000000 0.933706 
477.000000 0.933447 
478.000000 0.933188 
479.000000 0.932927 
480.000000 0.932667 
481.000000 0.932406 
482.000000 0.932145 
483.000000 0.931883 
484.000000 0.931621 
485.000000 0.931358 
486.000000 0.931095 
487.000000 0.930831 
488.000000 0.930567 
489.000000 0.930303 
490.000000 0.930038 
491.000000 0.929773 
492.000000 0.929507 
493.000000 0.929241 
494.000000 0.928974 
495.000000 0.928707 
496.000000 0.928440 
497.000000 0.928172 
498.000000 0.927903 
499.000000 0.927635 
500.000000 0.927366 
501.000000 0.927096 
502.000000 0.926826 
503.000000 0.926555 
504.000000 0.926284 
505.000000 0.926013 
506.000000 0.925741 
507.000000 0.925469 
508.000000 0.925197 
509.000000 0.924924 
510.000000 0.924650 
511.000000 0.924376 
512.000000 0.924102 
513.000000 0.923827 
514.000000 0.923552 
515.000000 0.923276 
516.000000 0.923000 
517.000000 0.922724 
518.000000 0.922447 
519.000000 0.922170 
520.000000 0.921892 
521.000000 0.921614 
522.000000 0.921335 
523.000000 0.921056 
524.000000 0.920777 
525.000000 0.920497 
526.000000 0.920217 
527.000000 0.919936 
528.000000 0.919655 
529.000000 0.919374 
530.000000 0.919092 
531.000000 0.918810 
532.000000 0.918527 
533.000000 0.918244 
534.000000 0.917960 
535.000000 0.917676 
536.000000 0.917392 
537.000000 0.917107 
538.000000 0.916822 
539.000000 0.916536 
540.000000 0.916250 
541.000000 0.915964 
542.000000 0.915677 
543.000000 0.915390 
544.000000 0.915102 
545.000000 0.914814 
546.000000 0.914526 
547.000000 0.914237 
548.000000 0.913947 
549.000000 0.913658 
550.000000 0.913368 
551.000000 0.913077 
552.000000 0.912786 
553.000000 0.912495 
554.000000 0.912203 
555.000000 0.911911 
556.000000 0.911618 
557.000000 0.911326 
558.000000 0.911032 
559.000000 0.910738 
560.000000 0.910444 
561.000000 0.910150 
562.000000 0.909855 
563.000000 0.909559 
564.000000 0.909264 
565.000000 0.908968 
566.000000 0.908671 
567.000000 0.908374 
568.000000 0.908077 
569.000000 0.907779 
570.000000 0.907481 
571.000000 0.907182 
572.000000 0.906883 
573.000000 0.906584 
574.000000 0.906284 
575.000000 0.905984 
576.000000 0.905684 
577.000000 0.905383 
578.000000 0.905082 
579.000000 0.904780 
580.000000 0.904478 
581.000000 0.904176 
582.000000 0.903873 
583.000000 0.903570 
584.000000 0.903266 
585.000000 0.902962 
586.000000 0.902658 
587.000000 0.902353 
588.000000 0.902048 
589.000000 0.901742 
590.000000 0.901436 
591.000000 0.901130 
592.000000 0.900823 
593.000000 0.900516 
594.000000 0.900209 
595.000000 0.899901 
596.000000 0.899593 
597.000000 0.899284 
598.000000 0.898975 
599.000000 0.898666 
600.000000 0.898356 
601.000000 0.898046 
602.000000 0.897735 
603.000000 0.897424 
604.000000 0.897113 
605.000000 0.896801 
606.000000 0.896490 
607.000000 0.896177 
608.000000 0.895864 
609.000000 0.895551 
610.000000 0.895238 
611.000000 0.894924 
612.000000 0.894610 
613.000000 0.894295 
614.000000 0.893980 
615.000000 0.893665 
616.000000 0.893349 
617.000000 0.893033 
618.000000 0.892716 
619.000000 0.892399 
620.000000 0.892082 
621.000000 0.891765 
622.000000 0.891447 
623.000000 0.891128 
624.000000 0.890810 
625.000000 0.890491 
626.000000 0.890171 
627.000000 0.889851 
628.000000 0.889531 
629.000000 0.889211 
630.000000 0.888890 
631.000000 0.888569 
632.000000 0.888247 
633.000000 0.887925 
634.000000 0.887603 
635.000000 0.887280 
636.000000 0.886957 
637.000000 0.886634 
638.000000 0.886310 
639.000000 0.885986 
640.000000 0.885661 
641.000000 0.885336 
642.000000 0.885011 
643.000000 0.884686 
644.000000 0.884360 
645.000000 0.884033 
646.000000 0.883707 
647.000000 0.883380 
648.000000 0.883052 
649.000000 0.882725 
650.000000 0.882397 
651.000000 0.882068 
652.000000 0.881740 
653.000000 0.881410 
654.000000 0.881081 
655.000000 0.880751 
656.000000 0.880421 
657.000000 0.880090 
658.000000 0.879760 
659.000000 0.879428 
660.000000 0.879097 
661.000000 0.878765 
662.000000 0.878433 
663.000000 0.878100 
664.000000 0.877767 
665.000000 0.877434 
666.000000 0.877100 
667.000000 0.876766 
668.000000 0.876432 
669.000000 0.876097 
670.000000 0.875762 
671.000000 0.875427 
672.000000 0.875091 
673.000000 0.874755 
674.000000 0.874418 
675.000000 0.874082 
676.000000 0.873744 
677.000000 0.873407 
678.000000 0.873069 
679.000000 0.872731 
680.000000 0.872393 
681.000000 0.872054 
682.000000 0.871715 
683.000000 0.871375 
684.000000 0.871035 
685.000000 0.870695 
686.000000 0.870355 
687.000000 0.870014 
688.000000 0.869673 
689.000000 0.869331 
690.000000 0.868989 
691.000000 0.868647 
692.000000 0.868305 
693.000000 0.867962 
694.000000 0.867618 
695.000000 0.867275 
696.000000 0.866931 
697.000000 0.866587 
698.000000 0.866242 
699.000000 0.865898 
700.000000 0.865552 
701.000000 0.865207 
702.000000 0.864861 
703.000000 0.864515 
704.000000 0.864168 
705.000000 0.863822 
706.000000 0.863474 
707.000000 0.863127 
708.000000 0.862779 
709.000000 0.862431 
710.000000 0.862082 
711.000000 0.861734 
712.000000 0.861385 
713.000000 0.861035 
714.000000 0.860685 
715.000000 0.860335 
716.000000 0.859985 
717.000000 0.859634 
718.000000 0.859283 
719.000000 0.858932 
720.000000 0.858580 
721.000000 0.858228 
722.000000 0.857875 
723.000000 0.857523 
724.000000 0.857170 
725.000000 0.856816 
726.000000 0.856463 
727.000000 0.856109 
728.000000 0.855754 
729.000000 0.855400 
730.000000 0.855045 
731.000000 0.854690 
732.000000 0.854334 
733.000000 0.853978 
734.000000 0.853622 
735.000000 0.853266 
736.000000 0.852909 
737.000000 0.852552 
738.000000 0.852194 
739.000000 0.851837 
740.000000 0.851479 
741.000000 0.851120 
742.000000 0.850761 
743.000000 0.850403 
744.000000 0.850043 
745.000000 0.849684 
746.000000 0.849324 
747.000000 0.848963 
748.000000 0.848603 
749.000000 0.848242 
750.000000 0.847881 
751.000000 0.847519 
752.000000 0.847158 
753.000000 0.846796 
754.000000 0.846433 
755.000000 0.846071 
756.000000 0.845708 
757.000000 0.845344 
758.000000 0.844981 
759.000000 0.844617 
760.000000 0.844253 
761.000000 0.843888 
762.000000 0.843523 
763.000000 0.843158 
764.000000 0.842793 
765.000000 0.842427 
766.000000 0.842061 
767.000000 0.841695 
768.000000 0.841328 
769.000000 0.840961 
770.000000 0.840594 
771.000000 0.840227 
772.000000 0.839859 
773.000000 0.839491 
774.000000 0.839123 
775.000000 0.838754 
776.000000 0.838385 
777.000000 0.838016 
778.000000 0.837646 
779.000000 0.837276 
780.000000 0.836906 
781.000000 0.836536 
782.000000 0.836165 
783.000000 0.835794 
784.000000 0.835423 
785.000000 0.835051 
786.000000 0.834679 
787.000000 0.834307 
788.000000 0.833935 
789.000000 0.833562 
790.000000 0.833189 
791.000000 0.832816 
792.000000 0.832442 
793.000000 0.832069 
794.000000 0.831694 
795.000000 0.831320 
796.000000 0.830945 
797.000000 0.830570 
798.000000 0.830195 
799.000000 0.829820 
800.000000 0.829444 
801.000000 0.829068 
802.000000 0.828691 
803.000000 0.828315 
804.000000 0.827938 
805.000000 0.827561 
806.000000 0.827183 
807.000000 0.826805 
808.000000 0.826427 
809.000000 0.826049 
810.000000 0.825670 
811.000000 0.825292 
812.000000 0.824912 
813.000000 0.824533 
814.000000 0.824153 
815.000000 0.823773 
816.000000 0.823393 
817.000000 0.823013 
818.000000 0.822632 
819.000000 0.822251 
820.000000 0.821870 
821.000000 0.821488 
822.000000 0.821106 
823.000000 0.820724 
824.000000 0.820342 
825.000000 0.819959 
826.000000 0.819576 
827.000000 0.819193 
828.000000 0.818810 
829.000000 0.818426 
830.000000 0.818042 
831.000000 0.817658 
832.000000 0.817274 
833.000000 0.816889 
834.000000 0.816504 
835.000000 0.816119 
836.000000 0.815733 
837.000000 0.815347 
838.000000 0.814961 
839.000000 0.814575 
840.000000 0.814189 
841.000000 0.813802 
842.000000 0.813415 
843.000000 0.813027 
844.000000 0.812640 
845.000000 0.812252 
846.000000 0.811864 
847.000000 0.811476 
848.000000 0.811087 
849.000000 0.810698 
850.000000 0.810309 
851.000000 0.809920 
852.000000 0.809530 
853.000000 0.809141 
854.000000 0.808751 
855.000000 0.808360 
856.000000 0.807970 
857.000000 0.807579 
858.000000 0.807188 
859.000000 0.806796 
860.000000 0.806405 
861.000000 0.806013 
862.000000 0.805621 
863.000000 0.805229 
864.000000 0.804836 
865.000000 0.804443 
866.000000 0.804050 
867.000000 0.803657 
868.000000 0.803264 
869.000000 0.802870 
870.000000 0.802476 
871.000000 0.802082 
872.000000 0.801687 
873.000000 0.801293 
874.000000 0.800898 
875.000000 0.800502 
876.000000 0.800107 
877.000000 0.799711 
878.000000 0.799315 
879.000000 0.798919 
880.000000 0.798523 
881.000000 0.798126 
882.000000 0.797730 
883.000000 0.797332 
884.000000 0.796935 
885.000000 0.796538 
886.000000 0.796140 
887.000000 0.795742 
888.000000 0.795344 
889.000000 0.794945 
890.000000 0.794547 
891.000000 0.794148 
892.000000 0.793748 
893.000000 0.793349 
894.000000 0.792950 
895.000000 0.792550 
896.000000 0.792150 
897.000000 0.791749 
898.000000 0.791349 
899.000000 0.790948 
900.000000 0.790547 
901.000000 0.790146 
902.000000 0.789745 
903.000000 0.789343 
904.000000 0.788941 
905.000000 0.788539 
906.000000 0.788137 
907.000000 0.787734 
908.000000 0.787332 
909.000000 0.786929 
910.000000 0.786525 
911.000000 0.786122 
912.000000 0.785718 
913.000000 0.785315 
914.000000 0.784911 
915.000000 0.784506 
916.000000 0.784102 
917.000000 0.783697 
918.000000 0.783292 
919.000000 0.782887 
920.000000 0.782482 
921.000000 0.782076 
922.000000 0.781670 
923.000000 0.781264 
924.000000 0.780858 
925.000000 0.780452 
926.000000 0.780045 
927.000000 0.779638 
928.000000 0.779231 
929.000000 0.778824 
930.000000 0.778417 
931.000000 0.778009 
932.000000 0.777601 
933.000000 0.777193 
934.000000 0.776785 
935.000000 0.776376 
936.000000 0.775968 
937.000000 0.775559 
938.000000 0.775150 
939.000000 0.774741 
940.000000 0.774331 
941.000000 0.773921 
942.000000 0.773511 
943.000000 0.773101 
944.000000 0.772691 
945.000000 0.772280 
946.000000 0.771870 
947.000000 0.771459 
948.000000 0.771048 
949.000000 0.770636 
950.000000 0.770225 
951.000000 0.769813 
952.000000 0.769401 
953.000000 0.768989 
954.000000 0.768577 
955.000000 0.768164 
956.000000 0.767752 
957.000000 0.767339 
958.000000 0.766926 
959.000000 0.766513 
960.000000 0.766099 
961.000000 0.765686 
962.000000 0.765272 
963.000000 0.764858 
964.000000 0.764443 
965.000000 0.764029 
966.000000 0.763614 
967.000000 0.763200 
968.000000 0.762785 
969.000000 0.762369 
970.000000 0.761954 
971.000000 0.761539 
972.000000 0.761123 
973.000000 0.760707 
974.000000 0.760291 
975.000000 0.759875 
976.000000 0.759458 
977.000000 0.759042 
978.000000 0.758625 
979.000000 0.758208 
980.000000 0.757791 
981.000000 0.757373 
982.000000 0.756956 
983.000000 0.756538 
984.000000 0.756120 
985.000000 0.755702 
986.000000 0.755284 
987.000000 0.754865 
988.000000 0.754447 
989.000000 0.754028 
990.000000 0.753609 
991.000000 0.753190 
992.000000 0.752771 
993.000000 0.752351 
994.000000 0.751931 
995.000000 0.751512 
996.000000 0.751092 
997.000000 0.750672 
998.000000 0.750251 
999.000000 0.749831 
1000.000000 0.749410 
1001.000000 0.748989 
1002.000000 0.748568 
1003.000000 0.748147 
1004.000000 0.747726 
1005.000000 0.747304 
1006.000000 0.746882 
1007.000000 0.746461 
1008.000000 0.746039 
1009.000000 0.745616 
1010.000000 0.745194 
1011.000000 0.744772 
1012.000000 0.744349 
1013.000000 0.743926 
1014.000000 0.743503 
1015.000000 0.743080 
1016.000000 0.742657 
1017.000000 0.742233 
1018.000000 0.741809 
1019.000000 0.741386 
1020.000000 0.740962 
1021.000000 0.740538 
1022.000000 0.740113 
1023.000000 0.739689 
1024.000000 0.739264 
1025.000000 0.738840 
1026.000000 0.738415 
1027.000000 0.737990 
1028.000000 0.737565 
1029.000000 0.737139 
1030.000000 0.736714 
1031.000000 0.736288 
1032.000000 0.735862 
1033.000000 0.735436 
1034.000000 0.735010 
1035.000000 0.734584 
1036.000000 0.734158 
1037.000000 0.733731 
1038.000000 0.733304 
1039.000000 0.732877 
1040.000000 0.732451 
1041.000000 0.732023 
1042.000000 0.731596 
1043.000000 0.731169 
1044.000000 0.730741 
1045.000000 0.730313 
1046.000000 0.729885 
1047.000000 0.729457 
1048.000000 0.729029 
1049.000000 0.728601 
1050.000000 0.728173 
1051.000000 0.727744 
1052.000000 0.727315 
1053.000000 0.726886 
1054.000000 0.726457 
1055.000000 0.726028 
1056.000000 0.725599 
1057.000000 0.725170 
1058.000000 0.724740 
1059.000000 0.724310 
1060.000000 0.723881 
1061.000000 0.723451 
1062.000000 0.723020 
1063.000000 0.722590 
1064.000000 0.722160 
1065.000000 0.721729 
1066.000000 0.721299 
1067.000000 0.720868 
1068.000000 0.720437 
1069.000000 0.720006 
1070.000000 0.719575 
1071.000000 0.719144 
1072.000000 0.718712 
1073.000000 0.718281 
1074.000000 0.717849 
1075.000000 0.717417 
1076.000000 0.716985 
1077.000000 0.716553 
1078.000000 0.716121 
1079.000000 0.715689 
1080.000000 0.715256 
1081.000000 0.714824 
1082.000000 0.714391 
1083.000000 0.713958 
1084.000000 0.713525 
1085.000000 0.713092 
1086.000000 0.712659 
1087.000000 0.712226 
1088.000000 0.711792 
1089.000000 0.711359 
1090.000000 0.710925 
1091.000000 0.710491 
1092.000000 0.710058 
1093.000000 0.709623 
1094.000000 0.709189 
1095.000000 0.708755 
1096.000000 0.708321 
1097.000000 0.707886 
1098.000000 0.707452 
1099.000000 0.707017 
1100.000000 0.706582 
1101.000000 0.706147 
1102.000000 0.705712 
1103.000000 0.705277 
1104.000000 0.704841 
1105.000000 0.704406 
1106.000000 0.703971 
1107.000000 0.703535 
1108.000000 0.703099 
1109.000000 0.702663 
1110.000000 0.702227 
1111.000000 0.701791 
1112.000000 0.701355 
1113.000000 0.700919 
1114.000000 0.700482 
1115.000000 0.700046 
1116.000000 0.699609 
1117.000000 0.699172 
1118.000000 0.698736 
1119.000000 0.698299 
1120.000000 0.697862 
1121.000000 0.697424 
1122.000000 0.696987 
1123.000000 0.696550 
1124.000000 0.696112 
1125.000000 0.695675 
1126.000000 0.695237 
1127.000000 0.694799 
1128.000000 0.694361 
1129.000000 0.693923 
1130.000000 0.693485 
1131.000000 0.693047 
1132.000000 0.692609 
1133.000000 0.692171 
1134.000000 0.691732 
1135.000000 0.691293 
1136.000000 0.690855 
1137.000000 0.690416 
1138.000000 0.689977 
1139.000000 0.689538 
1140.000000 0.689099 
1141.000000 0.688660 
1142.000000 0.688221 
1143.000000 0.687781 
1144.000000 0.687342 
1145.000000 0.686902 
1146.000000 0.686463 
1147.000000 0.686023 
1148.000000 0.685583 
1149.000000 0.685143 
1150.000000 0.684703 
1151.000000 0.684263 
1152.000000 0.683823 
1153.000000 0.683383 
1154.000000 0.682942 
1155.000000 0.682502 
1156.000000 0.682061 
1157.000000 0.681621 
1158.000000 0.681180 
1159.000000 0.680739 
1160.000000 0.680298 
1161.000000 0.679857 
1162.000000 0.679416 
1163.000000 0.678975 
1164.000000 0.678534 
1165.000000 0.678093 
1166.000000 0.677651 
1167.000000 0.677210 
1168.000000 0.676768 
1169.000000 0.676327 
1170.000000 0.675885 
1171.000000 0.675443 
1172.000000 0.675001 
1173.000000 0.674559 
1174.000000 0.674117 
1175.000000 0.673675 
1176.000000 0.673233 
1177.000000 0.672791 
1178.000000 0.672348 
1179.000000 0.671906 
1180.000000 0.671463 
1181.000000 0.671021 
1182.000000 0.670578 
1183.000000 0.670135 
1184.000000 0.669693 
1185.000000 0.669250 
1186.000000 0.668807 
1187.000000 0.668364 
1188.000000 0.667921 
1189.000000 0.667477 
1190.000000 0.667034 
1191.000000 0.666591 
1192.000000 0.666148 
1193.000000 0.665704 
1194.000000 0.665261 
1195.000000 0.664817 
1196.000000 0.664373 
1197.000000 0.663930 
1198.000000 0.663486 
1199.000000 0.663042 
1200.000000 0.662598 
1201.000000 0.662154 
1202.000000 0.661710 
1203.000000 0.661266 
1204.000000 0.660822 
1205.000000 0.660377 
1206.000000 0.659933 
1207.000000 0.659489 
1208.000000 0.659044 
1209.000000 0.658600 
1210.000000 0.658155 
1211.000000 0.657711 
1212.000000 0.657266 
1213.000000 0.656821 
1214.000000 0.656376 
1215.000000 0.655931 
1216.000000 0.655487 
1217.000000 0.655042 
1218.000000 0.654597 
1219.000000 0.654151 
1220.000000 0.653706 
1221.000000 0.653261 
1222.000000 0.652816 
1223.000000 0.652371 
1224.000000 0.651925 
1225.000000 0.651480 
1226.000000 0.651034 
1227.000000 0.650589 
1228.000000 0.650143 
1229.000000 0.649697 
1230.000000 0.649252 
1231.000000 0.648806 
1232.000000 0.648360 
1233.000000 0.647914 
1234.000000 0.647469 
1235.000000 0.647023 
1236.000000 0.646577 
1237.000000 0.646131 
1238.000000 0.645684 
1239.000000 0.645238 
1240.000000 0.644792 
1241.000000 0.644346 
1242.000000 0.643900 
1243.000000 0.643453 
1244.000000 0.643007 
1245.000000 0.642561 
1246.000000 0.642114 
1247.000000 0.641668 
1248.000000 0.641221 
1249.000000 0.640775 
1250.000000 0.640328 
1251.000000 0.639881 
1252.000000 0.639435 
1253.000000 0.638988 
1254.000000 0.638541 
1255.000000 0.638094 
1256.000000 0.637647 
1257.000000 0.637200 
1258.000000 0.636754 
1259.000000 0.636307 
1260.000000 0.635860 
1261.000000 0.635413 
1262.000000 0.634965 
1263.000000 0.634518 
1264.000000 0.634071 
1265.000000 0.633624 
1266.000000 0.633177 
1267.000000 0.632730 
1268.000000 0.632282 
1269.000000 0.631835 
1270.000000 0.631388 
1271.000000 0.630940 
1272.000000 0.630493 
1273.000000 0.630045 
1274.000000 0.629598 
1275.000000 0.629150 
1276.000000 0.628703 
1277.000000 0.628255 
1278.000000 0.627808 
1279.000000 0.627360 
1280.000000 0.626912 
1281.000000 0.626465 
1282.000000 0.626017 
1283.000000 0.625569 
1284.000000 0.625121 
1285.000000 0.624674 
1286.000000 0.624226 
1287.000000 0.623778 
1288.000000 0.623330 
1289.000000 0.622882 
1290.000000 0.622434 
1291.000000 0.621987 
1292.000000 0.621539 
1293.000000 0.621091 
1294.000000 0.620643 
1295.000000 0.620195 
1296.000000 0.619747 
1297.000000 0.619299 
1298.000000 0.618850 
1299.000000 0.618402 
1300.000000 0.617954 
1301.000000 0.617506 
1302.000000 0.617058 
1303.000000 0.616610 
1304.000000 0.616162 
1305.000000 0.615713 
1306.000000 0.615265 
1307.000000 0.614817 
1308.000000 0.614369 
1309.000000 0.613921 
1310.000000 0.613472 
1311.000000 0.613024 
1312.000000 0.612576 
1313.000000 0.612127 
1314.000000 0.611679 
1315.000000 0.611231 
1316.000000 0.610782 
1317.000000 0.610334 
1318.000000 0.609886 
1319.000000 0.609437 
1320.000000 0.608989 
1321.000000 0.608541 
1322.000000 0.608092 
1323.000000 0.607644 
1324.000000 0.607195 
1325.000000 0.606747 
1326.000000 0.606299 
1327.000000 0.605850 
1328.000000 0.605402 
1329.000000 0.604953 
1330.000000 0.604505 
1331.000000 0.604056 
1332.000000 0.603608 
1333.000000 0.603159 
1334.000000 0.602711 
1335.000000 0.602262 
1336.000000 0.601814 
1337.000000 0.601366 
1338.000000 0.600917 
1339.000000 0.600469 
1340.000000 0.600020 
1341.000000 0.599572 
1342.000000 0.599123 
1343.000000 0.598675 
1344.000000 0.598226 
1345.000000 0.597778 
1346.000000 0.597329 
1347.000000 0.596881 
1348.000000 0.596432 
1349.000000 0.595984 
1350.000000 0.595535 
1351.000000 0.595087 
1352.000000 0.594638 
1353.000000 0.594190 
1354.000000 0.593742 
1355.000000 0.593293 
1356.000000 0.592845 
1357.000000 0.592396 
1358.000000 0.591948 
1359.000000 0.591499 
1360.000000 0.591051 
1361.000000 0.590603 
1362.000000 0.590154 
1363.000000 0.589706 
1364.000000 0.589257 
1365.000000 0.588809 
1366.000000 0.588361 
1367.000000 0.587912 
1368.000000 0.587464 
1369.000000 0.587016 
1370.000000 0.586568 
1371.000000 0.586119 
1372.000000 0.585671 
1373.000000 0.585223 
1374.000000 0.584774 
1375.000000 0.584326 
1376.000000 0.583878 
1377.000000 0.583430 
1378.000000 0.582982 
1379.000000 0.582533 
1380.000000 0.582085 
1381.000000 0.581637 
1382.000000 0.581189 
1383.000000 0.580741 
1384.000000 0.580293 
1385.000000 0.579845 
1386.000000 0.579397 
1387.000000 0.578949 
1388.000000 0.578501 
1389.000000 0.578053 
1390.000000 0.577605 
1391.000000 0.577157 
1392.000000 0.576709 
1393.000000 0.576261 
1394.000000 0.575813 
1395.000000 0.575365 
1396.000000 0.574917 
1397.000000 0.574470 
1398.000000 0.574022 
1399.000000 0.573574 
1400.000000 0.573126 
1401.000000 0.572679 
1402.000000 0.572231 
1403.000000 0.571783 
1404.000000 0.571336 
1405.000000 0.570888 
1406.000000 0.570441 
1407.000000 0.569993 
1408.000000 0.569546 
1409.000000 0.569098 
1410.000000 0.568651 
1411.000000 0.568203 
1412.000000 0.567756 
1413.000000 0.567308 
1414.000000 0.566861 
1415.000000 0.566414 
1416.000000 0.565967 
1417.000000 0.565519 
1418.000000 0.565072 
1419.000000 0.564625 
1420.000000 0.564178 
1421.000000 0.563731 
1422.000000 0.563284 
1423.000000 0.562837 
1424.000000 0.562390 
1425.000000 0.561943 
1426.000000 0.561496 
1427.000000 0.561049 
1428.000000 0.560602 
1429.000000 0.560155 
1430.000000 0.559708 
1431.000000 0.559262 
1432.000000 0.558815 
1433.000000 0.558368 
1434.000000 0.557922 
1435.000000 0.557475 
1436.000000 0.557029 
1437.000000 0.556582 
1438.000000 0.556136 
1439.000000 0.555689 
1440.000000 0.555243 
1441.000000 0.554797 
1442.000000 0.554350 
1443.000000 0.553904 
1444.000000 0.553458 
1445.000000 0.553012 
1446.000000 0.552566 
1447.000000 0.552120 
1448.000000 0.551674 
1449.000000 0.551228 
1450.000000 0.550782 
1451.000000 0.550336 
1452.000000 0.549890 
1453.000000 0.549444 
1454.000000 0.548999 
1455.000000 0.548553 
1456.000000 0.548107 
1457.000000 0.547662 
1458.000000 0.547216 
1459.000000 0.546771 
1460.000000 0.546325 
1461.000000 0.545880 
1462.000000 0.545435 
1463.000000 0.544989 
1464.000000 0.544544 
1465.000000 0.544099 
1466.000000 0.543654 
1467.000000 0.543209 
1468.000000 0.542764 
1469.000000 0.542319 
1470.000000 0.541874 
1471.000000 0.541429 
1472.000000 0.540984 
1473.000000 0.540540 
1474.000000 0.540095 
1475.000000 0.539651 
1476.000000 0.539206 
1477.000000 0.538761 
1478.000000 0.538317 
1479.000000 0.537873 
1480.000000 0.537428 
1481.000000 0.536984 
1482.000000 0.536540 
1483.000000 0.536096 
1484.000000 0.535652 
1485.000000 0.535208 
1486.000000 0.534764 
1487.000000 0.534320 
1488.000000 0.533876 
1489.000000 0.533432 
1490.000000 0.532989 
1491.000000 0.532545 
1492.000000 0.532101 
1493.000000 0.531658 
1494.000000 0.531214 
1495.000000 0.530771 
1496.000000 0.530328 
1497.000000 0.529885 
1498.000000 0.529441 
1499.000000 0.528998 
1500.000000 0.528555 
1501.000000 0.528112 
1502.000000 0.527669 
1503.000000 0.527226 
1504.000000 0.526784 
1505.000000 0.526341 
1506.000000 0.525898 
1507.000000 0.525456 
1508.000000 0.525013 
1509.000000 0.524571 
1510.000000 0.524129 
1511.000000 0.523686 
1512.000000 0.523244 
1513.000000 0.522802 
1514.000000 0.522360 
1515.000000 0.521918 
1516.000000 0.521476 
1517.000000 0.521034 
1518.000000 0.520592 
1519.000000 0.520151 
1520.000000 0.519709 
1521.000000 0.519268 
1522.000000 0.518826 
1523.000000 0.518385 
1524.000000 0.517943 
1525.000000 0.517502 
1526.000000 0.517061 
1527.000000 0.516620 
1528.000000 0.516179 
1529.000000 0.515738 
1530.000000 0.515297 
1531.000000 0.514857 
1532.000000 0.514416 
1533.000000 0.513975 
1534.000000 0.513535 
1535.000000 0.513094 
1536.000000 0.512654 
1537.000000 0.512214 
1538.000000 0.511773 
1539.000000 0.511333 
1540.000000 0.510893 
1541.000000 0.510453 
1542.000000 0.510014 
1543.000000 0.509574 
1544.000000 0.509134 
1545.000000 0.508694 
1546.000000 0.508255 
1547.000000 0.507815 
1548.000000 0.507376 
1549.000000 0.506937 
1550.000000 0.506498 
1551.000000 0.506059 
1552.000000 0.505620 
1553.000000 0.505181 
1554.000000 0.504742 
1555.000000 0.504303 
1556.000000 0.503864 
1557.000000 0.503426 
1558.000000 0.502987 
1559.000000 0.502549 
1560.000000 0.502111 
1561.000000 0.501673 
1562.000000 0.501234 
1563.000000 0.500796 
1564.000000 0.500359 
1565.000000 0.499921 
1566.000000 0.499483 
1567.000000 0.499045 
1568.000000 0.498608 
1569.000000 0.498170 
1570.000000 0.497733 
1571.000000 0.497296 
1572.000000 0.496858 
1573.000000 0.496421 
1574.000000 0.495984 
1575.000000 0.495547 
1576.000000 0.495111 
1577.000000 0.494674 
1578.000000 0.494237 
1579.000000 0.493801 
1580.000000 0.493364 
1581.000000 0.492928 
1582.000000 0.492492 
1583.000000 0.492056 
1584.000000 0.491620 
1585.000000 0.491184 
1586.000000 0.490748 
1587.000000 0.490312 
1588.000000 0.489877 
1589.000000 0.489441 
1590.000000 0.489006 
1591.000000 0.488570 
1592.000000 0.488135 
1593.000000 0.487700 
1594.000000 0.487265 
1595.000000 0.486830 
1596.000000 0.486395 
1597.000000 0.485961 
1598.000000 0.485526 
1599.000000 0.485092 
1600.000000 0.484657 
1601.000000 0.484223 
1602.000000 0.483789 
1603.000000 0.483355 
1604.000000 0.482921 
1605.000000 0.482487 
1606.000000 0.482053 
1607.000000 0.481620 
1608.000000 0.481186 
1609.000000 0.480753 
1610.000000 0.480319 
1611.000000 0.479886 
1612.000000 0.479453 
1613.000000 0.479020 
1614.000000 0.478587 
1615.000000 0.478154 
1616.000000 0.477722 
1617.000000 0.477289 
1618.000000 0.476857 
1619.000000 0.476424 
1620.000000 0.475992 
1621.000000 0.475560 
1622.000000 0.475128 
1623.000000 0.474696 
1624.000000 0.474264 
1625.000000 0.473833 
1626.000000 0.473401 
1627.000000 0.472970 
1628.000000 0.472538 
1629.000000 0.472107 
1630.000000 0.471676 
1631.000000 0.471245 
1632.000000 0.470814 
1633.000000 0.470384 
1634.000000 0.469953 
1635.000000 0.469522 
1636.000000 0.469092 
1637.000000 0.468662 
1638.000000 0.468232 
1639.000000 0.467802 
1640.000000 0.467372 
1641.000000 0.466942 
1642.000000 0.466512 
1643.000000 0.466083 
1644.000000 0.465653 
1645.000000 0.465224 
1646.000000 0.464795 
1647.000000 0.464366 
1648.000000 0.463937 
1649.000000 0.463508 
1650.000000 0.463079 
1651.000000 0.462651 
1652.000000 0.462222 
1653.000000 0.461794 
1654.000000 0.461366 
1655.000000 0.460938 
1656.000000 0.460510 
1657.000000 0.460082 
1658.000000 0.459654 
1659.000000 0.459226 
1660.000000 0.458799 
1661.000000 0.458372 
1662.000000 0.457944 
1663.000000 0.457517 
1664.000000 0.457090 
1665.000000 0.456664 
1666.000000 0.456237 
1667.000000 0.455810 
1668.000000 0.455384 
1669.000000 0.454958 
1670.000000 0.454531 
1671.000000 0.454105 
1672.000000 0.453679 
1673.000000 0.453254 
1674.000000 0.452828 
1675.000000 0.452402 
1676.000000 0.451977 
1677.000000 0.451552 
1678.000000 0.451127 
1679.000000 0.450702 
1680.000000 0.450277 
1681.000000 0.449852 
1682.000000 0.449427 
1683.000000 0.449003 
1684.000000 0.448578 
1685.000000 0.448154 
1686.000000 0.447730 
1687.000000 0.447306 
1688.000000 0.446882 
1689.000000 0.446459 
1690.000000 0.446035 
1691.000000 0.445612 
1692.000000 0.445189 
1693.000000 0.444765 
1694.000000 0.444342 
1695.000000 0.443920 
1696.000000 0.443497 
1697.000000 0.443074 
1698.000000 0.442652 
1699.000000 0.442230 
1700.000000 0.441807 
1701.000000 0.441385 
1702.000000 0.440963 
1703.000000 0.440542 
1704.000000 0.440120 
1705.000000 0.439699 
1706.000000 0.439277 
1707.000000 0.438856 
1708.000000 0.438435 
1709.000000 0.438014 
1710.000000 0.437593 
1711.000000 0.437173 
1712.000000 0.436752 
1713.000000 0.436332 
1714.000000 0.435912 
1715.000000 0.435492 
1716.000000 0.435072 
1717.000000 0.434652 
1718.000000 0.434233 
1719.000000 0.433813 
1720.000000 0.433394 
1721.000000 0.432975 
1722.000000 0.432555 
1723.000000 0.432137 
1724.000000 0.431718 
1725.000000 0.431299 
1726.000000 0.430881 
1727.000000 0.430463 
1728.000000 0.430044 
1729.000000 0.429626 
1730.000000 0.429208 
1731.000000 0.428791 
1732.000000 0.428373 
1733.000000 0.427956 
1734.000000 0.427539 
1735.000000 0.427121 
1736.000000 0.426704 
1737.000000 0.426288 
1738.000000 0.425871 
1739.000000 0.425454 
1740.000000 0.425038 
1741.000000 0.424622 
1742.000000 0.424206 
1743.000000 0.423790 
1744.000000 0.423374 
1745.000000 0.422959 
1746.000000 0.422543 
1747.000000 0.422128 
1748.000000 0.421713 
1749.000000 0.421298 
1750.000000 0.420883 
1751.000000 0.420468 
1752.000000 0.420054 
1753.000000 0.419639 
1754.000000 0.419225 
1755.000000 0.418811 
1756.000000 0.418397 
1757.000000 0.417983 
1758.000000 0.417570 
1759.000000 0.417156 
1760.000000 0.416743 
1761.000000 0.416330 
1762.000000 0.415917 
1763.000000 0.415504 
1764.000000 0.415091 
1765.000000 0.414679 
1766.000000 0.414266 
1767.000000 0.413854 
1768.000000 0.413442 
1769.000000 0.413030 
1770.000000 0.412619 
1771.000000 0.412207 
1772.000000 0.411796 
1773.000000 0.411385 
1774.000000 0.410973 
1775.000000 0.410563 
1776.000000 0.410152 
1777.000000 0.409741 
1778.000000 0.409331 
1779.000000 0.408921 
1780.000000 0.408510 
1781.000000 0.408101 
1782.000000 0.407691 
1783.000000 0.407281 
1784.000000 0.406872 
1785.000000 0.406462 
1786.000000 0.406053 
1787.000000 0.405644 
1788.000000 0.405236 
1789.000000 0.404827 
1790.000000 0.404418 
1791.000000 0.404010 
1792.000000 0.403602 
1793.000000 0.403194 
1794.000000 0.402786 
1795.000000 0.402379 
1796.000000 0.401971 
1797.000000 0.401564 
1798.000000 0.401157 
1799.000000 0.400750 
1800.000000 0.400343 
1801.000000 0.399936 
1802.000000 0.399530 
1803.000000 0.399123 
1804.000000 0.398717 
1805.000000 0.398311 
1806.000000 0.397906 
1807.000000 0.397500 
1808.000000 0.397095 
1809.000000 0.396689 
1810.000000 0.396284 
1811.000000 0.395879 
1812.000000 0.395474 
1813.000000 0.395070 
1814.000000 0.394665 
1815.000000 0.394261 
1816.000000 0.393857 
1817.000000 0.393453 
1818.000000 0.393049 
1819.000000 0.392646 
1820.000000 0.392242 
1821.000000 0.391839 
1822.000000 0.391436 
1823.000000 0.391033 
1824.000000 0.390630 
1825.000000 0.390228 
1826.000000 0.389826 
1827.000000 0.389423 
1828.000000 0.389021 
1829.000000 0.388620 
1830.000000 0.388218 
1831.000000 0.387816 
1832.000000 0.387415 
1833.000000 0.387014 
1834.000000 0.386613 
1835.000000 0.386212 
1836.000000 0.385812 
1837.000000 0.385411 
1838.000000 0.385011 
1839.000000 0.384611 
1840.000000 0.384211 
1841.000000 0.383811 
1842.000000 0.383412 
1843.000000 0.383012 
1844.000000 0.382613 
1845.000000 0.382214 
1846.000000 0.381815 
1847.000000 0.381417 
1848.000000 0.381018 
1849.000000 0.380620 
1850.000000 0.380222 
1851.000000 0.379824 
1852.000000 0.379426 
1853.000000 0.379028 
1854.000000 0.378631 
1855.000000 0.378234 
1856.000000 0.377837 
1857.000000 0.377440 
1858.000000 0.377043 
1859.000000 0.376647 
1860.000000 0.376250 
1861.000000 0.375854 
1862.000000 0.375458 
1863.000000 0.375063 
1864.000000 0.374667 
1865.000000 0.374272 
1866.000000 0.373876 
1867.000000 0.373481 
1868.000000 0.373087 
1869.000000 0.372692 
1870.000000 0.372298 
1871.000000 0.371903 
1872.000000 0.371509 
1873.000000 0.371115 
1874.000000 0.370721 
1875.000000 0.370328 
1876.000000 0.369935 
1877.000000 0.369541 
1878.000000 0.369148 
1879.000000 0.368756 
1880.000000 0.368363 
1881.000000 0.367971 
1882.000000 0.367578 
1883.000000 0.367186 
1884.000000 0.366795 
1885.000000 0.366403 
1886.000000 0.366011 
1887.000000 0.365620 
1888.000000 0.365229 
1889.000000 0.364838 
1890.000000 0.364447 
1891.000000 0.364057 
1892.000000 0.363666 
1893.000000 0.363276 
1894.000000 0.362886 
1895.000000 0.362497 
1896.000000 0.362107 
1897.000000 0.361718 
1898.000000 0.361328 
1899.000000 0.360939 
1900.000000 0.360551 
1901.000000 0.360162 
1902.000000 0.359773 
1903.000000 0.359385 
1904.000000 0.358997 
1905.000000 0.358609 
1906.000000 0.358222 
1907.000000 0.357834 
1908.000000 0.357447 
1909.000000 0.357060 
1910.000000 0.356673 
1911.000000 0.356286 
1912.000000 0.355900 
1913.000000 0.355513 
1914.000000 0.355127 
1915.000000 0.354741 
1916.000000 0.354356 
1917.000000 0.353970 
1918.000000 0.353585 
1919.000000 0.353200 
1920.000000 0.352815 
1921.000000 0.352430 
1922.000000 0.352045 
1923.000000 0.351661 
1924.000000 0.351277 
1925.000000 0.350893 
1926.000000 0.350509 
1927.000000 0.350126 
1928.000000 0.349742 
1929.000000 0.349359 
1930.000000 0.348976 
1931.000000 0.348593 
1932.000000 0.348211 
1933.000000 0.347828 
1934.000000 0.347446 
1935.000000 0.347064 
1936.000000 0.346682 
1937.000000 0.346301 
1938.000000 0.345919 
1939.000000 0.345538 
1940.000000 0.345157 
1941.000000 0.344777 
1942.000000 0.344396 
1943.000000 0.344016 
1944.000000 0.343635 
1945.000000 0.343255 
1946.000000 0.342876 
1947.000000 0.342496 
1948.000000 0.342117 
1949.000000 0.341737 
1950.000000 0.341359 
1951.000000 0.340980 
1952.000000 0.340601 
1953.000000 0.340223 
1954.000000 0.339845 
1955.000000 0.339467 
1956.000000 0.339089 
1957.000000 0.338711 
1958.000000 0.338334 
1959.000000 0.337957 
1960.000000 0.337580 
1961.000000 0.337203 
1962.000000 0.336827 
1963.000000 0.336450 
1964.000000 0.336074 
1965.000000 0.335698 
1966.000000 0.335322 
1967.000000 0.334947 
1968.000000 0.334572 
1969.000000 0.334196 
1970.000000 0.333822 
1971.000000 0.333447 
1972.000000 0.333072 
1973.000000 0.332698 
1974.000000 0.332324 
1975.000000 0.331950 
1976.000000 0.331576 
1977.000000 0.331203 
1978.000000 0.330830 
1979.000000 0.330457 
1980.000000 0.330084 
1981.000000 0.329711 
1982.000000 0.329339 
1983.000000 0.328967 
1984.000000 0.328595 
1985.000000 0.328223 
1986.000000 0.327851 
1987.000000 0.327480 
1988.000000 0.327109 
1989.000000 0.326738 
1990.000000 0.326367 
1991.000000 0.325996 
1992.000000 0.325626 
1993.000000 0.325256 
1994.000000 0.324886 
1995.000000 0.324516 
1996.000000 0.324147 
1997.000000 0.323777 
1998.000000 0.323408 
1999.000000 0.323039 
2000.000000 0.322671 
2001.000000 0.322302 
2002.000000 0.321934 
2003.000000 0.321566 
2004.000000 0.321198 
2005.000000 0.320830 
2006.000000 0.320463 
2007.000000 0.320096 
2008.000000 0.319729 
2009.000000 0.319362 
2010.000000 0.318995 
2011.000000 0.318629 
2012.000000 0.318263 
2013.000000 0.317897 
2014.000000 0.317531 
2015.000000 0.317166 
2016.000000 0.316801 
2017.000000 0.316435 
2018.000000 0.316071 
2019.000000 0.315706 
2020.000000 0.315342 
2021.000000 0.314977 
2022.000000 0.314613 
2023.000000 0.314250 
2024.000000 0.313886 
2025.000000 0.313523 
2026.000000 0.313159 
2027.000000 0.312796 
2028.000000 0.312434 
2029.000000 0.312071 
2030.000000 0.311709 
2031.000000 0.311347 
2032.000000 0.310985 
2033.000000 0.310623 
2034.000000 0.310262 
2035.000000 0.309901 
2036.000000 0.309540 
2037.000000 0.309179 
2038.000000 0.308818 
2039.000000 0.308458 
2040.000000 0.308098 
2041.000000 0.307738 
2042.000000 0.307378 
2043.000000 0.307019 
2044.000000 0.306660 
2045.000000 0.306300 
2046.000000 0.305942 
2047.000000 0.305583 
2048.000000 0.305225 
2049.000000 0.304866 
2050.000000 0.304508 
2051.000000 0.304151 
2052.000000 0.303793 
2053.000000 0.303436 
2054.000000 0.303079 
2055.000000 0.302722 
2056.000000 0.302365 
2057.000000 0.302009 
2058.000000 0.301653 
2059.000000 0.301297 
2060.000000 0.300941 
2061.000000 0.300585 
2062.000000 0.300230 
2063.000000 0.299875 
2064.000000 0.299520 
2065.000000 0.299165 
2066.000000 0.298811 
2067.000000 0.298457 
2068.000000 0.298103 
2069.000000 0.297749 
2070.000000 0.297395 
2071.000000 0.297042 
2072.000000 0.296689 
2073.000000 0.296336 
2074.000000 0.295983 
2075.000000 0.295631 
2076.000000 0.295278 
2077.000000 0.294926 
2078.000000 0.294574 
2079.000000 0.294223 
2080.000000 0.293871 
2081.000000 0.293520 
2082.000000 0.293169 
2083.000000 0.292819 
2084.000000 0.292468 
2085.000000 0.292118 
2086.000000 0.291768 
2087.000000 0.291418 
2088.000000 0.291069 
2089.000000 0.290719 
2090.000000 0.290370 
2091.000000 0.290021 
2092.000000 0.289672 
2093.000000 0.289324 
2094.000000 0.288976 
2095.000000 0.288628 
2096.000000 0.288280 
2097.000000 0.287932 
2098.000000 0.287585 
2099.000000 0.287238 
2100.000000 0.286891 
2101.000000 0.286544 
2102.000000 0.286198 
2103.000000 0.285852 
2104.000000 0.285506 
2105.000000 0.285160 
2106.000000 0.284814 
2107.000000 0.284469 
2108.000000 0.284124 
2109.000000 0.283779 
2110.000000 0.283434 
2111.000000 0.283090 
2112.000000 0.282746 
2113.000000 0.282402 
2114.000000 0.282058 
2115.000000 0.281715 
2116.000000 0.281371 
2117.000000 0.281028 
2118.000000 0.280685 
2119.000000 0.280343 
2120.000000 0.280000 
2121.000000 0.279658 
2122.000000 0.279316 
2123.000000 0.278975 
2124.000000 0.278633 
2125.000000 0.278292 
2126.000000 0.277951 
2127.000000 0.277610 
2128.000000 0.277269 
2129.000000 0.276929 
2130.000000 0.276589 
2131.000000 0.276249 
2132.000000 0.275910 
2133.000000 0.275570 
2134.000000 0.275231 
2135.000000 0.274892 
2136.000000 0.274553 
2137.000000 0.274215 
2138.000000 0.273876 
2139.000000 0.273538 
2140.000000 0.273201 
2141.000000 0.272863 
2142.000000 0.272526 
2143.000000 0.272188 
2144.000000 0.271852 
2145.000000 0.271515 
2146.000000 0.271178 
2147.000000 0.270842 
2148.000000 0.270506 
2149.000000 0.270170 
2150.000000 0.269835 
2151.000000 0.269500 
2152.000000 0.269165 
2153.000000 0.268830 
2154.000000 0.268495 
2155.000000 0.268161 
2156.000000 0.267827 
2157.000000 0.267493 
2158.000000 0.267159 
2159.000000 0.266826 
2160.000000 0.266492 
2161.000000 0.266159 
2162.000000 0.265827 
2163.000000 0.265494 
2164.000000 0.265162 
2165.000000 0.264830 
2166.000000 0.264498 
2167.000000 0.264166 
2168.000000 0.263835 
2169.000000 0.263504 
2170.000000 0.263173 
2171.000000 0.262842 
2172.000000 0.262512 
2173.000000 0.262182 
2174.000000 0.261852 
2175.000000 0.261522 
2176.000000 0.261193 
2177.000000 0.260863 
2178.000000 0.260534 
2179.000000 0.260205 
2180.000000 0.259877 
2181.000000 0.259549 
2182.000000 0.259220 
2183.000000 0.258893 
2184.000000 0.258565 
2185.000000 0.258238 
2186.000000 0.257910 
2187.000000 0.257583 
2188.000000 0.257257 
2189.000000 0.256930 
2190.000000 0.256604 
2191.000000 0.256278 
2192.000000 0.255952 
2193.000000 0.255627 
2194.000000 0.255301 
2195.000000 0.254976 
2196.000000 0.254652 
2197.000000 0.254327 
2198.000000 0.254003 
2199.000000 0.253679 
2200.000000 0.253355 
2201.000000 0.253031 
2202.000000 0.252708 
2203.000000 0.252384 
2204.000000 0.252061 
2205.000000 0.251739 
2206.000000 0.251416 
2207.000000 0.251094 
2208.000000 0.250772 
2209.000000 0.250450 
2210.000000 0.250129 
2211.000000 0.249807 
2212.000000 0.249486 
2213.000000 0.249166 
2214.000000 0.248845 
2215.000000 0.248525 
2216.000000 0.248205 
2217.000000 0.247885 
2218.000000 0.247565 
2219.000000 0.247246 
2220.000000 0.246927 
2221.000000 0.246608 
2222.000000 0.246289 
2223.000000 0.245970 
2224.000000 0.245652 
2225.000000 0.245334 
2226.000000 0.245017 
2227.000000 0.244699 
2228.000000 0.244382 
2229.000000 0.244065 
2230.000000 0.243748 
2231.000000 0.243431 
2232.000000 0.243115 
2233.000000 0.242799 
2234.000000 0.242483 
2235.000000 0.242168 
2236.000000 0.241852 
2237.000000 0.241537 
2238.000000 0.241222 
2239.000000 0.240908 
2240.000000 0.240593 
2241.000000 0.240279 
2242.000000 0.239965 
2243.000000 0.239651 
2244.000000 0.239338 
2245.000000 0.239025 
2246.000000 0.238712 
2247.000000 0.238399 
2248.000000 0.238086 
2249.000000 0.237774 
2250.000000 0.237462 
2251.000000 0.237150 
2252.000000 0.236839 
2253.000000 0.236528 
2254.000000 0.236217 
2255.000000 0.235906 
2256.000000 0.235595 
2257.000000 0.235285 
2258.000000 0.234975 
2259.000000 0.234665 
2260.000000 0.234355 
2261.000000 0.234046 
2262.000000 0.233737 
2263.000000 0.233428 
2264.000000 0.233119 
2265.000000 0.232811 
2266.000000 0.232503 
2267.000000 0.232195 
2268.000000 0.231887 
2269.000000 0.231579 
2270.000000 0.231272 
2271.000000 0.230965 
2272.000000 0.230658 
2273.000000 0.230352 
2274.000000 0.230046 
2275.000000 0.229740 
2276.000000 0.229434 
2277.000000 0.229128 
2278.000000 0.228823 
2279.000000 0.228518 
2280.000000 0.228213 
2281.000000 0.227909 
2282.000000 0.227604 
2283.000000 0.227300 
2284.000000 0.226996 
2285.000000 0.226693 
2286.000000 0.226389 
2287.000000 0.226086 
2288.000000 0.225783 
2289.000000 0.225481 
2290.000000 0.225178 
2291.000000 0.224876 
2292.000000 0.224574 
2293.000000 0.224273 
2294.000000 0.223971 
2295.000000 0.223670 
2296.000000 0.223369 
2297.000000 0.223068 
2298.000000 0.222768 
2299.000000 0.222468 
2300.000000 0.222168 
2301.000000 0.221868 
2302.000000 0.221568 
2303.000000 0.221269 
2304.000000 0.220970 
2305.000000 0.220671 
2306.000000 0.220373 
2307.000000 0.220075 
2308.000000 0.219777 
2309.000000 0.219479 
2310.000000 0.219181 
2311.000000 0.218884 
2312.000000 0.218587 
2313.000000 0.218290 
2314.000000 0.217993 
2315.000000 0.217697 
2316.000000 0.217401 
2317.000000 0.217105 
2318.000000 0.216810 
2319.000000 0.216514 
2320.000000 0.216219 
2321.000000 0.215924 
2322.000000 0.215630 
2323.000000 0.215335 
2324.000000 0.215041 
2325.000000 0.214747 
2326.000000 0.214453 
2327.000000 0.214160 
2328.000000 0.213867 
2329.000000 0.213574 
2330.000000 0.213281 
2331.000000 0.212989 
2332.000000 0.212697 
2333.000000 0.212405 
2334.000000 0.212113 
2335.000000 0.211821 
2336.000000 0.211530 
2337.000000 0.211239 
2338.000000 0.210948 
2339.000000 0.210658 
2340.000000 0.210368 
2341.000000 0.210078 
2342.000000 0.209788 
2343.000000 0.209498 
2344.000000 0.209209 
2345.000000 0.208920 
2346.000000 0.208631 
2347.000000 0.208343 
2348.000000 0.208054 
2349.000000 0.207766 
2350.000000 0.207478 
2351.000000 0.207191 
2352.000000 0.206903 
2353.000000 0.206616 
2354.000000 0.206329 
2355.000000 0.206043 
2356.000000 0.205757 
2357.000000 0.205470 
2358.000000 0.205184 
2359.000000 0.204899 
2360.000000 0.204613 
2361.000000 0.204328 
2362.000000 0.204043 
2363.000000 0.203759 
2364.000000 0.203474 
2365.000000 0.203190 
2366.000000 0.202906 
2367.000000 0.202623 
2368.000000 0.202339 
2369.000000 0.202056 
2370.000000 0.201773 
2371.000000 0.201490 
2372.000000 0.201208 
2373.000000 0.200926 
2374.000000 0.200644 
2375.000000 0.200362 
2376.000000 0.200080 
2377.000000 0.199799 
2378.000000 0.199518 
2379.000000 0.199237 
2380.000000 0.198957 
2381.000000 0.198677 
2382.000000 0.198397 
2383.000000 0.198117 
2384.000000 0.197837 
2385.000000 0.197558 
2386.000000 0.197279 
2387.000000 0.197000 
2388.000000 0.196721 
2389.000000 0.196443 
2390.000000 0.196165 
2391.000000 0.195887 
2392.000000 0.195610 
2393.000000 0.195332 
2394.000000 0.195055 
2395.000000 0.194778 
2396.000000 0.194502 
2397.000000 0.194225 
2398.000000 0.193949 
2399.000000 0.193673 
2400.000000 0.193398 
2401.000000 0.193122 
2402.000000 0.192847 
2403.000000 0.192572 
2404.000000 0.192298 
2405.000000 0.192023 
2406.000000 0.191749 
2407.000000 0.191475 
2408.000000 0.191201 
2409.000000 0.190928 
2410.000000 0.190655 
2411.000000 0.190382 
2412.000000 0.190109 
2413.000000 0.189837 
2414.000000 0.189564 
2415.000000 0.189292 
2416.000000 0.189021 
2417.000000 0.188749 
2418.000000 0.188478 
2419.000000 0.188207 
2420.000000 0.187936 
2421.000000 0.187665 
2422.000000 0.187395 
2423.000000 0.187125 
2424.000000 0.186855 
2425.000000 0.186586 
2426.000000 0.186317 
2427.000000 0.186047 
2428.000000 0.185779 
2429.000000 0.185510 
2430.000000 0.185242 
2431.000000 0.184974 
2432.000000 0.184706 
2433.000000 0.184438 
2434.000000 0.184171 
2435.000000 0.183904 
2436.000000 0.183637 
2437.000000 0.183370 
2438.000000 0.183104 
2439.000000 0.182838 
2440.000000 0.182572 
2441.000000 0.182306 
2442.000000 0.182041 
2443.000000 0.181775 
2444.000000 0.181511 
2445.000000 0.181246 
2446.000000 0.180981 
2447.000000 0.180717 
2448.000000 0.180453 
2449.000000 0.180190 
2450.000000 0.179926 
2451.000000 0.179663 
2452.000000 0.179400 
2453.000000 0.179137 
2454.000000 0.178875 
2455.000000 0.178612 
2456.000000 0.178350 
2457.000000 0.178089 
2458.000000 0.177827 
2459.000000 0.177566 
2460.000000 0.177305 
2461.000000 0.177044 
2462.000000 0.176783 
2463.000000 0.176523 
2464.000000 0.176263 
2465.000000 0.176003 
2466.000000 0.175744 
2467.000000 0.175484 
2468.000000 0.175225 
2469.000000 0.174966 
2470.000000 0.174708 
2471.000000 0.174449 
2472.000000 0.174191 
2473.000000 0.173933 
2474.000000 0.173676 
2475.000000 0.173418 
2476.000000 0.173161 
2477.000000 0.172904 
2478.000000 0.172647 
2479.000000 0.172391 
2480.000000 0.172135 
2481.000000 0.171879 
2482.000000 0.171623 
2483.000000 0.171368 
2484.000000 0.171112 
2485.000000 0.170857 
2486.000000 0.170603 
2487.000000 0.170348 
2488.000000 0.170094 
2489.000000 0.169840 
2490.000000 0.169586 
2491.000000 0.169333 
2492.000000 0.169079 
2493.000000 0.168826 
2494.000000 0.168574 
2495.000000 0.168321 
2496.000000 0.168069 
2497.000000 0.167817 
2498.000000 0.167565 
2499.000000 0.167313 
2500.000000 0.167062 
2501.000000 0.166811 
2502.000000 0.166560 
2503.000000 0.166309 
2504.000000 0.166059 
2505.000000 0.165809 
2506.000000 0.165559 
2507.000000 0.165309 
2508.000000 0.165060 
2509.000000 0.164811 
2510.000000 0.164562 
2511.000000 0.164313 
2512.000000 0.164065 
2513.000000 0.163816 
2514.000000 0.163568 
2515.000000 0.163321 
2516.000000 0.163073 
2517.000000 0.162826 
2518.000000 0.162579 
2519.000000 0.162332 
2520.000000 0.162086 
2521.000000 0.161839 
2522.000000 0.161593 
2523.000000 0.161348 
2524.000000 0.161102 
2525.000000 0.160857 
2526.000000 0.160612 
2527.000000 0.160367 
2528.000000 0.160122 
2529.000000 0.159878 
2530.000000 0.159634 
2531.000000 0.159390 
2532.000000 0.159146 
2533.000000 0.158903 
2534.000000 0.158660 
2535.000000 0.158417 
2536.000000 0.158174 
2537.000000 0.157932 
2538.000000 0.157690 
2539.000000 0.157448 
2540.000000 0.157206 
2541.000000 0.156965 
2542.000000 0.156723 
2543.000000 0.156482 
2544.000000 0.156242 
2545.000000 0.156001 
2546.000000 0.155761 
2547.000000 0.155521 
2548.000000 0.155281 
2549.000000 0.155042 
2550.000000 0.154802 
2551.000000 0.154563 
2552.000000 0.154325 
2553.000000 0.154086 
2554.000000 0.153848 
2555.000000 0.153610 
2556.000000 0.153372 
2557.000000 0.153134 
2558.000000 0.152897 
2559.000000 0.152660 
2560.000000 0.152423 
2561.000000 0.152186 
2562.000000 0.151950 
2563.000000 0.151714 
2564.000000 0.151478 
2565.000000 0.151242 
2566.000000 0.151006 
2567.000000 0.150771 
2568.000000 0.150536 
2569.000000 0.150301 
2570.000000 0.150067 
2571.000000 0.149833 
2572.000000 0.149599 
2573.000000 0.149365 
2574.000000 0.149131 
2575.000000 0.148898 
2576.000000 0.148665 
2577.000000 0.148432 
2578.000000 0.148200 
2579.000000 0.147967 
2580.000000 0.147735 
2581.000000 0.147503 
2582.000000 0.147272 
2583.000000 0.147040 
2584.000000 0.146809 
2585.000000 0.146578 
2586.000000 0.146348 
2587.000000 0.146117 
2588.000000 0.145887 
2589.000000 0.145657 
2590.000000 0.145427 
2591.000000 0.145198 
2592.000000 0.144968 
2593.000000 0.144739 
2594.000000 0.144511 
2595.000000 0.144282 
2596.000000 0.144054 
2597.000000 0.143826 
2598.000000 0.143598 
2599.000000 0.143370 
2600.000000 0.143143 
2601.000000 0.142916 
2602.000000 0.142689 
2603.000000 0.142462 
2604.000000 0.142236 
2605.000000 0.142010 
2606.000000 0.141784 
2607.000000 0.141558 
2608.000000 0.141333 
2609.000000 0.141107 
2610.000000 0.140882 
2611.000000 0.140658 
2612.000000 0.140433 
2613.000000 0.140209 
2614.000000 0.139985 
2615.000000 0.139761 
2616.000000 0.139538 
2617.000000 0.139314 
2618.000000 0.139091 
2619.000000 0.138868 
2620.000000 0.138646 
2621.000000 0.138423 
2622.000000 0.138201 
2623.000000 0.137979 
2624.000000 0.137757 
2625.000000 0.137536 
2626.000000 0.137315 
2627.000000 0.137094 
2628.000000 0.136873 
2629.000000 0.136653 
2630.000000 0.136432 
2631.000000 0.136212 
2632.000000 0.135992 
2633.000000 0.135773 
2634.000000 0.135554 
2635.000000 0.135335 
2636.000000 0.135116 
2637.000000 0.134897 
2638.000000 0.134679 
2639.000000 0.134460 
2640.000000 0.134243 
2641.000000 0.134025 
2642.000000 0.133807 
2643.000000 0.133590 
2644.000000 0.133373 
2645.000000 0.133156 
2646.000000 0.132940 
2647.000000 0.132724 
2648.000000 0.132508 
2649.000000 0.132292 
2650.000000 0.132076 
2651.000000 0.131861 
2652.000000 0.131646 
2653.000000 0.131431 
2654.000000 0.131216 
2655.000000 0.131002 
2656.000000 0.130788 
2657.000000 0.130574 
2658.000000 0.130360 
2659.000000 0.130146 
2660.000000 0.129933 
2661.000000 0.129720 
2662.000000 0.129507 
2663.000000 0.129295 
2664.000000 0.129083 
2665.000000 0.128870 
2666.000000 0.128659 
2667.000000 0.128447 
2668.000000 0.128236 
2669.000000 0.128024 
2670.000000 0.127813 
2671.000000 0.127603 
2672.000000 0.127392 
2673.000000 0.127182 
2674.000000 0.126972 
2675.000000 0.126762 
2676.000000 0.126553 
2677.000000 0.126343 
2678.000000 0.126134 
2679.000000 0.125926 
2680.000000 0.125717 
2681.000000 0.125509 
2682.000000 0.125300 
2683.000000 0.125093 
2684.000000 0.124885 
2685.000000 0.124677 
2686.000000 0.124470 
2687.000000 0.124263 
2688.000000 0.124056 
2689.000000 0.123850 
2690.000000 0.123644 
2691.000000 0.123437 
2692.000000 0.123232 
2693.000000 0.123026 
2694.000000 0.122821 
2695.000000 0.122615 
2696.000000 0.122411 
2697.000000 0.122206 
2698.000000 0.122001 
2699.000000 0.121797 
2700.000000 0.121593 
2701.000000 0.121389 
2702.000000 0.121186 
2703.000000 0.120983 
2704.000000 0.120779 
2705.000000 0.120577 
2706.000000 0.120374 
2707.000000 0.120172 
2708.000000 0.119969 
2709.000000 0.119767 
2710.000000 0.119566 
2711.000000 0.119364 
2712.000000 0.119163 
2713.000000 0.118962 
2714.000000 0.118761 
2715.000000 0.118561 
2716.000000 0.118360 
2717.000000 0.118160 
2718.000000 0.117960 
2719.000000 0.117761 
2720.000000 0.117561 
2721.000000 0.117362 
2722.000000 0.117163 
2723.000000 0.116964 
2724.000000 0.116766 
2725.000000 0.116567 
2726.000000 0.116369 
2727.000000 0.116172 
2728.000000 0.115974 
2729.000000 0.115777 
2730.000000 0.115579 
2731.000000 0.115382 
2732.000000 0.115186 
2733.000000 0.114989 
2734.000000 0.114793 
2735.000000 0.114597 
2736.000000 0.114401 
2737.000000 0.114206 
2738.000000 0.114010 
2739.000000 0.113815 
2740.000000 0.113620 
2741.000000 0.113426 
2742.000000 0.113231 
2743.000000 0.113037 
2744.000000 0.112843 
2745.000000 0.112649 
2746.000000 0.112456 
2747.000000 0.112262 
2748.000000 0.112069 
2749.000000 0.111876 
2750.000000 0.111684 
2751.000000 0.111491 
2752.000000 0.111299 
2753.000000 0.111107 
2754.000000 0.110915 
2755.000000 0.110724 
2756.000000 0.110533 
2757.000000 0.110342 
2758.000000 0.110151 
2759.000000 0.109960 
2760.000000 0.109770 
2761.000000 0.109580 
2762.000000 0.109390 
2763.000000 0.109200 
2764.000000 0.109010 
2765.000000 0.108821 
2766.000000 0.108632 
2767.000000 0.108443 
2768.000000 0.108255 
2769.000000 0.108066 
2770.000000 0.107878 
2771.000000 0.107690 
2772.000000 0.107502 
2773.000000 0.107315 
2774.000000 0.107128 
2775.000000 0.106941 
2776.000000 0.106754 
2777.000000 0.106567 
2778.000000 0.106381 
2779.000000 0.106195 
2780.000000 0.106009 
2781.000000 0.105823 
2782.000000 0.105638 
2783.000000 0.105452 
2784.000000 0.105267 
2785.000000 0.105082 
2786.000000 0.104898 
2787.000000 0.104713 
2788.000000 0.104529 
2789.000000 0.104345 
2790.000000 0.104162 
2791.000000 0.103978 
2792.000000 0.103795 
2793.000000 0.103612 
2794.000000 0.103429 
2795.000000 0.103246 
2796.000000 0.103064 
2797.000000 0.102882 
2798.000000 0.102700 
2799.000000 0.102518 
2800.000000 0.102336 
2801.000000 0.102155 
2802.000000 0.101974 
2803.000000 0.101793 
2804.000000 0.101612 
2805.000000 0.101432 
2806.000000 0.101252 
2807.000000 0.101072 
2808.000000 0.100892 
2809.000000 0.100712 
2810.000000 0.100533 
2811.000000 0.100354 
2812.000000 0.100175 
2813.000000 0.099996 
2814.000000 0.099818 
2815.000000 0.099640 
2816.000000 0.099462 
2817.000000 0.099284 
2818.000000 0.099106 
2819.000000 0.098929 
2820.000000 0.098752 
2821.000000 0.098575 
2822.000000 0.098398 
2823.000000 0.098222 
2824.000000 0.098045 
2825.000000 0.097869 
2826.000000 0.097693 
2827.000000 0.097518 
2828.000000 0.097342 
2829.000000 0.097167 
2830.000000 0.096992 
2831.000000 0.096817 
2832.000000 0.096643 
2833.000000 0.096468 
2834.000000 0.096294 
2835.000000 0.096120 
2836.000000 0.095947 
2837.000000 0.095773 
2838.000000 0.095600 
2839.000000 0.095427 
2840.000000 0.095254 
2841.000000 0.095081 
2842.000000 0.094909 
2843.000000 0.094737 
2844.000000 0.094565 
2845.000000 0.094393 
2846.000000 0.094221 
2847.000000 0.094050 
2848.000000 0.093879 
2849.000000 0.093708 
2850.000000 0.093537 
2851.000000 0.093367 
2852.000000 0.093197 
2853.000000 0.093026 
2854.000000 0.092857 
2855.000000 0.092687 
2856.000000 0.092518 
2857.000000 0.092348 
2858.000000 0.092179 
2859.000000 0.092011 
2860.000000 0.091842 
2861.000000 0.091674 
2862.000000 0.091506 
2863.000000 0.091338 
2864.000000 0.091170 
2865.000000 0.091002 
2866.000000 0.090835 
2867.000000 0.090668 
2868.000000 0.090501 
2869.000000 0.090334 
2870.000000 0.090168 
2871.000000 0.090002 
2872.000000 0.089836 
2873.000000 0.089670 
2874.000000 0.089504 
2875.000000 0.089339 
2876.000000 0.089174 
2877.000000 0.089009 
2878.000000 0.088844 
2879.000000 0.088679 
2880.000000 0.088515 
2881.000000 0.088351 
2882.000000 0.088187 
2883.000000 0.088023 
2884.000000 0.087860 
2885.000000 0.087696 
2886.000000 0.087533 
2887.000000 0.087370 
2888.000000 0.087208 
2889.000000 0.087045 
2890.000000 0.086883 
2891.000000 0.086721 
2892.000000 0.086559 
2893.000000 0.086397 
2894.000000 0.086236 
2895.000000 0.086075 
2896.000000 0.085914 
2897.000000 0.085753 
2898.000000 0.085592 
2899.000000 0.085432 
2900.000000 0.085272 
2901.000000 0.085112 
2902.000000 0.084952 
2903.000000 0.084793 
2904.000000 0.084633 
2905.000000 0.084474 
2906.000000 0.084315 
2907.000000 0.084156 
2908.000000 0.083998 
2909.000000 0.083840 
2910.000000 0.083681 
2911.000000 0.083524 
2912.000000 0.083366 
2913.000000 0.083208 
2914.000000 0.083051 
2915.000000 0.082894 
2916.000000 0.082737 
2917.000000 0.082581 
2918.000000 0.082424 
2919.000000 0.082268 
2920.000000 0.082112 
2921.000000 0.081956 
2922.000000 0.081800 
2923.000000 0.081645 
2924.000000 0.081490 
2925.000000 0.081335 
2926.000000 0.081180 
2927.000000 0.081025 
2928.000000 0.080871 
2929.000000 0.080716 
2930.000000 0.080562 
2931.000000 0.080409 
2932.000000 0.080255 
2933.000000 0.080102 
2934.000000 0.079949 
2935.000000 0.079796 
2936.000000 0.079643 
2937.000000 0.079490 
2938.000000 0.079338 
2939.000000 0.079186 
2940.000000 0.079034 
2941.000000 0.078882 
2942.000000 0.078730 
2943.000000 0.078579 
2944.000000 0.078428 
2945.000000 0.078277 
2946.000000 0.078126 
2947.000000 0.077975 
2948.000000 0.077825 
2949.000000 0.077675 
2950.000000 0.077525 
2951.000000 0.077375 
2952.000000 0.077226 
2953.000000 0.077076 
2954.000000 0.076927 
2955.000000 0.076778 
2956.000000 0.076630 
2957.000000 0.076481 
2958.000000 0.076333 
2959.000000 0.076184 
2960.000000 0.076037 
2961.000000 0.075889 
2962.000000 0.075741 
2963.000000 0.075594 
2964.000000 0.075447 
2965.000000 0.075300 
2966.000000 0.075153 
2967.000000 0.075007 
2968.000000 0.074860 
2969.000000 0.074714 
2970.000000 0.074568 
2971.000000 0.074422 
2972.000000 0.074277 
2973.000000 0.074131 
2974.000000 0.073986 
2975.000000 0.073841 
2976.000000 0.073697 
2977.000000 0.073552 
2978.000000 0.073408 
2979.000000 0.073263 
2980.000000 0.073119 
2981.000000 0.072976 
2982.000000 0.072832 
2983.000000 0.072689 
2984.000000 0.072546 
2985.000000 0.072403 
2986.000000 0.072260 
2987.000000 0.072117 
2988.000000 0.071975 
2989.000000 0.071833 
2990.000000 0.071691 
2991.000000 0.071549 
2992.000000 0.071407 
2993.000000 0.071266 
2994.000000 0.071124 
2995.000000 0.070983 
2996.000000 0.070843 
2997.000000 0.070702 
2998.000000 0.070561 
2999.000000 0.070421 
3000.000000 0.070281 
3001.000000 0.070141 
3002.000000 0.070002 
3003.000000 0.069862 
3004.000000 0.069723 
3005.000000 0.069584 
3006.000000 0.069445 
3007.000000 0.069306 
3008.000000 0.069168 
3009.000000 0.069029 
3010.000000 0.068891 
3011.000000 0.068753 
3012.000000 0.068616 
3013.000000 0.068478 
3014.000000 0.068341 
3015.000000 0.068204 
3016.000000 0.068067 
3017.000000 0.067930 
3018.000000 0.067793 
3019.000000 0.067657 
3020.000000 0.067521 
3021.000000 0.067385 
3022.000000 0.067249 
3023.000000 0.067113 
3024.000000 0.066978 
3025.000000 0.066842 
3026.000000 0.066707 
3027.000000 0.066572 
3028.000000 0.066438 
3029.000000 0.066303 
3030.000000 0.066169 
3031.000000 0.066035 
3032.000000 0.065901 
3033.000000 0.065767 
3034.000000 0.065634 
3035.000000 0.065500 
3036.000000 0.065367 
3037.000000 0.065234 
3038.000000 0.065101 
3039.000000 0.064969 
3040.000000 0.064836 
3041.000000 0.064704 
3042.000000 0.064572 
3043.000000 0.064440 
3044.000000 0.064309 
3045.000000 0.064177 
3046.000000 0.064046 
3047.000000 0.063915 
3048.000000 0.063784 
3049.000000 0.063653 
3050.000000 0.063523 
3051.000000 0.063392 
3052.000000 0.063262 
3053.000000 0.063132 
3054.000000 0.063002 
3055.000000 0.062873 
3056.000000 0.062743 
3057.000000 0.062614 
3058.000000 0.062485 
3059.000000 0.062356 
3060.000000 0.062227 
3061.000000 0.062099 
3062.000000 0.061971 
3063.000000 0.061843 
3064.000000 0.061715 
3065.000000 0.061587 
3066.000000 0.061459 
3067.000000 0.061332 
3068.000000 0.061205 
3069.000000 0.061078 
3070.000000 0.060951 
3071.000000 0.060824 
3072.000000 0.060698 
3073.000000 0.060571 
3074.000000 0.060445 
3075.000000 0.060319 
3076.000000 0.060194 
3077.000000 0.060068 
3078.000000 0.059943 
3079.000000 0.059817 
3080.000000 0.059692 
3081.000000 0.059568 
3082.000000 0.059443 
3083.000000 0.059319 
3084.000000 0.059194 
3085.000000 0.059070 
3086.000000 0.058946 
3087.000000 0.058822 
3088.000000 0.058699 
3089.000000 0.058575 
3090.000000 0.058452 
3091.000000 0.058329 
3092.000000 0.058206 
3093.000000 0.058084 
3094.000000 0.057961 
3095.000000 0.057839 
3096.000000 0.057717 
3097.000000 0.057595 
3098.000000 0.057473 
3099.000000 0.057352 
3100.000000 0.057230 
3101.000000 0.057109 
3102.000000 0.056988 
3103.000000 0.056867 
3104.000000 0.056746 
3105.000000 0.056626 
3106.000000 0.056505 
3107.000000 0.056385 
3108.000000 0.056265 
3109.000000 0.056145 
3110.000000 0.056026 
3111.000000 0.055906 
3112.000000 0.055787 
3113.000000 0.055668 
3114.000000 0.055549 
3115.000000 0.055430 
3116.000000 0.055312 
3117.000000 0.055193 
3118.000000 0.055075 
3119.000000 0.054957 
3120.000000 0.054839 
3121.000000 0.054722 
3122.000000 0.054604 
3123.000000 0.054487 
3124.000000 0.054370 
3125.000000 0.054253 
3126.000000 0.054136 
3127.000000 0.054019 
3128.000000 0.053903 
3129.000000 0.053786 
3130.000000 0.053670 
3131.000000 0.053554 
3132.000000 0.053439 
3133.000000 0.053323 
3134.000000 0.053208 
3135.000000 0.053092 
3136.000000 0.052977 
3137.000000 0.052862 
3138.000000 0.052748 
3139.000000 0.052633 
3140.000000 0.052519 
3141.000000 0.052405 
3142.000000 0.052290 
3143.000000 0.052177 
3144.000000 0.052063 
3145.000000 0.051949 
3146.000000 0.051836 
3147.000000 0.051723 
3148.000000 0.051610 
3149.000000 0.051497 
3150.000000 0.051384 
3151.000000 0.051272 
3152.000000 0.051160 
3153.000000 0.051048 
3154.000000 0.050936 
3155.000000 0.050824 
3156.000000 0.050712 
3157.000000 0.050601 
3158.000000 0.050489 
3159.000000 0.050378 
3160.000000 0.050267 
3161.000000 0.050157 
3162.000000 0.050046 
3163.000000 0.049936 
3164.000000 0.049825 
3165.000000 0.049715 
3166.000000 0.049605 
3167.000000 0.049496 
3168.000000 0.049386 
3169.000000 0.049276 
3170.000000 0.049167 
3171.000000 0.049058 
3172.000000 0.048949 
3173.000000 0.048841 
3174.000000 0.048732 
3175.000000 0.048624 
3176.000000 0.048515 
3177.000000 0.048407 
3178.000000 0.048299 
3179.000000 0.048192 
3180.000000 0.048084 
3181.000000 0.047977 
3182.000000 0.047869 
3183.000000 0.047762 
3184.000000 0.047655 
3185.000000 0.047549 
3186.000000 0.047442 
3187.000000 0.047336 
3188.000000 0.047229 
3189.000000 0.047123 
3190.000000 0.047017 
3191.000000 0.046912 
3192.000000 0.046806 
3193.000000 0.046701 
3194.000000 0.046596 
3195.000000 0.046490 
3196.000000 0.046386 
3197.000000 0.046281 
3198.000000 0.046176 
3199.000000 0.046072 
3200.000000 0.045968 
3201.000000 0.045863 
3202.000000 0.045760 
3203.000000 0.045656 
3204.000000 0.045552 
3205.000000 0.045449 
3206.000000 0.045345 
3207.000000 0.045242 
3208.000000 0.045139 
3209.000000 0.045037 
3210.000000 0.044934 
3211.000000 0.044832 
3212.000000 0.044729 
3213.000000 0.044627 
3214.000000 0.044525 
3215.000000 0.044423 
3216.000000 0.044322 
3217.000000 0.044220 
3218.000000 0.044119 
3219.000000 0.044018 
3220.000000 0.043917 
3221.000000 0.043816 
3222.000000 0.043715 
3223.000000 0.043615 
3224.000000 0.043514 
3225.000000 0.043414 
3226.000000 0.043314 
3227.000000 0.043214 
3228.000000 0.043114 
3229.000000 0.043015 
3230.000000 0.042916 
3231.000000 0.042816 
3232.000000 0.042717 
3233.000000 0.042618 
3234.000000 0.042520 
3235.000000 0.042421 
3236.000000 0.042322 
3237.000000 0.042224 
3238.000000 0.042126 
3239.000000 0.042028 
3240.000000 0.041930 
3241.000000 0.041833 
3242.000000 0.041735 
3243.000000 0.041638 
3244.000000 0.041541 
3245.000000 0.041444 
3246.000000 0.041347 
3247.000000 0.041250 
3248.000000 0.041153 
3249.000000 0.041057 
3250.000000 0.040961 
3251.000000 0.040865 
3252.000000 0.040769 
3253.000000 0.040673 
3254.000000 0.040577 
3255.000000 0.040482 
3256.000000 0.040387 
3257.000000 0.040291 
3258.000000 0.040196 
3259.000000 0.040102 
3260.000000 0.040007 
3261.000000 0.039912 
3262.000000 0.039818 
3263.000000 0.039724 
3264.000000 0.039630 
3265.000000 0.039536 
3266.000000 0.039442 
3267.000000 0.039348 
3268.000000 0.039255 
3269.000000 0.039162 
3270.000000 0.039068 
3271.000000 0.038975 
3272.000000 0.038883 
3273.000000 0.038790 
3274.000000 0.038697 
3275.000000 0.038605 
3276.000000 0.038513 
3277.000000 0.038421 
3278.000000 0.038329 
3279.000000 0.038237 
3280.000000 0.038145 
3281.000000 0.038054 
3282.000000 0.037962 
3283.000000 0.037871 
3284.000000 0.037780 
3285.000000 0.037689 
3286.000000 0.037599 
3287.000000 0.037508 
3288.000000 0.037418 
3289.000000 0.037327 
3290.000000 0.037237 
3291.000000 0.037147 
3292.000000 0.037057 
3293.000000 0.036968 
3294.000000 0.036878 
3295.000000 0.036789 
3296.000000 0.036699 
3297.000000 0.036610 
3298.000000 0.036521 
3299.000000 0.036433 
3300.000000 0.036344 
3301.000000 0.036255 
3302.000000 0.036167 
3303.000000 0.036079 
3304.000000 0.035991 
3305.000000 0.035903 
3306.000000 0.035815 
3307.000000 0.035727 
3308.000000 0.035640 
3309.000000 0.035553 
3310.000000 0.035465 
3311.000000 0.035378 
3312.000000 0.035292 
3313.000000 0.035205 
3314.000000 0.035118 
3315.000000 0.035032 
3316.000000 0.034945 
3317.000000 0.034859 
3318.000000 0.034773 
3319.000000 0.034687 
3320.000000 0.034602 
3321.000000 0.034516 
3322.000000 0.034431 
3323.000000 0.034345 
3324.000000 0.034260 
3325.000000 0.034175 
3326.000000 0.034090 
3327.000000 0.034006 
3328.000000 0.033921 
3329.000000 0.033837 
3330.000000 0.033752 
3331.000000 0.033668 
3332.000000 0.033584 
3333.000000 0.033500 
3334.000000 0.033417 
3335.000000 0.033333 
3336.000000 0.033250 
3337.000000 0.033166 
3338.000000 0.033083 
3339.000000 0.033000 
3340.000000 0.032917 
3341.000000 0.032835 
3342.000000 0.032752 
3343.000000 0.032670 
3344.000000 0.032587 
3345.000000 0.032505 
3346.000000 0.032423 
3347.000000 0.032341 
3348.000000 0.032259 
3349.000000 0.032178 
3350.000000 0.032096 
3351.000000 0.032015 
3352.000000 0.031934 
3353.000000 0.031853 
3354.000000 0.031772 
3355.000000 0.031691 
3356.000000 0.031611 
3357.000000 0.031530 
3358.000000 0.031450 
3359.000000 0.031370 
3360.000000 0.031290 
3361.000000 0.031210 
3362.000000 0.031130 
3363.000000 0.031050 
3364.000000 0.030971 
3365.000000 0.030891 
3366.000000 0.030812 
3367.000000 0.030733 
3368.000000 0.030654 
3369.000000 0.030575 
3370.000000 0.030497 
3371.000000 0.030418 
3372.000000 0.030340 
3373.000000 0.030261 
3374.000000 0.030183 
3375.000000 0.030105 
3376.000000 0.030027 
3377.000000 0.029950 
3378.000000 0.029872 
3379.000000 0.029795 
3380.000000 0.029717 
3381.000000 0.029640 
3382.000000 0.029563 
3383.000000 0.029486 
3384.000000 0.029409 
3385.000000 0.029333 
3386.000000 0.029256 
3387.000000 0.029180 
3388.000000 0.029104 
3389.000000 0.029028 
3390.000000 0.028952 
3391.000000 0.028876 
3392.000000 0.028800 
3393.000000 0.028725 
3394.000000 0.028649 
3395.000000 0.028574 
3396.000000 0.028499 
3397.000000 0.028424 
3398.000000 0.028349 
3399.000000 0.028274 
3400.000000 0.028199 
3401.000000 0.028125 
3402.000000 0.028051 
3403.000000 0.027976 
3404.000000 0.027902 
3405.000000 0.027828 
3406.000000 0.027755 
3407.000000 0.027681 
3408.000000 0.027607 
3409.000000 0.027534 
3410.000000 0.027461 
3411.000000 0.027387 
3412.000000 0.027314 
3413.000000 0.027241 
3414.000000 0.027169 
3415.000000 0.027096 
3416.000000 0.027024 
3417.000000 0.026951 
3418.000000 0.026879 
3419.000000 0.026807 
3420.000000 0.026735 
3421.000000 0.026663 
3422.000000 0.026591 
3423.000000 0.026520 
3424.000000 0.026448 
3425.000000 0.026377 
3426.000000 0.026306 
3427.000000 0.026235 
3428.000000 0.026164 
3429.000000 0.026093 
3430.000000 0.026022 
3431.000000 0.025952 
3432.000000 0.025881 
3433.000000 0.025811 
3434.000000 0.025741 
3435.000000 0.025671 
3436.000000 0.025601 
3437.000000 0.025531 
3438.000000 0.025462 
3439.000000 0.025392 
3440.000000 0.025323 
3441.000000 0.025253 
3442.000000 0.025184 
3443.000000 0.025115 
3444.000000 0.025046 
3445.000000 0.024978 
3446.000000 0.024909 
3447.000000 0.024840 
3448.000000 0.024772 
3449.000000 0.024704 
3450.000000 0.024636 
3451.000000 0.024568 
3452.000000 0.024500 
3453.000000 0.024432 
3454.000000 0.024364 
3455.000000 0.024297 
3456.000000 0.024230 
3457.000000 0.024162 
3458.000000 0.024095 
3459.000000 0.024028 
3460.000000 0.023961 
3461.000000 0.023895 
3462.000000 0.023828 
3463.000000 0.023761 
3464.000000 0.023695 
3465.000000 0.023629 
3466.000000 0.023563 
3467.000000 0.023497 
3468.000000 0.023431 
3469.000000 0.023365 
3470.000000 0.023299 
3471.000000 0.023234 
3472.000000 0.023169 
3473.000000 0.023103 
3474.000000 0.023038 
3475.000000 0.022973 
3476.000000 0.022908 
3477.000000 0.022844 
3478.000000 0.022779 
3479.000000 0.022714 
3480.000000 0.022650 
3481.000000 0.022586 
3482.000000 0.022522 
3483.000000 0.022457 
3484.000000 0.022394 
3485.000000 0.022330 
3486.000000 0.022266 
3487.000000 0.022203 
3488.000000 0.022139 
3489.000000 0.022076 
3490.000000 0.022013 
3491.000000 0.021950 
3492.000000 0.021887 
3493.000000 0.021824 
3494.000000 0.021761 
3495.000000 0.021698 
3496.000000 0.021636 
3497.000000 0.021574 
3498.000000 0.021511 
3499.000000 0.021449 
3500.000000 0.021387 
3501.000000 0.021325 
3502.000000 0.021264 
3503.000000 0.021202 
3504.000000 0.021140 
3505.000000 0.021079 
3506.000000 0.021018 
3507.000000 0.020957 
3508.000000 0.020896 
3509.000000 0.020835 
3510.000000 0.020774 
3511.000000 0.020713 
3512.000000 0.020652 
3513.000000 0.020592 
3514.000000 0.020532 
3515.000000 0.020471 
3516.000000 0.020411 
3517.000000 0.020351 
3518.000000 0.020291 
3519.000000 0.020232 
3520.000000 0.020172 
3521.000000 0.020112 
3522.000000 0.020053 
3523.000000 0.019994 
3524.000000 0.019935 
3525.000000 0.019875 
3526.000000 0.019816 
3527.000000 0.019758 
3528.000000 0.019699 
3529.000000 0.019640 
3530.000000 0.019582 
3531.000000 0.019523 
3532.000000 0.019465 
3533.000000 0.019407 
3534.000000 0.019349 
3535.000000 0.019291 
3536.000000 0.019233 
3537.000000 0.019175 
3538.000000 0.019118 
3539.000000 0.019060 
3540.000000 0.019003 
3541.000000 0.018946 
3542.000000 0.018889 
3543.000000 0.018832 
3544.000000 0.018775 
3545.000000 0.018718 
3546.000000 0.018661 
3547.000000 0.018605 
3548.000000 0.018548 
3549.000000 0.018492 
3550.000000 0.018435 
3551.000000 0.018379 
3552.000000 0.018323 
3553.000000 0.018267 
3554.000000 0.018212 
3555.000000 0.018156 
3556.000000 0.018100 
3557.000000 0.018045 
3558.000000 0.017989 
3559.000000 0.017934 
3560.000000 0.017879 
3561.000000 0.017824 
3562.000000 0.017769 
3563.000000 0.017714 
3564.000000 0.017660 
3565.000000 0.017605 
3566.000000 0.017551 
3567.000000 0.017496 
3568.000000 0.017442 
3569.000000 0.017388 
3570.000000 0.017334 
3571.000000 0.017280 
3572.000000 0.017226 
3573.000000 0.017172 
3574.000000 0.017119 
3575.000000 0.017065 
3576.000000 0.017012 
3577.000000 0.016958 
3578.000000 0.016905 
3579.000000 0.016852 
3580.000000 0.016799 
3581.000000 0.016746 
3582.000000 0.016693 
3583.000000 0.016641 
3584.000000 0.016588 
3585.000000 0.016536 
3586.000000 0.016484 
3587.000000 0.016431 
3588.000000 0.016379 
3589.000000 0.016327 
3590.000000 0.016275 
3591.000000 0.016223 
3592.000000 0.016172 
3593.000000 0.016120 
3594.000000 0.016069 
3595.000000 0.016017 
3596.000000 0.015966 
3597.000000 0.015915 
3598.000000 0.015864 
3599.000000 0.015813 
3600.000000 0.015762 
3601.000000 0.015711 
3602.000000 0.015661 
3603.000000 0.015610 
3604.000000 0.015560 
3605.000000 0.015509 
3606.000000 0.015459 
3607.000000 0.015409 
3608.000000 0.015359 
3609.000000 0.015309 
3610.000000 0.015259 
3611.000000 0.015209 
3612.000000 0.015160 
3613.000000 0.015110 
3614.000000 0.015061 
3615.000000 0.015012 
3616.000000 0.014962 
3617.000000 0.014913 
3618.000000 0.014864 
3619.000000 0.014815 
3620.000000 0.014767 
3621.000000 0.014718 
3622.000000 0.014669 
3623.000000 0.014621 
3624.000000 0.014573 
3625.000000 0.014524 
3626.000000 0.014476 
3627.000000 0.014428 
3628.000000 0.014380 
3629.000000 0.014332 
3630.000000 0.014284 
3631.000000 0.014237 
3632.000000 0.014189 
3633.000000 0.014142 
3634.000000 0.014094 
3635.000000 0.014047 
3636.000000 0.014000 
3637.000000 0.013953 
3638.000000 0.013906 
3639.000000 0.013859 
3640.000000 0.013812 
3641.000000 0.013765 
3642.000000 0.013719 
3643.000000 0.013672 
3644.000000 0.013626 
3645.000000 0.013580 
3646.000000 0.013533 
3647.000000 0.013487 
3648.000000 0.013441 
3649.000000 0.013395 
3650.000000 0.013350 
3651.000000 0.013304 
3652.000000 0.013258 
3653.000000 0.013213 
3654.000000 0.013167 
3655.000000 0.013122 
3656.000000 0.013077 
3657.000000 0.013032 
3658.000000 0.012987 
3659.000000 0.012942 
3660.000000 0.012897 
3661.000000 0.012852 
3662.000000 0.012808 
3663.000000 0.012763 
3664.000000 0.012719 
3665.000000 0.012674 
3666.000000 0.012630 
3667.000000 0.012586 
3668.000000 0.012542 
3669.000000 0.012498 
3670.000000 0.012454 
3671.000000 0.012410 
3672.000000 0.012366 
3673.000000 0.012323 
3674.000000 0.012279 
3675.000000 0.012236 
3676.000000 0.012193 
3677.000000 0.012149 
3678.000000 0.012106 
3679.000000 0.012063 
3680.000000 0.012020 
3681.000000 0.011977 
3682.000000 0.011935 
3683.000000 0.011892 
3684.000000 0.011849 
3685.000000 0.011807 
3686.000000 0.011764 
3687.000000 0.011722 
3688.000000 0.011680 
3689.000000 0.011638 
3690.000000 0.011596 
3691.000000 0.011554 
3692.000000 0.011512 
3693.000000 0.011470 
3694.000000 0.011429 
3695.000000 0.011387 
3696.000000 0.011346 
3697.000000 0.011304 
3698.000000 0.011263 
3699.000000 0.011222 
3700.000000 0.011180 
3701.000000 0.011139 
3702.000000 0.011099 
3703.000000 0.011058 
3704.000000 0.011017 
3705.000000 0.010976 
3706.000000 0.010936 
3707.000000 0.010895 
3708.000000 0.010855 
3709.000000 0.010814 
3710.000000 0.010774 
3711.000000 0.010734 
3712.000000 0.010694 
3713.000000 0.010654 
3714.000000 0.010614 
3715.000000 0.010574 
3716.000000 0.010535 
3717.000000 0.010495 
3718.000000 0.010455 
3719.000000 0.010416 
3720.000000 0.010377 
3721.000000 0.010337 
3722.000000 0.010298 
3723.000000 0.010259 
3724.000000 0.010220 
3725.000000 0.010181 
3726.000000 0.010142 
3727.000000 0.010103 
3728.000000 0.010065 
3729.000000 0.010026 
3730.000000 0.009988 
3731.000000 0.009949 
3732.000000 0.009911 
3733.000000 0.009873 
3734.000000 0.009834 
3735.000000 0.009796 
3736.000000 0.009758 
3737.000000 0.009720 
3738.000000 0.009683 
3739.000000 0.009645 
3740.000000 0.009607 
3741.000000 0.009570 
3742.000000 0.009532 
3743.000000 0.009495 
3744.000000 0.009457 
3745.000000 0.009420 
3746.000000 0.009383 
3747.000000 0.009346 
3748.000000 0.009309 
3749.000000 0.009272 
3750.000000 0.009235 
3751.000000 0.009198 
3752.000000 0.009161 
3753.000000 0.009125 
3754.000000 0.009088 
3755.000000 0.009052 
3756.000000 0.009015 
3757.000000 0.008979 
3758.000000 0.008943 
3759.000000 0.008907 
3760.000000 0.008871 
3761.000000 0.008835 
3762.000000 0.008799 
3763.000000 0.008763 
3764.000000 0.008727 
3765.000000 0.008692 
3766.000000 0.008656 
3767.000000 0.008621 
3768.000000 0.008585 
3769.000000 0.008550 
3770.000000 0.008515 
3771.000000 0.008479 
3772.000000 0.008444 
3773.000000 0.008409 
3774.000000 0.008374 
3775.000000 0.008339 
3776.000000 0.008305 
3777.000000 0.008270 
3778.000000 0.008235 
3779.000000 0.008201 
3780.000000 0.008166 
3781.000000 0.008132 
3782.000000 0.008097 
3783.000000 0.008063 
3784.000000 0.008029 
3785.000000 0.007995 
3786.000000 0.007961 
3787.000000 0.007927 
3788.000000 0.007893 
3789.000000 0.007859 
3790.000000 0.007825 
3791.000000 0.007792 
3792.000000 0.007758 
3793.000000 0.007725 
3794.000000 0.007691 
3795.000000 0.007658 
3796.000000 0.007625 
3797.000000 0.007591 
3798.000000 0.007558 
3799.000000 0.007525 
3800.000000 0.007492 
3801.000000 0.007459 
3802.000000 0.007426 
3803.000000 0.007393 
3804.000000 0.007361 
3805.000000 0.007328 
3806.000000 0.007296 
3807.000000 0.007263 
3808.000000 0.007231 
3809.000000 0.007198 
3810.000000 0.007166 
3811.000000 0.007134 
3812.000000 0.007102 
3813.000000 0.007070 
3814.000000 0.007038 
3815.000000 0.007006 
3816.000000 0.006974 
3817.000000 0.006942 
3818.000000 0.006910 
3819.000000 0.006879 
3820.000000 0.006847 
3821.000000 0.006815 
3822.000000 0.006784 
3823.000000 0.006753 
3824.000000 0.006721 
3825.000000 0.006690 
3826.000000 0.006659 
3827.000000 0.006628 
3828.000000 0.006597 
3829.000000 0.006566 
3830.000000 0.006535 
3831.000000 0.006504 
3832.000000 0.006473 
3833.000000 0.006443 
3834.000000 0.006412 
3835.000000 0.006381 
3836.000000 0.006351 
3837.000000 0.006320 
3838.000000 0.006290 
3839.000000 0.006260 
3840.000000 0.006229 
3841.000000 0.006199 
3842.000000 0.006169 
3843.000000 0.006139 
3844.000000 0.006109 
3845.000000 0.006079 
3846.000000 0.006049 
3847.000000 0.006020 
3848.000000 0.005990 
3849.000000 0.005960 
3850.000000 0.005930 
3851.000000 0.005901 
3852.000000 0.005871 
3853.000000 0.005842 
3854.000000 0.005813 
3855.000000 0.005783 
3856.000000 0.005754 
3857.000000 0.005725 
3858.000000 0.005696 
3859.000000 0.005667 
3860.000000 0.005638 
3861.000000 0.005609 
3862.000000 0.005580 
3863.000000 0.005551 
3864.000000 0.005522 
3865.000000 0.005494 
3866.000000 0.005465 
3867.000000 0.005436 
3868.000000 0.005408 
3869.000000 0.005379 
3870.000000 0.005351 
3871.000000 0.005323 
3872.000000 0.005294 
3873.000000 0.005266 
3874.000000 0.005238 
3875.000000 0.005210 
3876.000000 0.005182 
3877.000000 0.005154 
3878.000000 0.005126 
3879.000000 0.005098 
3880.000000 0.005070 
3881.000000 0.005042 
3882.000000 0.005014 
3883.000000 0.004987 
3884.000000 0.004959 
3885.000000 0.004931 
3886.000000 0.004904 
3887.000000 0.004876 
3888.000000 0.004849 
3889.000000 0.004821 
3890.000000 0.004794 
3891.000000 0.004767 
3892.000000 0.004740 
3893.000000 0.004712 
3894.000000 0.004685 
3895.000000 0.004658 
3896.000000 0.004631 
3897.000000 0.004604 
3898.000000 0.004577 
3899.000000 0.004550 
3900.000000 0.004523 
3901.000000 0.004497 
3902.000000 0.004470 
3903.000000 0.004443 
3904.000000 0.004416 
3905.000000 0.004390 
3906.000000 0.004363 
3907.000000 0.004337 
3908.000000 0.004310 
3909.000000 0.004284 
3910.000000 0.004257 
3911.000000 0.004231 
3912.000000 0.004204 
3913.000000 0.004178 
3914.000000 0.004152 
3915.000000 0.004126 
3916.000000 0.004100 
3917.000000 0.004073 
3918.000000 0.004047 
3919.000000 0.004021 
3920.000000 0.003995 
3921.000000 0.003969 
3922.000000 0.003943 
3923.000000 0.003917 
3924.000000 0.003891 
3925.000000 0.003866 
3926.000000 0.003840 
3927.000000 0.003814 
3928.000000 0.003788 
3929.000000 0.003762 
3930.000000 0.003737 
3931.000000 0.003711 
3932.000000 0.003685 
3933.000000 0.003660 
3934.000000 0.003634 
3935.000000 0.003609 
3936.000000 0.003583 
3937.000000 0.003558 
3938.000000 0.003532 
3939.000000 0.003507 
3940.000000 0.003481 
3941.000000 0.003456 
3942.000000 0.003430 
3943.000000 0.003405 
3944.000000 0.003380 
3945.000000 0.003354 
3946.000000 0.003329 
3947.000000 0.003304 
3948.000000 0.003278 
3949.000000 0.003253 
3950.000000 0.003228 
3951.000000 0.003203 
3952.000000 0.003177 
3953.000000 0.003152 
3954.000000 0.003127 
3955.000000 0.003102 
3956.000000 0.003077 
3957.000000 0.003051 
3958.000000 0.003026 
3959.000000 0.003001 
3960.000000 0.002976 
3961.000000 0.002951 
3962.000000 0.002925 
3963.000000 0.002900 
3964.000000 0.002875 
3965.000000 0.002850 
3966.000000 0.002825 
3967.000000 0.002800 
3968.000000 0.002774 
3969.000000 0.002749 
3970.000000 0.002724 
3971.000000 0.002699 
3972.000000 0.002673 
3973.000000 0.002648 
3974.000000 0.002623 
3975.000000 0.002597 
3976.000000 0.002572 
3977.000000 0.002547 
3978.000000 0.002521 
3979.000000 0.002496 
3980.000000 0.002470 
3981.000000 0.002445 
3982.000000 0.002419 
3983.000000 0.002394 
3984.000000 0.002368 
3985.000000 0.002342 
3986.000000 0.002316 
3987.000000 0.002291 
3988.000000 0.002265 
3989.000000 0.002239 
3990.000000 0.002213 
3991.000000 0.002187 
3992.000000 0.002161 
3993.000000 0.002135 
3994.000000 0.002108 
3995.000000 0.002082 
3996.000000 0.002055 
3997.000000 0.002029 
3998.000000 0.002002 
3999.000000 0.001975 
4000.000000 0.001949 
