0.000000 1.000000 
1.000000 0.999999 
2.000000 0.999996 
3.000000 0.999991 
4.000000 0.999985 
5.000000 0.999978 
6.000000 0.999969 
7.000000 0.999958 
8.000000 0.999946 
9.000000 0.999933 
10.000000 0.999918 
11.000000 0.999901 
12.000000 0.999883 
13.000000 0.999864 
14.000000 0.999843 
15.000000 0.999821 
16.000000 0.999797 
17.000000 0.999771 
18.000000 0.999745 
19.000000 0.999716 
20.000000 0.999686 
21.000000 0.999655 
22.000000 0.999622 
23.000000 0.999588 
24.000000 0.999552 
25.000000 0.999515 
26.000000 0.999476 
27.000000 0.999436 
28.000000 0.999394 
29.000000 0.999351 
30.000000 0.999306 
31.000000 0.999260 
32.000000 0.999213 
33.000000 0.999164 
34.000000 0.999113 
35.000000 0.999061 
36.000000 0.999008 
37.000000 0.998953 
38.000000 0.998896 
39.000000 0.998839 
40.000000 0.998779 
41.000000 0.998718 
42.000000 0.998656 
43.000000 0.998592 
44.000000 0.998527 
45.000000 0.998461 
46.000000 0.998393 
47.000000 0.998323 
48.000000 0.998252 
49.000000 0.998180 
50.000000 0.998106 
51.000000 0.998031 
52.000000 0.997954 
53.000000 0.997876 
54.000000 0.997797 
55.000000 0.997716 
56.000000 0.997633 
57.000000 0.997550 
58.000000 0.997464 
59.000000 0.997378 
60.000000 0.997290 
61.000000 0.997200 
62.000000 0.997109 
63.000000 0.997017 
64.000000 0.996923 
65.000000 0.996828 
66.000000 0.996732 
67.000000 0.996634 
68.000000 0.996535 
69.000000 0.996434 
70.000000 0.996332 
71.000000 0.996228 
72.000000 0.996123 
73.000000 0.996017 
74.000000 0.995909 
75.000000 0.995800 
76.000000 0.995690 
77.000000 0.995578 
78.000000 0.995465 
79.000000 0.995350 
80.000000 0.995235 
81.000000 0.995117 
82.000000 0.994999 
83.000000 0.994879 
84.000000 0.994757 
85.000000 0.994635 
86.000000 0.994511 
87.000000 0.994385 
88.000000 0.994259 
89.000000 0.994130 
90.000000 0.994001 
91.000000 0.993870 
92.000000 0.993738 
93.000000 0.993605 
94.000000 0.993470 
95.000000 0.993334 
96.000000 0.993196 
97.000000 0.993058 
98.000000 0.992918 
99.000000 0.992776 
100.000000 0.992634 
101.000000 0.992490 
102.000000 0.992344 
103.000000 0.992198 
104.000000 0.992050 
105.000000 0.991900 
106.000000 0.991750 
107.000000 0.991598 
108.000000 0.991445 
109.000000 0.991290 
110.000000 0.991135 
111.000000 0.990978 
112.000000 0.990819 
113.000000 0.990660 
114.000000 0.990499 
115.000000 0.990337 
116.000000 0.990173 
117.000000 0.990008 
118.000000 0.989842 
119.000000 0.989675 
120.000000 0.989507 
121.000000 0.989337 
122.000000 0.989166 
123.000000 0.988993 
124.000000 0.988820 
125.000000 0.988645 
126.000000 0.988469 
127.000000 0.988291 
128.000000 0.988113 
129.000000 0.987933 
130.000000 0.987752 
131.000000 0.987569 
132.000000 0.987386 
133.000000 0.987201 
134.000000 0.987015 
135.000000 0.986827 
136.000000 0.986639 
137.000000 0.986449 
138.000000 0.986258 
139.000000 0.986065 
140.000000 0.985872 
141.000000 0.985677 
142.000000 0.985481 
143.000000 0.985284 
144.000000 0.985085 
145.000000 0.984886 
146.000000 0.984685 
147.000000 0.984483 
148.000000 0.984279 
149.000000 0.984075 
150.000000 0.983869 
151.000000 0.983662 
152.000000 0.983454 
153.000000 0.983244 
154.000000 0.983034 
155.000000 0.982822 
156.000000 0.982609 
157.000000 0.982395 
158.000000 0.982179 
159.000000 0.981962 
160.000000 0.981744 
161.000000 0.981525 
162.000000 0.981305 
163.000000 0.981084 
164.000000 0.980861 
165.000000 0.980637 
166.000000 0.980412 
167.000000 0.980186 
168.000000 0.979958 
169.000000 0.979729 
170.000000 0.979499 
171.000000 0.979268 
172.000000 0.979036 
173.000000 0.978802 
174.000000 0.978568 
175.000000 0.978332 
176.000000 0.978095 
177.000000 0.977856 
178.000000 0.977617 
179.000000 0.977376 
180.000000 0.977134 
181.000000 0.976891 
182.000000 0.976647 
183.000000 0.976402 
184.000000 0.976155 
185.000000 0.975907 
186.000000 0.975658 
187.000000 0.975408 
188.000000 0.975157 
189.000000 0.974904 
190.000000 0.974651 
191.000000 0.974396 
192.000000 0.974140 
193.000000 0.973882 
194.000000 0.973624 
195.000000 0.973364 
196.000000 0.973103 
197.000000 0.972841 
198.000000 0.972578 
199.000000 0.972314 
200.000000 0.972048 
201.000000 0.971782 
202.000000 0.971514 
203.000000 0.971245 
204.000000 0.970974 
205.000000 0.970703 
206.000000 0.970430 
207.000000 0.970156 
208.000000 0.969882 
209.000000 0.969605 
210.000000 0.969328 
211.000000 0.969050 
212.000000 0.968770 
213.000000 0.968489 
214.000000 0.968207 
215.000000 0.967924 
216.000000 0.967639 
217.000000 0.967354 
218.000000 0.967067 
219.000000 0.966779 
220.000000 0.966490 
221.000000 0.966200 
222.000000 0.965908 
223.000000 0.965616 
224.000000 0.965322 
225.000000 0.965027 
226.000000 0.964731 
227.000000 0.964433 
228.000000 0.964135 
229.000000 0.963835 
230.000000 0.963534 
231.000000 0.963232 
232.000000 0.962929 
233.000000 0.962625 
234.000000 0.962319 
235.000000 0.962013 
236.000000 0.961705 
237.000000 0.961396 
238.000000 0.961086 
239.000000 0.960774 
240.000000 0.960462 
241.000000 0.960148 
242.000000 0.959833 
243.000000 0.959517 
244.000000 0.959200 
245.000000 0.958882 
246.000000 0.958562 
247.000000 0.958241 
248.000000 0.957919 
249.000000 0.957596 
250.000000 0.957272 
251.000000 0.956947 
252.000000 0.956620 
253.000000 0.956293 
254.000000 0.955964 
255.000000 0.955634 
256.000000 0.955303 
257.000000 0.954970 
258.000000 0.954637 
259.000000 0.954302 
260.000000 0.953966 
261.000000 0.953630 
262.000000 0.953291 
263.000000 0.952952 
264.000000 0.952612 
265.000000 0.952270 
266.000000 0.951928 
267.000000 0.951584 
268.000000 0.951239 
269.000000 0.950893 
270.000000 0.950545 
271.000000 0.950197 
272.000000 0.949847 
273.000000 0.949497 
274.000000 0.949145 
275.000000 0.948792 
276.000000 0.948437 
277.000000 0.948082 
278.000000 0.947726 
279.000000 0.947368 
280.000000 0.947009 
281.000000 0.946650 
282.000000 0.946289 
283.000000 0.945926 
284.000000 0.945563 
285.000000 0.945199 
286.000000 0.944833 
287.000000 0.944467 
288.000000 0.944099 
289.000000 0.943730 
290.000000 0.943360 
291.000000 0.942989 
292.000000 0.942617 
293.000000 0.942243 
294.000000 0.941869 
295.000000 0.941493 
296.000000 0.941116 
297.000000 0.940738 
298.000000 0.940360 
299.000000 0.939979 
300.000000 0.939598 
301.000000 0.939216 
302.000000 0.938833 
303.000000 0.938448 
304.000000 0.938062 
305.000000 0.937676 
306.000000 0.937288 
307.000000 0.936899 
308.000000 0.936509 
309.000000 0.936118 
310.000000 0.935726 
311.000000 0.935333 
312.000000 0.934938 
313.000000 0.934543 
314.000000 0.934146 
315.000000 0.933748 
316.000000 0.933350 
317.000000 0.932950 
318.000000 0.932549 
319.000000 0.932147 
320.000000 0.931744 
321.000000 0.931340 
322.000000 0.930935 
323.000000 0.930529 
324.000000 0.930121 
325.000000 0.929713 
326.000000 0.929303 
327.000000 0.928893 
328.000000 0.928481 
329.000000 0.928069 
330.000000 0.927655 
331.000000 0.927240 
332.000000 0.926824 
333.000000 0.926407 
334.000000 0.925990 
335.000000 0.925571 
336.000000 0.925151 
337.000000 0.924730 
338.000000 0.924308 
339.000000 0.923884 
340.000000 0.923460 
341.000000 0.923035 
342.000000 0.922609 
343.000000 0.922182 
344.000000 0.921753 
345.000000 0.921324 
346.000000 0.920894 
347.000000 0.920462 
348.000000 0.920030 
349.000000 0.919596 
350.000000 0.919162 
351.000000 0.918727 
352.000000 0.918290 
353.000000 0.917853 
354.000000 0.917414 
355.000000 0.916975 
356.000000 0.916534 
357.000000 0.916093 
358.000000 0.915650 
359.000000 0.915207 
360.000000 0.914762 
361.000000 0.914317 
362.000000 0.913870 
363.000000 0.913423 
364.000000 0.912975 
365.000000 0.912525 
366.000000 0.912075 
367.000000 0.911623 
368.000000 0.911171 
369.000000 0.910718 
370.000000 0.910263 
371.000000 0.909808 
372.000000 0.909352 
373.000000 0.908895 
374.000000 0.908436 
375.000000 0.907977 
376.000000 0.907517 
377.000000 0.907056 
378.000000 0.906594 
379.000000 0.906131 
380.000000 0.905667 
381.000000 0.905202 
382.000000 0.904736 
383.000000 0.904269 
384.000000 0.903801 
385.000000 0.903333 
386.000000 0.902863 
387.000000 0.902392 
388.000000 0.901921 
389.000000 0.901448 
390.000000 0.900975 
391.000000 0.900501 
392.000000 0.900025 
393.000000 0.899549 
394.000000 0.899072 
395.000000 0.898594 
396.000000 0.898115 
397.000000 0.897635 
398.000000 0.897154 
399.000000 0.896672 
400.000000 0.896190 
401.000000 0.895706 
402.000000 0.895221 
403.000000 0.894736 
404.000000 0.894250 
405.000000 0.893763 
406.000000 0.893274 
407.000000 0.892785 
408.000000 0.892295 
409.000000 0.891805 
410.000000 0.891313 
411.000000 0.890820 
412.000000 0.890327 
413.000000 0.889832 
414.000000 0.889337 
415.000000 0.888841 
416.000000 0.888344 
417.000000 0.887846 
418.000000 0.887347 
419.000000 0.886847 
420.000000 0.886346 
421.000000 0.885845 
422.000000 0.885342 
423.000000 0.884839 
424.000000 0.884335 
425.000000 0.883830 
426.000000 0.883324 
427.000000 0.882817 
428.000000 0.882310 
429.000000 0.881801 
430.000000 0.881292 
431.000000 0.880782 
432.000000 0.880271 
433.000000 0.879759 
434.000000 0.879246 
435.000000 0.878732 
436.000000 0.878218 
437.000000 0.877703 
438.000000 0.877186 
439.000000 0.876669 
440.000000 0.876152 
441.000000 0.875633 
442.000000 0.875113 
443.000000 0.874593 
444.000000 0.874072 
445.000000 0.873549 
446.000000 0.873027 
447.000000 0.872503 
448.000000 0.871978 
449.000000 0.871453 
450.000000 0.870927 
451.000000 0.870400 
452.000000 0.869872 
453.000000 0.869343 
454.000000 0.868813 
455.000000 0.868283 
456.000000 0.867752 
457.000000 0.867220 
458.000000 0.866687 
459.000000 0.866153 
460.000000 0.865619 
461.000000 0.865084 
462.000000 0.864547 
463.000000 0.864011 
464.000000 0.863473 
465.000000 0.862934 
466.000000 0.862395 
467.000000 0.861855 
468.000000 0.861314 
469.000000 0.860773 
470.000000 0.860230 
471.000000 0.859687 
472.000000 0.859143 
473.000000 0.858598 
474.000000 0.858052 
475.000000 0.857506 
476.000000 0.856958 
477.000000 0.856410 
478.000000 0.855862 
479.000000 0.855312 
480.000000 0.854762 
481.000000 0.854211 
482.000000 0.853659 
483.000000 0.853106 
484.000000 0.852552 
485.000000 0.851998 
486.000000 0.851443 
487.000000 0.850888 
488.000000 0.850331 
489.000000 0.849774 
490.000000 0.849216 
491.000000 0.848657 
492.000000 0.848097 
493.000000 0.847537 
494.000000 0.846976 
495.000000 0.846414 
496.000000 0.845851 
497.000000 0.845288 
498.000000 0.844724 
499.000000 0.844159 
500.000000 0.843594 
501.000000 0.843027 
502.000000 0.842460 
503.000000 0.841892 
504.000000 0.841324 
505.000000 0.840755 
506.000000 0.840185 
507.000000 0.839614 
508.000000 0.839042 
509.000000 0.838470 
510.000000 0.837897 
511.000000 0.837324 
512.000000 0.836749 
513.000000 0.836174 
514.000000 0.835598 
515.000000 0.835022 
516.000000 0.834445 
517.000000 0.833867 
518.000000 0.833288 
519.000000 0.832709 
520.000000 0.832129 
521.000000 0.831548 
522.000000 0.830966 
523.000000 0.830384 
524.000000 0.829801 
525.000000 0.829218 
526.000000 0.828633 
527.000000 0.828048 
528.000000 0.827463 
529.000000 0.826876 
530.000000 0.826289 
531.000000 0.825702 
532.000000 0.825113 
533.000000 0.824524 
534.000000 0.823934 
535.000000 0.823344 
536.000000 0.822753 
537.000000 0.822161 
538.000000 0.821569 
539.000000 0.820975 
540.000000 0.820382 
541.000000 0.819787 
542.000000 0.819192 
543.000000 0.818596 
544.000000 0.818000 
545.000000 0.817403 
546.000000 0.816805 
547.000000 0.816207 
548.000000 0.815608 
549.000000 0.815008 
550.000000 0.814407 
551.000000 0.813806 
552.000000 0.813205 
553.000000 0.812602 
554.000000 0.812000 
555.000000 0.811396 
556.000000 0.810792 
557.000000 0.810187 
558.000000 0.809582 
559.000000 0.808975 
560.000000 0.808369 
561.000000 0.807761 
562.000000 0.807153 
563.000000 0.806545 
564.000000 0.805936 
565.000000 0.805326 
566.000000 0.804716 
567.000000 0.804104 
568.000000 0.803493 
569.000000 0.802881 
570.000000 0.802268 
571.000000 0.801654 
572.000000 0.801040 
573.000000 0.800426 
574.000000 0.799810 
575.000000 0.799194 
576.000000 0.798578 
577.000000 0.797961 
578.000000 0.797343 
579.000000 0.796725 
580.000000 0.796107 
581.000000 0.795487 
582.000000 0.794867 
583.000000 0.794247 
584.000000 0.793626 
585.000000 0.793004 
586.000000 0.792382 
587.000000 0.791759 
588.000000 0.791136 
589.000000 0.790512 
590.000000 0.789887 
591.000000 0.789262 
592.000000 0.788637 
593.000000 0.788010 
594.000000 0.787384 
595.000000 0.786756 
596.000000 0.786129 
597.000000 0.785500 
598.000000 0.784871 
599.000000 0.784242 
600.000000 0.783612 
601.000000 0.782981 
602.000000 0.782350 
603.000000 0.781719 
604.000000 0.781087 
605.000000 0.780454 
606.000000 0.779821 
607.000000 0.779187 
608.000000 0.778553 
609.000000 0.777918 
610.000000 0.777283 
611.000000 0.776647 
612.000000 0.776011 
613.000000 0.775374 
614.000000 0.774737 
615.000000 0.774099 
616.000000 0.773461 
617.000000 0.772822 
618.000000 0.772182 
619.000000 0.771543 
620.000000 0.770902 
621.000000 0.770261 
622.000000 0.769620 
623.000000 0.768978 
624.000000 0.768336 
625.000000 0.767693 
626.000000 0.767050 
627.000000 0.766406 
628.000000 0.765762 
629.000000 0.765117 
630.000000 0.764472 
631.000000 0.763826 
632.000000 0.763180 
633.000000 0.762534 
634.000000 0.761886 
635.000000 0.761239 
636.000000 0.760591 
637.000000 0.759942 
638.000000 0.759294 
639.000000 0.758644 
640.000000 0.757994 
641.000000 0.757344 
642.000000 0.756693 
643.000000 0.756042 
644.000000 0.755390 
645.000000 0.754738 
646.000000 0.754086 
647.000000 0.753433 
648.000000 0.752779 
649.000000 0.752125 
650.000000 0.751471 
651.000000 0.750816 
652.000000 0.750161 
653.000000 0.749505 
654.000000 0.748849 
655.000000 0.748193 
656.000000 0.747536 
657.000000 0.746879 
658.000000 0.746221 
659.000000 0.745563 
660.000000 0.744904 
661.000000 0.744245 
662.000000 0.743586 
663.000000 0.742926 
664.000000 0.742266 
665.000000 0.741605 
666.000000 0.740944 
667.000000 0.740283 
668.000000 0.739621 
669.000000 0.738959 
670.000000 0.738296 
671.000000 0.737633 
672.000000 0.736970 
673.000000 0.736306 
674.000000 0.735642 
675.000000 0.734977 
676.000000 0.734312 
677.000000 0.733647 
678.000000 0.732981 
679.000000 0.732315 
680.000000 0.731649 
681.000000 0.730982 
682.000000 0.730315 
683.000000 0.729647 
684.000000 0.728979 
685.000000 0.728311 
686.000000 0.727642 
687.000000 0.726973 
688.000000 0.726304 
689.000000 0.725634 
690.000000 0.724964 
691.000000 0.724293 
692.000000 0.723622 
693.000000 0.722951 
694.000000 0.722280 
695.000000 0.721608 
696.000000 0.720935 
697.000000 0.720263 
698.000000 0.719590 
699.000000 0.718917 
700.000000 0.718243 
701.000000 0.717569 
702.000000 0.716895 
703.000000 0.716220 
704.000000 0.715545 
705.000000 0.714870 
706.000000 0.714194 
707.000000 0.713519 
708.000000 0.712842 
709.000000 0.712166 
710.000000 0.711489 
711.000000 0.710812 
712.000000 0.710134 
713.000000 0.709456 
714.000000 0.708778 
715.000000 0.708100 
716.000000 0.707421 
717.000000 0.706742 
718.000000 0.706063 
719.000000 0.705383 
720.000000 0.704703 
721.000000 0.704023 
722.000000 0.703342 
723.000000 0.702661 
724.000000 0.701980 
725.000000 0.701299 
726.000000 0.700617 
727.000000 0.699935 
728.000000 0.699253 
729.000000 0.698570 
730.000000 0.697888 
731.000000 0.697204 
732.000000 0.696521 
733.000000 0.695837 
734.000000 0.695154 
735.000000 0.694469 
736.000000 0.693785 
737.000000 0.693100 
738.000000 0.692415 
739.000000 0.691730 
740.000000 0.691044 
741.000000 0.690359 
742.000000 0.689673 
743.000000 0.688986 
744.000000 0.688300 
745.000000 0.687613 
746.000000 0.686926 
747.000000 0.686239 
748.000000 0.685551 
749.000000 0.684864 
750.000000 0.684176 
751.000000 0.683487 
752.000000 0.682799 
753.000000 0.682110 
754.000000 0.681421 
755.000000 0.680732 
756.000000 0.680043 
757.000000 0.679353 
758.000000 0.678663 
759.000000 0.677973 
760.000000 0.677283 
761.000000 0.676592 
762.000000 0.675902 
763.000000 0.675211 
764.000000 0.674520 
765.000000 0.673828 
766.000000 0.673137 
767.000000 0.672445 
768.000000 0.671753 
769.000000 0.671061 
770.000000 0.670369 
771.000000 0.669676 
772.000000 0.668983 
773.000000 0.668290 
774.000000 0.667597 
775.000000 0.666904 
776.000000 0.666211 
777.000000 0.665517 
778.000000 0.664823 
779.000000 0.664129 
780.000000 0.663435 
781.000000 0.662740 
782.000000 0.662046 
783.000000 0.661351 
784.000000 0.660656 
785.000000 0.659961 
786.000000 0.659266 
787.000000 0.658570 
788.000000 0.657875 
789.000000 0.657179 
790.000000 0.656483 
791.000000 0.655787 
792.000000 0.655091 
793.000000 0.654394 
794.000000 0.653698 
795.000000 0.653001 
796.000000 0.652304 
797.000000 0.651607 
798.000000 0.650910 
799.000000 0.650213 
800.000000 0.649515 
801.000000 0.648818 
802.000000 0.648120 
803.000000 0.647422 
804.000000 0.646725 
805.000000 0.646026 
806.000000 0.645328 
807.000000 0.644630 
808.000000 0.643931 
809.000000 0.643233 
810.000000 0.642534 
811.000000 0.641835 
812.000000 0.641136 
813.000000 0.640437 
814.000000 0.639738 
815.000000 0.639039 
816.000000 0.638340 
817.000000 0.637640 
818.000000 0.636941 
819.000000 0.636241 
820.000000 0.635541 
821.000000 0.634841 
822.000000 0.634141 
823.000000 0.633441 
824.000000 0.632741 
825.000000 0.632041 
826.000000 0.631340 
827.000000 0.630640 
828.000000 0.629939 
829.000000 0.629239 
830.000000 0.628538 
831.000000 0.627837 
832.000000 0.627136 
833.000000 0.626436 
834.000000 0.625735 
835.000000 0.625033 
836.000000 0.624332 
837.000000 0.623631 
838.000000 0.622930 
839.000000 0.622228 
840.000000 0.621527 
841.000000 0.620826 
842.000000 0.620124 
843.000000 0.619422 
844.000000 0.618721 
845.000000 0.618019 
846.000000 0.617317 
847.000000 0.616616 
848.000000 0.615914 
849.000000 0.615212 
850.000000 0.614510 
851.000000 0.613808 
852.000000 0.613106 
853.000000 0.612404 
854.000000 0.611702 
855.000000 0.611000 
856.000000 0.610297 
857.000000 0.609595 
858.000000 0.608893 
859.000000 0.608191 
860.000000 0.607488 
861.000000 0.606786 
862.000000 0.606084 
863.000000 0.605381 
864.000000 0.604679 
865.000000 0.603977 
866.000000 0.603274 
867.000000 0.602572 
868.000000 0.601869 
869.000000 0.601167 
870.000000 0.600464 
871.000000 0.599762 
872.000000 0.599059 
873.000000 0.598357 
874.000000 0.597654 
875.000000 0.596952 
876.000000 0.596249 
877.000000 0.595547 
878.000000 0.594844 
879.000000 0.594142 
880.000000 0.593440 
881.000000 0.592737 
882.000000 0.592035 
883.000000 0.591332 
884.000000 0.590630 
885.000000 0.589927 
886.000000 0.589225 
887.000000 0.588523 
888.000000 0.587820 
889.000000 0.587118 
890.000000 0.586416 
891.000000 0.585714 
892.000000 0.585011 
893.000000 0.584309 
894.000000 0.583607 
895.000000 0.582905 
896.000000 0.582203 
897.000000 0.581501 
898.000000 0.580799 
899.000000 0.580097 
900.000000 0.579395 
901.000000 0.578693 
902.000000 0.577991 
903.000000 0.577289 
904.000000 0.576588 
905.000000 0.575886 
906.000000 0.575184 
907.000000 0.574483 
908.000000 0.573781 
909.000000 0.573080 
910.000000 0.572378 
911.000000 0.571677 
912.000000 0.570976 
913.000000 0.570274 
914.000000 0.569573 
915.000000 0.568872 
916.000000 0.568171 
917.000000 0.567470 
918.000000 0.566769 
919.000000 0.566069 
920.000000 0.565368 
921.000000 0.564667 
922.000000 0.563967 
923.000000 0.563266 
924.000000 0.562566 
925.000000 0.561866 
926.000000 0.561165 
927.000000 0.560465 
928.000000 0.559765 
929.000000 0.559065 
930.000000 0.558365 
931.000000 0.557666 
932.000000 0.556966 
933.000000 0.556267 
934.000000 0.555567 
935.000000 0.554868 
936.000000 0.554169 
937.000000 0.553469 
938.000000 0.552770 
939.000000 0.552071 
940.000000 0.551373 
941.000000 0.550674 
942.000000 0.549975 
943.000000 0.549277 
944.000000 0.548578 
945.000000 0.547880 
946.000000 0.547182 
947.000000 0.546484 
948.000000 0.545786 
949.000000 0.545089 
950.000000 0.544391 
951.000000 0.543693 
952.000000 0.542996 
953.000000 0.542299 
954.000000 0.541602 
955.000000 0.540905 
956.000000 0.540208 
957.000000 0.539511 
958.000000 0.538815 
959.000000 0.538118 
960.000000 0.537422 
961.000000 0.536726 
962.000000 0.536030 
963.000000 0.535334 
964.000000 0.534639 
965.000000 0.533943 
966.000000 0.533248 
967.000000 0.532552 
968.000000 0.531857 
969.000000 0.531163 
970.000000 0.530468 
971.000000 0.529773 
972.000000 0.529079 
973.000000 0.528385 
974.000000 0.527691 
975.000000 0.526997 
976.000000 0.526303 
977.000000 0.525609 
978.000000 0.524916 
979.000000 0.524223 
980.000000 0.523530 
981.000000 0.522837 
982.000000 0.522144 
983.000000 0.521452 
984.000000 0.520759 
985.000000 0.520067 
986.000000 0.519375 
987.000000 0.518684 
988.000000 0.517992 
989.000000 0.517301 
990.000000 0.516609 
991.000000 0.515918 
992.000000 0.515228 
993.000000 0.514537 
994.000000 0.513847 
995.000000 0.513156 
996.000000 0.512466 
997.000000 0.511777 
998.000000 0.511087 
999.000000 0.510398 
1000.000000 0.509708 
1001.000000 0.509020 
1002.000000 0.508331 
1003.000000 0.507642 
1004.000000 0.506954 
1005.000000 0.506266 
1006.000000 0.505578 
1007.000000 0.504890 
1008.000000 0.504203 
1009.000000 0.503516 
1010.000000 0.502829 
1011.000000 0.502142 
1012.000000 0.501455 
1013.000000 0.500769 
1014.000000 0.500083 
1015.000000 0.499397 
1016.000000 0.498711 
1017.000000 0.498026 
1018.000000 0.497341 
1019.000000 0.496656 
1020.000000 0.495971 
1021.000000 0.495287 
1022.000000 0.494602 
1023.000000 0.493918 
1024.000000 0.493235 
1025.000000 0.492551 
1026.000000 0.491868 
1027.000000 0.491185 
1028.000000 0.490502 
1029.000000 0.489820 
1030.000000 0.489138 
1031.000000 0.488456 
1032.000000 0.487774 
1033.000000 0.487093 
1034.000000 0.486411 
1035.000000 0.485730 
1036.000000 0.485050 
1037.000000 0.484369 
1038.000000 0.483689 
1039.000000 0.483009 
1040.000000 0.482330 
1041.000000 0.481650 
1042.000000 0.480971 
1043.000000 0.480293 
1044.000000 0.479614 
1045.000000 0.478936 
1046.000000 0.478258 
1047.000000 0.477580 
1048.000000 0.476903 
1049.000000 0.476226 
1050.000000 0.475549 
1051.000000 0.474872 
1052.000000 0.474196 
1053.000000 0.473520 
1054.000000 0.472844 
1055.000000 0.472169 
1056.000000 0.471494 
1057.000000 0.470819 
1058.000000 0.470144 
1059.000000 0.469470 
1060.000000 0.468796 
1061.000000 0.468123 
1062.000000 0.467449 
1063.000000 0.466776 
1064.000000 0.466104 
1065.000000 0.465431 
1066.000000 0.464759 
1067.000000 0.464087 
1068.000000 0.463416 
1069.000000 0.462744 
1070.000000 0.462073 
1071.000000 0.461403 
1072.000000 0.460733 
1073.000000 0.460063 
1074.000000 0.459393 
1075.000000 0.458724 
1076.000000 0.458055 
1077.000000 0.457386 
1078.000000 0.456718 
1079.000000 0.456049 
1080.000000 0.455382 
1081.000000 0.454714 
1082.000000 0.454047 
1083.000000 0.453380 
1084.000000 0.452714 
1085.000000 0.452048 
1086.000000 0.451382 
1087.000000 0.450717 
1088.000000 0.450051 
1089.000000 0.449387 
1090.000000 0.448722 
1091.000000 0.448058 
1092.000000 0.447394 
1093.000000 0.446731 
1094.000000 0.446068 
1095.000000 0.445405 
1096.000000 0.444743 
1097.000000 0.444081 
1098.000000 0.443419 
1099.000000 0.442757 
1100.000000 0.442096 
1101.000000 0.441436 
1102.000000 0.440775 
1103.000000 0.440115 
1104.000000 0.439456 
1105.000000 0.438797 
1106.000000 0.438138 
1107.000000 0.437479 
1108.000000 0.436821 
1109.000000 0.436163 
1110.000000 0.435506 
1111.000000 0.434848 
1112.000000 0.434192 
1113.000000 0.433535 
1114.000000 0.432879 
1115.000000 0.432223 
1116.000000 0.431568 
1117.000000 0.430913 
1118.000000 0.430259 
1119.000000 0.429604 
1120.000000 0.428951 
1121.000000 0.428297 
1122.000000 0.427644 
1123.000000 0.426991 
1124.000000 0.426339 
1125.000000 0.425687 
1126.000000 0.425035 
1127.000000 0.424384 
1128.000000 0.423733 
1129.000000 0.423083 
1130.000000 0.422433 
1131.000000 0.421783 
1132.000000 0.421134 
1133.000000 0.420485 
1134.000000 0.419836 
1135.000000 0.419188 
1136.000000 0.418541 
1137.000000 0.417893 
1138.000000 0.417246 
1139.000000 0.416600 
1140.000000 0.415953 
1141.000000 0.415308 
1142.000000 0.414662 
1143.000000 0.414017 
1144.000000 0.413373 
1145.000000 0.412729 
1146.000000 0.412085 
1147.000000 0.411441 
1148.000000 0.410798 
1149.000000 0.410156 
1150.000000 0.409514 
1151.000000 0.408872 
1152.000000 0.408230 
1153.000000 0.407589 
1154.000000 0.406949 
1155.000000 0.406309 
1156.000000 0.405669 
1157.000000 0.405030 
1158.000000 0.404391 
1159.000000 0.403752 
1160.000000 0.403114 
1161.000000 0.402477 
1162.000000 0.401839 
1163.000000 0.401202 
1164.000000 0.400566 
1165.000000 0.399930 
1166.000000 0.399295 
1167.000000 0.398659 
1168.000000 0.398025 
1169.000000 0.397390 
1170.000000 0.396756 
1171.000000 0.396123 
1172.000000 0.395490 
1173.000000 0.394857 
1174.000000 0.394225 
1175.000000 0.393594 
1176.000000 0.392962 
1177.000000 0.392331 
1178.000000 0.391701 
1179.000000 0.391071 
1180.000000 0.390441 
1181.000000 0.389812 
1182.000000 0.389184 
1183.000000 0.388555 
1184.000000 0.387928 
1185.000000 0.387300 
1186.000000 0.386673 
1187.000000 0.386047 
1188.000000 0.385421 
1189.000000 0.384795 
1190.000000 0.384170 
1191.000000 0.383545 
1192.000000 0.382921 
1193.000000 0.382297 
1194.000000 0.381674 
1195.000000 0.381051 
1196.000000 0.380429 
1197.000000 0.379807 
1198.000000 0.379185 
1199.000000 0.378564 
1200.000000 0.377943 
1201.000000 0.377323 
1202.000000 0.376703 
1203.000000 0.376084 
1204.000000 0.375465 
1205.000000 0.374847 
1206.000000 0.374229 
1207.000000 0.373612 
1208.000000 0.372995 
1209.000000 0.372378 
1210.000000 0.371762 
1211.000000 0.371147 
1212.000000 0.370532 
1213.000000 0.369917 
1214.000000 0.369303 
1215.000000 0.368689 
1216.000000 0.368076 
1217.000000 0.367463 
1218.000000 0.366851 
1219.000000 0.366239 
1220.000000 0.365628 
1221.000000 0.365017 
1222.000000 0.364407 
1223.000000 0.363797 
1224.000000 0.363187 
1225.000000 0.362578 
1226.000000 0.361970 
1227.000000 0.361362 
1228.000000 0.360754 
1229.000000 0.360147 
1230.000000 0.359541 
1231.000000 0.358935 
1232.000000 0.358329 
1233.000000 0.357724 
1234.000000 0.357119 
1235.000000 0.356515 
1236.000000 0.355912 
1237.000000 0.355309 
1238.000000 0.354706 
1239.000000 0.354104 
1240.000000 0.353502 
1241.000000 0.352901 
1242.000000 0.352300 
1243.000000 0.351700 
1244.000000 0.351100 
1245.000000 0.350501 
1246.000000 0.349902 
1247.000000 0.349304 
1248.000000 0.348706 
1249.000000 0.348109 
1250.000000 0.347512 
1251.000000 0.346916 
1252.000000 0.346321 
1253.000000 0.345725 
1254.000000 0.345131 
1255.000000 0.344536 
1256.000000 0.343943 
1257.000000 0.343349 
1258.000000 0.342757 
1259.000000 0.342164 
1260.000000 0.341573 
1261.000000 0.340982 
1262.000000 0.340391 
1263.000000 0.339801 
1264.000000 0.339211 
1265.000000 0.338622 
1266.000000 0.338033 
1267.000000 0.337445 
1268.000000 0.336857 
1269.000000 0.336270 
1270.000000 0.335684 
1271.000000 0.335098 
1272.000000 0.334512 
1273.000000 0.333927 
1274.000000 0.333342 
1275.000000 0.332758 
1276.000000 0.332175 
1277.000000 0.331592 
1278.000000 0.331009 
1279.000000 0.330427 
1280.000000 0.329846 
1281.000000 0.329265 
1282.000000 0.328685 
1283.000000 0.328105 
1284.000000 0.327525 
1285.000000 0.326947 
1286.000000 0.326368 
1287.000000 0.325790 
1288.000000 0.325213 
1289.000000 0.324636 
1290.000000 0.324060 
1291.000000 0.323484 
1292.000000 0.322909 
1293.000000 0.322335 
1294.000000 0.321761 
1295.000000 0.321187 
1296.000000 0.320614 
1297.000000 0.320041 
1298.000000 0.319469 
1299.000000 0.318898 
1300.000000 0.318327 
1301.000000 0.317757 
1302.000000 0.317187 
1303.000000 0.316617 
1304.000000 0.316049 
1305.000000 0.315480 
1306.000000 0.314913 
1307.000000 0.314345 
1308.000000 0.313779 
1309.000000 0.313213 
1310.000000 0.312647 
1311.000000 0.312082 
1312.000000 0.311518 
1313.000000 0.310954 
1314.000000 0.310390 
1315.000000 0.309827 
1316.000000 0.309265 
1317.000000 0.308703 
1318.000000 0.308142 
1319.000000 0.307581 
1320.000000 0.307021 
1321.000000 0.306461 
1322.000000 0.305902 
1323.000000 0.305344 
1324.000000 0.304786 
1325.000000 0.304228 
1326.000000 0.303671 
1327.000000 0.303115 
1328.000000 0.302559 
1329.000000 0.302004 
1330.000000 0.301449 
1331.000000 0.300895 
1332.000000 0.300341 
1333.000000 0.299788 
1334.000000 0.299236 
1335.000000 0.298684 
1336.000000 0.298132 
1337.000000 0.297581 
1338.000000 0.297031 
1339.000000 0.296481 
1340.000000 0.295932 
1341.000000 0.295383 
1342.000000 0.294835 
1343.000000 0.294288 
1344.000000 0.293741 
1345.000000 0.293194 
1346.000000 0.292648 
1347.000000 0.292103 
1348.000000 0.291558 
1349.000000 0.291014 
1350.000000 0.290471 
1351.000000 0.289927 
1352.000000 0.289385 
1353.000000 0.288843 
1354.000000 0.288301 
1355.000000 0.287761 
1356.000000 0.287220 
1357.000000 0.286681 
1358.000000 0.286141 
1359.000000 0.285603 
1360.000000 0.285065 
1361.000000 0.284527 
1362.000000 0.283990 
1363.000000 0.283454 
1364.000000 0.282918 
1365.000000 0.282383 
1366.000000 0.281848 
1367.000000 0.281314 
1368.000000 0.280781 
1369.000000 0.280248 
1370.000000 0.279715 
1371.000000 0.279183 
1372.000000 0.278652 
1373.000000 0.278122 
1374.000000 0.277591 
1375.000000 0.277062 
1376.000000 0.276533 
1377.000000 0.276004 
1378.000000 0.275477 
1379.000000 0.274949 
1380.000000 0.274423 
1381.000000 0.273896 
1382.000000 0.273371 
1383.000000 0.272846 
1384.000000 0.272322 
1385.000000 0.271798 
1386.000000 0.271274 
1387.000000 0.270752 
1388.000000 0.270230 
1389.000000 0.269708 
1390.000000 0.269187 
1391.000000 0.268667 
1392.000000 0.268147 
1393.000000 0.267628 
1394.000000 0.267109 
1395.000000 0.266591 
1396.000000 0.266074 
1397.000000 0.265557 
1398.000000 0.265040 
1399.000000 0.264525 
1400.000000 0.264009 
1401.000000 0.263495 
1402.000000 0.262981 
1403.000000 0.262467 
1404.000000 0.261954 
1405.000000 0.261442 
1406.000000 0.260930 
1407.000000 0.260419 
1408.000000 0.259909 
1409.000000 0.259399 
1410.000000 0.258890 
1411.000000 0.258381 
1412.000000 0.257873 
1413.000000 0.257365 
1414.000000 0.256858 
1415.000000 0.256352 
1416.000000 0.255846 
1417.000000 0.255340 
1418.000000 0.254836 
1419.000000 0.254332 
1420.000000 0.253828 
1421.000000 0.253325 
1422.000000 0.252823 
1423.000000 0.252321 
1424.000000 0.251820 
1425.000000 0.251320 
1426.000000 0.250820 
1427.000000 0.250320 
1428.000000 0.249821 
1429.000000 0.249323 
1430.000000 0.248826 
1431.000000 0.248329 
1432.000000 0.247832 
1433.000000 0.247336 
1434.000000 0.246841 
1435.000000 0.246346 
1436.000000 0.245852 
1437.000000 0.245359 
1438.000000 0.244866 
1439.000000 0.244374 
1440.000000 0.243882 
1441.000000 0.243391 
1442.000000 0.242901 
1443.000000 0.242411 
1444.000000 0.241921 
1445.000000 0.241433 
1446.000000 0.240944 
1447.000000 0.240457 
1448.000000 0.239970 
1449.000000 0.239484 
1450.000000 0.238998 
1451.000000 0.238513 
1452.000000 0.238028 
1453.000000 0.237544 
1454.000000 0.237061 
1455.000000 0.236578 
1456.000000 0.236096 
1457.000000 0.235614 
1458.000000 0.235134 
1459.000000 0.234653 
1460.000000 0.234173 
1461.000000 0.233694 
1462.000000 0.233216 
1463.000000 0.232738 
1464.000000 0.232260 
1465.000000 0.231783 
1466.000000 0.231307 
1467.000000 0.230832 
1468.000000 0.230357 
1469.000000 0.229882 
1470.000000 0.229409 
1471.000000 0.228935 
1472.000000 0.228463 
1473.000000 0.227991 
1474.000000 0.227519 
1475.000000 0.227049 
1476.000000 0.226578 
1477.000000 0.226109 
1478.000000 0.225640 
1479.000000 0.225171 
1480.000000 0.224704 
1481.000000 0.224237 
1482.000000 0.223770 
1483.000000 0.223304 
1484.000000 0.222839 
1485.000000 0.222374 
1486.000000 0.221910 
1487.000000 0.221446 
1488.000000 0.220983 
1489.000000 0.220521 
1490.000000 0.220059 
1491.000000 0.219598 
1492.000000 0.219137 
1493.000000 0.218677 
1494.000000 0.218218 
1495.000000 0.217759 
1496.000000 0.217301 
1497.000000 0.216843 
1498.000000 0.216386 
1499.000000 0.215930 
1500.000000 0.215474 
1501.000000 0.215019 
1502.000000 0.214564 
1503.000000 0.214111 
1504.000000 0.213657 
1505.000000 0.213204 
1506.000000 0.212752 
1507.000000 0.212301 
1508.000000 0.211850 
1509.000000 0.211399 
1510.000000 0.210950 
1511.000000 0.210501 
1512.000000 0.210052 
1513.000000 0.209604 
1514.000000 0.209157 
1515.000000 0.208710 
1516.000000 0.208264 
1517.000000 0.207818 
1518.000000 0.207373 
1519.000000 0.206929 
1520.000000 0.206485 
1521.000000 0.206042 
1522.000000 0.205600 
1523.000000 0.205158 
1524.000000 0.204716 
1525.000000 0.204276 
1526.000000 0.203836 
1527.000000 0.203396 
1528.000000 0.202957 
1529.000000 0.202519 
1530.000000 0.202081 
1531.000000 0.201644 
1532.000000 0.201208 
1533.000000 0.200772 
1534.000000 0.200336 
1535.000000 0.199902 
1536.000000 0.199467 
1537.000000 0.199034 
1538.000000 0.198601 
1539.000000 0.198169 
1540.000000 0.197737 
1541.000000 0.197306 
1542.000000 0.196875 
1543.000000 0.196446 
1544.000000 0.196016 
1545.000000 0.195588 
1546.000000 0.195159 
1547.000000 0.194732 
1548.000000 0.194305 
1549.000000 0.193879 
1550.000000 0.193453 
1551.000000 0.193028 
1552.000000 0.192603 
1553.000000 0.192179 
1554.000000 0.191756 
1555.000000 0.191333 
1556.000000 0.190911 
1557.000000 0.190490 
1558.000000 0.190069 
1559.000000 0.189649 
1560.000000 0.189229 
1561.000000 0.188810 
1562.000000 0.188391 
1563.000000 0.187973 
1564.000000 0.187556 
1565.000000 0.187139 
1566.000000 0.186723 
1567.000000 0.186308 
1568.000000 0.185893 
1569.000000 0.185478 
1570.000000 0.185065 
1571.000000 0.184651 
1572.000000 0.184239 
1573.000000 0.183827 
1574.000000 0.183416 
1575.000000 0.183005 
1576.000000 0.182595 
1577.000000 0.182185 
1578.000000 0.181776 
1579.000000 0.181368 
1580.000000 0.180960 
1581.000000 0.180553 
1582.000000 0.180146 
1583.000000 0.179740 
1584.000000 0.179335 
1585.000000 0.178930 
1586.000000 0.178526 
1587.000000 0.178122 
1588.000000 0.177719 
1589.000000 0.177317 
1590.000000 0.176915 
1591.000000 0.176514 
1592.000000 0.176113 
1593.000000 0.175713 
1594.000000 0.175314 
1595.000000 0.174915 
1596.000000 0.174517 
1597.000000 0.174119 
1598.000000 0.173722 
1599.000000 0.173326 
1600.000000 0.172930 
1601.000000 0.172534 
1602.000000 0.172140 
1603.000000 0.171746 
1604.000000 0.171352 
1605.000000 0.170959 
1606.000000 0.170567 
1607.000000 0.170175 
1608.000000 0.169784 
1609.000000 0.169394 
1610.000000 0.169004 
1611.000000 0.168614 
1612.000000 0.168226 
1613.000000 0.167837 
1614.000000 0.167450 
1615.000000 0.167063 
1616.000000 0.166677 
1617.000000 0.166291 
1618.000000 0.165906 
1619.000000 0.165521 
1620.000000 0.165137 
1621.000000 0.164754 
1622.000000 0.164371 
1623.000000 0.163989 
1624.000000 0.163607 
1625.000000 0.163226 
1626.000000 0.162845 
1627.000000 0.162466 
1628.000000 0.162086 
1629.000000 0.161708 
1630.000000 0.161330 
1631.000000 0.160952 
1632.000000 0.160575 
1633.000000 0.160199 
1634.000000 0.159823 
1635.000000 0.159448 
1636.000000 0.159073 
1637.000000 0.158699 
1638.000000 0.158326 
1639.000000 0.157953 
1640.000000 0.157581 
1641.000000 0.157209 
1642.000000 0.156838 
1643.000000 0.156468 
1644.000000 0.156098 
1645.000000 0.155729 
1646.000000 0.155360 
1647.000000 0.154992 
1648.000000 0.154625 
1649.000000 0.154258 
1650.000000 0.153891 
1651.000000 0.153526 
1652.000000 0.153161 
1653.000000 0.152796 
1654.000000 0.152432 
1655.000000 0.152069 
1656.000000 0.151706 
1657.000000 0.151344 
1658.000000 0.150982 
1659.000000 0.150621 
1660.000000 0.150261 
1661.000000 0.149901 
1662.000000 0.149541 
1663.000000 0.149183 
1664.000000 0.148825 
1665.000000 0.148467 
1666.000000 0.148110 
1667.000000 0.147754 
1668.000000 0.147398 
1669.000000 0.147043 
1670.000000 0.146688 
1671.000000 0.146334 
1672.000000 0.145981 
1673.000000 0.145628 
1674.000000 0.145276 
1675.000000 0.144924 
1676.000000 0.144573 
1677.000000 0.144222 
1678.000000 0.143872 
1679.000000 0.143523 
1680.000000 0.143174 
1681.000000 0.142826 
1682.000000 0.142478 
1683.000000 0.142131 
1684.000000 0.141785 
1685.000000 0.141439 
1686.000000 0.141094 
1687.000000 0.140749 
1688.000000 0.140405 
1689.000000 0.140061 
1690.000000 0.139718 
1691.000000 0.139376 
1692.000000 0.139034 
1693.000000 0.138693 
1694.000000 0.138352 
1695.000000 0.138012 
1696.000000 0.137673 
1697.000000 0.137334 
1698.000000 0.136995 
1699.000000 0.136658 
1700.000000 0.136320 
1701.000000 0.135984 
1702.000000 0.135648 
1703.000000 0.135312 
1704.000000 0.134977 
1705.000000 0.134643 
1706.000000 0.134309 
1707.000000 0.133976 
1708.000000 0.133643 
1709.000000 0.133311 
1710.000000 0.132980 
1711.000000 0.132649 
1712.000000 0.132319 
1713.000000 0.131989 
1714.000000 0.131660 
1715.000000 0.131331 
1716.000000 0.131003 
1717.000000 0.130676 
1718.000000 0.130349 
1719.000000 0.130023 
1720.000000 0.129697 
1721.000000 0.129372 
1722.000000 0.129047 
1723.000000 0.128723 
1724.000000 0.128399 
1725.000000 0.128077 
1726.000000 0.127754 
1727.000000 0.127432 
1728.000000 0.127111 
1729.000000 0.126791 
1730.000000 0.126471 
1731.000000 0.126151 
1732.000000 0.125832 
1733.000000 0.125514 
1734.000000 0.125196 
1735.000000 0.124879 
1736.000000 0.124562 
1737.000000 0.124246 
1738.000000 0.123930 
1739.000000 0.123615 
1740.000000 0.123301 
1741.000000 0.122987 
1742.000000 0.122674 
1743.000000 0.122361 
1744.000000 0.122049 
1745.000000 0.121737 
1746.000000 0.121426 
1747.000000 0.121115 
1748.000000 0.120805 
1749.000000 0.120496 
1750.000000 0.120187 
1751.000000 0.119879 
1752.000000 0.119571 
1753.000000 0.119264 
1754.000000 0.118957 
1755.000000 0.118651 
1756.000000 0.118346 
1757.000000 0.118041 
1758.000000 0.117736 
1759.000000 0.117433 
1760.000000 0.117129 
1761.000000 0.116826 
1762.000000 0.116524 
1763.000000 0.116223 
1764.000000 0.115922 
1765.000000 0.115621 
1766.000000 0.115321 
1767.000000 0.115022 
1768.000000 0.114723 
1769.000000 0.114424 
1770.000000 0.114127 
1771.000000 0.113829 
1772.000000 0.113533 
1773.000000 0.113236 
1774.000000 0.112941 
1775.000000 0.112646 
1776.000000 0.112351 
1777.000000 0.112057 
1778.000000 0.111764 
1779.000000 0.111471 
1780.000000 0.111179 
1781.000000 0.110887 
1782.000000 0.110596 
1783.000000 0.110305 
1784.000000 0.110015 
1785.000000 0.109725 
1786.000000 0.109436 
1787.000000 0.109148 
1788.000000 0.108860 
1789.000000 0.108572 
1790.000000 0.108285 
1791.000000 0.107999 
1792.000000 0.107713 
1793.000000 0.107428 
1794.000000 0.107143 
1795.000000 0.106859 
1796.000000 0.106575 
1797.000000 0.106292 
1798.000000 0.106009 
1799.000000 0.105727 
1800.000000 0.105446 
1801.000000 0.105164 
1802.000000 0.104884 
1803.000000 0.104604 
1804.000000 0.104325 
1805.000000 0.104046 
1806.000000 0.103767 
1807.000000 0.103490 
1808.000000 0.103212 
1809.000000 0.102935 
1810.000000 0.102659 
1811.000000 0.102383 
1812.000000 0.102108 
1813.000000 0.101834 
1814.000000 0.101560 
1815.000000 0.101286 
1816.000000 0.101013 
1817.000000 0.100740 
1818.000000 0.100468 
1819.000000 0.100197 
1820.000000 0.099926 
1821.000000 0.099655 
1822.000000 0.099385 
1823.000000 0.099116 
1824.000000 0.098847 
1825.000000 0.098579 
1826.000000 0.098311 
1827.000000 0.098044 
1828.000000 0.097777 
1829.000000 0.097511 
1830.000000 0.097245 
1831.000000 0.096980 
1832.000000 0.096715 
1833.000000 0.096451 
1834.000000 0.096187 
1835.000000 0.095924 
1836.000000 0.095661 
1837.000000 0.095399 
1838.000000 0.095137 
1839.000000 0.094876 
1840.000000 0.094616 
1841.000000 0.094356 
1842.000000 0.094096 
1843.000000 0.093837 
1844.000000 0.093579 
1845.000000 0.093320 
1846.000000 0.093063 
1847.000000 0.092806 
1848.000000 0.092550 
1849.000000 0.092294 
1850.000000 0.092038 
1851.000000 0.091783 
1852.000000 0.091529 
1853.000000 0.091275 
1854.000000 0.091021 
1855.000000 0.090768 
1856.000000 0.090516 
1857.000000 0.090264 
1858.000000 0.090013 
1859.000000 0.089762 
1860.000000 0.089511 
1861.000000 0.089262 
1862.000000 0.089012 
1863.000000 0.088763 
1864.000000 0.088515 
1865.000000 0.088267 
1866.000000 0.088020 
1867.000000 0.087773 
1868.000000 0.087526 
1869.000000 0.087281 
1870.000000 0.087035 
1871.000000 0.086790 
1872.000000 0.086546 
1873.000000 0.086302 
1874.000000 0.086059 
1875.000000 0.085816 
1876.000000 0.085574 
1877.000000 0.085332 
1878.000000 0.085090 
1879.000000 0.084849 
1880.000000 0.084609 
1881.000000 0.084369 
1882.000000 0.084130 
1883.000000 0.083891 
1884.000000 0.083652 
1885.000000 0.083415 
1886.000000 0.083177 
1887.000000 0.082940 
1888.000000 0.082704 
1889.000000 0.082468 
1890.000000 0.082232 
1891.000000 0.081997 
1892.000000 0.081763 
1893.000000 0.081529 
1894.000000 0.081295 
1895.000000 0.081062 
1896.000000 0.080830 
1897.000000 0.080598 
1898.000000 0.080366 
1899.000000 0.080135 
1900.000000 0.079905 
1901.000000 0.079675 
1902.000000 0.079445 
1903.000000 0.079216 
1904.000000 0.078987 
1905.000000 0.078759 
1906.000000 0.078531 
1907.000000 0.078304 
1908.000000 0.078078 
1909.000000 0.077851 
1910.000000 0.077626 
1911.000000 0.077400 
1912.000000 0.077176 
1913.000000 0.076951 
1914.000000 0.076727 
1915.000000 0.076504 
1916.000000 0.076281 
1917.000000 0.076059 
1918.000000 0.075837 
1919.000000 0.075615 
1920.000000 0.075394 
1921.000000 0.075174 
1922.000000 0.074954 
1923.000000 0.074734 
1924.000000 0.074515 
1925.000000 0.074297 
1926.000000 0.074079 
1927.000000 0.073861 
1928.000000 0.073644 
1929.000000 0.073427 
1930.000000 0.073211 
1931.000000 0.072995 
1932.000000 0.072780 
1933.000000 0.072565 
1934.000000 0.072350 
1935.000000 0.072137 
1936.000000 0.071923 
1937.000000 0.071710 
1938.000000 0.071498 
1939.000000 0.071286 
1940.000000 0.071074 
1941.000000 0.070863 
1942.000000 0.070652 
1943.000000 0.070442 
1944.000000 0.070232 
1945.000000 0.070023 
1946.000000 0.069814 
1947.000000 0.069606 
1948.000000 0.069398 
1949.000000 0.069190 
1950.000000 0.068983 
1951.000000 0.068777 
1952.000000 0.068571 
1953.000000 0.068365 
1954.000000 0.068160 
1955.000000 0.067955 
1956.000000 0.067751 
1957.000000 0.067547 
1958.000000 0.067344 
1959.000000 0.067141 
1960.000000 0.066939 
1961.000000 0.066737 
1962.000000 0.066535 
1963.000000 0.066334 
1964.000000 0.066134 
1965.000000 0.065934 
1966.000000 0.065734 
1967.000000 0.065535 
1968.000000 0.065336 
1969.000000 0.065137 
1970.000000 0.064939 
1971.000000 0.064742 
1972.000000 0.064545 
1973.000000 0.064348 
1974.000000 0.064152 
1975.000000 0.063956 
1976.000000 0.063761 
1977.000000 0.063566 
1978.000000 0.063372 
1979.000000 0.063178 
1980.000000 0.062985 
1981.000000 0.062792 
1982.000000 0.062599 
1983.000000 0.062407 
1984.000000 0.062215 
1985.000000 0.062024 
1986.000000 0.061833 
1987.000000 0.061642 
1988.000000 0.061452 
1989.000000 0.061263 
1990.000000 0.061074 
1991.000000 0.060885 
1992.000000 0.060697 
1993.000000 0.060509 
1994.000000 0.060322 
1995.000000 0.060135 
1996.000000 0.059948 
1997.000000 0.059762 
1998.000000 0.059576 
1999.000000 0.059391 
2000.000000 0.059206 
2001.000000 0.059022 
2002.000000 0.058838 
2003.000000 0.058655 
2004.000000 0.058471 
2005.000000 0.058289 
2006.000000 0.058107 
2007.000000 0.057925 
2008.000000 0.057743 
2009.000000 0.057562 
2010.000000 0.057382 
2011.000000 0.057202 
2012.000000 0.057022 
2013.000000 0.056843 
2014.000000 0.056664 
2015.000000 0.056485 
2016.000000 0.056307 
2017.000000 0.056130 
2018.000000 0.055953 
2019.000000 0.055776 
2020.000000 0.055600 
2021.000000 0.055424 
2022.000000 0.055248 
2023.000000 0.055073 
2024.000000 0.054898 
2025.000000 0.054724 
2026.000000 0.054550 
2027.000000 0.054377 
2028.000000 0.054204 
2029.000000 0.054031 
2030.000000 0.053859 
2031.000000 0.053687 
2032.000000 0.053516 
2033.000000 0.053345 
2034.000000 0.053174 
2035.000000 0.053004 
2036.000000 0.052834 
2037.000000 0.052665 
2038.000000 0.052496 
2039.000000 0.052327 
2040.000000 0.052159 
2041.000000 0.051991 
2042.000000 0.051824 
2043.000000 0.051657 
2044.000000 0.051491 
2045.000000 0.051325 
2046.000000 0.051159 
2047.000000 0.050993 
2048.000000 0.050829 
2049.000000 0.050664 
2050.000000 0.050500 
2051.000000 0.050336 
2052.000000 0.050173 
2053.000000 0.050010 
2054.000000 0.049847 
2055.000000 0.049685 
2056.000000 0.049524 
2057.000000 0.049362 
2058.000000 0.049201 
2059.000000 0.049041 
2060.000000 0.048880 
2061.000000 0.048721 
2062.000000 0.048561 
2063.000000 0.048402 
2064.000000 0.048244 
2065.000000 0.048086 
2066.000000 0.047928 
2067.000000 0.047770 
2068.000000 0.047613 
2069.000000 0.047457 
2070.000000 0.047300 
2071.000000 0.047144 
2072.000000 0.046989 
2073.000000 0.046834 
2074.000000 0.046679 
2075.000000 0.046525 
2076.000000 0.046371 
2077.000000 0.046217 
2078.000000 0.046064 
2079.000000 0.045911 
2080.000000 0.045759 
2081.000000 0.045607 
2082.000000 0.045455 
2083.000000 0.045304 
2084.000000 0.045153 
2085.000000 0.045002 
2086.000000 0.044852 
2087.000000 0.044702 
2088.000000 0.044553 
2089.000000 0.044404 
2090.000000 0.044255 
2091.000000 0.044107 
2092.000000 0.043959 
2093.000000 0.043812 
2094.000000 0.043665 
2095.000000 0.043518 
2096.000000 0.043371 
2097.000000 0.043225 
2098.000000 0.043080 
2099.000000 0.042934 
2100.000000 0.042790 
2101.000000 0.042645 
2102.000000 0.042501 
2103.000000 0.042357 
2104.000000 0.042214 
2105.000000 0.042070 
2106.000000 0.041928 
2107.000000 0.041785 
2108.000000 0.041643 
2109.000000 0.041502 
2110.000000 0.041361 
2111.000000 0.041220 
2112.000000 0.041079 
2113.000000 0.040939 
2114.000000 0.040799 
2115.000000 0.040660 
2116.000000 0.040521 
2117.000000 0.040382 
2118.000000 0.040244 
2119.000000 0.040106 
2120.000000 0.039968 
2121.000000 0.039831 
2122.000000 0.039694 
2123.000000 0.039557 
2124.000000 0.039421 
2125.000000 0.039285 
2126.000000 0.039150 
2127.000000 0.039014 
2128.000000 0.038880 
2129.000000 0.038745 
2130.000000 0.038611 
2131.000000 0.038477 
2132.000000 0.038344 
2133.000000 0.038211 
2134.000000 0.038078 
2135.000000 0.037946 
2136.000000 0.037814 
2137.000000 0.037682 
2138.000000 0.037551 
2139.000000 0.037420 
2140.000000 0.037290 
2141.000000 0.037159 
2142.000000 0.037029 
2143.000000 0.036900 
2144.000000 0.036771 
2145.000000 0.036642 
2146.000000 0.036513 
2147.000000 0.036385 
2148.000000 0.036257 
2149.000000 0.036130 
2150.000000 0.036003 
2151.000000 0.035876 
2152.000000 0.035749 
2153.000000 0.035623 
2154.000000 0.035497 
2155.000000 0.035372 
2156.000000 0.035247 
2157.000000 0.035122 
2158.000000 0.034997 
2159.000000 0.034873 
2160.000000 0.034750 
2161.000000 0.034626 
2162.000000 0.034503 
2163.000000 0.034380 
2164.000000 0.034258 
2165.000000 0.034136 
2166.000000 0.034014 
2167.000000 0.033892 
2168.000000 0.033771 
2169.000000 0.033650 
2170.000000 0.033530 
2171.000000 0.033410 
2172.000000 0.033290 
2173.000000 0.033171 
2174.000000 0.033051 
2175.000000 0.032933 
2176.000000 0.032814 
2177.000000 0.032696 
2178.000000 0.032578 
2179.000000 0.032461 
2180.000000 0.032343 
2181.000000 0.032226 
2182.000000 0.032110 
2183.000000 0.031994 
2184.000000 0.031878 
2185.000000 0.031762 
2186.000000 0.031647 
2187.000000 0.031532 
2188.000000 0.031417 
2189.000000 0.031303 
2190.000000 0.031189 
2191.000000 0.031075 
2192.000000 0.030962 
2193.000000 0.030849 
2194.000000 0.030736 
2195.000000 0.030624 
2196.000000 0.030511 
2197.000000 0.030400 
2198.000000 0.030288 
2199.000000 0.030177 
2200.000000 0.030066 
2201.000000 0.029956 
2202.000000 0.029845 
2203.000000 0.029735 
2204.000000 0.029626 
2205.000000 0.029516 
2206.000000 0.029407 
2207.000000 0.029299 
2208.000000 0.029190 
2209.000000 0.029082 
2210.000000 0.028974 
2211.000000 0.028867 
2212.000000 0.028760 
2213.000000 0.028653 
2214.000000 0.028546 
2215.000000 0.028440 
2216.000000 0.028334 
2217.000000 0.028228 
2218.000000 0.028123 
2219.000000 0.028018 
2220.000000 0.027913 
2221.000000 0.027809 
2222.000000 0.027705 
2223.000000 0.027601 
2224.000000 0.027497 
2225.000000 0.027394 
2226.000000 0.027291 
2227.000000 0.027188 
2228.000000 0.027086 
2229.000000 0.026984 
2230.000000 0.026882 
2231.000000 0.026780 
2232.000000 0.026679 
2233.000000 0.026578 
2234.000000 0.026478 
2235.000000 0.026377 
2236.000000 0.026277 
2237.000000 0.026177 
2238.000000 0.026078 
2239.000000 0.025979 
2240.000000 0.025880 
2241.000000 0.025781 
2242.000000 0.025683 
2243.000000 0.025585 
2244.000000 0.025487 
2245.000000 0.025390 
2246.000000 0.025292 
2247.000000 0.025196 
2248.000000 0.025099 
2249.000000 0.025003 
2250.000000 0.024907 
2251.000000 0.024811 
2252.000000 0.024715 
2253.000000 0.024620 
2254.000000 0.024525 
2255.000000 0.024431 
2256.000000 0.024336 
2257.000000 0.024242 
2258.000000 0.024148 
2259.000000 0.024055 
2260.000000 0.023962 
2261.000000 0.023869 
2262.000000 0.023776 
2263.000000 0.023683 
2264.000000 0.023591 
2265.000000 0.023499 
2266.000000 0.023408 
2267.000000 0.023316 
2268.000000 0.023225 
2269.000000 0.023135 
2270.000000 0.023044 
2271.000000 0.022954 
2272.000000 0.022864 
2273.000000 0.022774 
2274.000000 0.022685 
2275.000000 0.022596 
2276.000000 0.022507 
2277.000000 0.022418 
2278.000000 0.022330 
2279.000000 0.022242 
2280.000000 0.022154 
2281.000000 0.022066 
2282.000000 0.021979 
2283.000000 0.021892 
2284.000000 0.021805 
2285.000000 0.021719 
2286.000000 0.021632 
2287.000000 0.021546 
2288.000000 0.021461 
2289.000000 0.021375 
2290.000000 0.021290 
2291.000000 0.021205 
2292.000000 0.021120 
2293.000000 0.021036 
2294.000000 0.020952 
2295.000000 0.020868 
2296.000000 0.020784 
2297.000000 0.020701 
2298.000000 0.020618 
2299.000000 0.020535 
2300.000000 0.020452 
2301.000000 0.020370 
2302.000000 0.020288 
2303.000000 0.020206 
2304.000000 0.020124 
2305.000000 0.020043 
2306.000000 0.019962 
2307.000000 0.019881 
2308.000000 0.019800 
2309.000000 0.019720 
2310.000000 0.019640 
2311.000000 0.019560 
2312.000000 0.019480 
2313.000000 0.019401 
2314.000000 0.019322 
2315.000000 0.019243 
2316.000000 0.019164 
2317.000000 0.019086 
2318.000000 0.019008 
2319.000000 0.018930 
2320.000000 0.018852 
2321.000000 0.018775 
2322.000000 0.018698 
2323.000000 0.018621 
2324.000000 0.018544 
2325.000000 0.018468 
2326.000000 0.018392 
2327.000000 0.018316 
2328.000000 0.018240 
2329.000000 0.018165 
2330.000000 0.018090 
2331.000000 0.018015 
2332.000000 0.017940 
2333.000000 0.017865 
2334.000000 0.017791 
2335.000000 0.017717 
2336.000000 0.017643 
2337.000000 0.017570 
2338.000000 0.017496 
2339.000000 0.017423 
2340.000000 0.017351 
2341.000000 0.017278 
2342.000000 0.017206 
2343.000000 0.017133 
2344.000000 0.017062 
2345.000000 0.016990 
2346.000000 0.016918 
2347.000000 0.016847 
2348.000000 0.016776 
2349.000000 0.016705 
2350.000000 0.016635 
2351.000000 0.016565 
2352.000000 0.016495 
2353.000000 0.016425 
2354.000000 0.016355 
2355.000000 0.016286 
2356.000000 0.016217 
2357.000000 0.016148 
2358.000000 0.016079 
2359.000000 0.016011 
2360.000000 0.015942 
2361.000000 0.015874 
2362.000000 0.015806 
2363.000000 0.015739 
2364.000000 0.015671 
2365.000000 0.015604 
2366.000000 0.015537 
2367.000000 0.015471 
2368.000000 0.015404 
2369.000000 0.015338 
2370.000000 0.015272 
2371.000000 0.015206 
2372.000000 0.015141 
2373.000000 0.015075 
2374.000000 0.015010 
2375.000000 0.014945 
2376.000000 0.014880 
2377.000000 0.014816 
2378.000000 0.014751 
2379.000000 0.014687 
2380.000000 0.014623 
2381.000000 0.014560 
2382.000000 0.014496 
2383.000000 0.014433 
2384.000000 0.014370 
2385.000000 0.014307 
2386.000000 0.014245 
2387.000000 0.014182 
2388.000000 0.014120 
2389.000000 0.014058 
2390.000000 0.013996 
2391.000000 0.013935 
2392.000000 0.013873 
2393.000000 0.013812 
2394.000000 0.013751 
2395.000000 0.013691 
2396.000000 0.013630 
2397.000000 0.013570 
2398.000000 0.013510 
2399.000000 0.013450 
2400.000000 0.013390 
2401.000000 0.013331 
2402.000000 0.013271 
2403.000000 0.013212 
2404.000000 0.013153 
2405.000000 0.013095 
2406.000000 0.013036 
2407.000000 0.012978 
2408.000000 0.012920 
2409.000000 0.012862 
2410.000000 0.012804 
2411.000000 0.012747 
2412.000000 0.012689 
2413.000000 0.012632 
2414.000000 0.012575 
2415.000000 0.012519 
2416.000000 0.012462 
2417.000000 0.012406 
2418.000000 0.012350 
2419.000000 0.012294 
2420.000000 0.012238 
2421.000000 0.012183 
2422.000000 0.012127 
2423.000000 0.012072 
2424.000000 0.012017 
2425.000000 0.011962 
2426.000000 0.011908 
2427.000000 0.011854 
2428.000000 0.011799 
2429.000000 0.011745 
2430.000000 0.011692 
2431.000000 0.011638 
2432.000000 0.011584 
2433.000000 0.011531 
2434.000000 0.011478 
2435.000000 0.011425 
2436.000000 0.011373 
2437.000000 0.011320 
2438.000000 0.011268 
2439.000000 0.011216 
2440.000000 0.011164 
2441.000000 0.011112 
2442.000000 0.011060 
2443.000000 0.011009 
2444.000000 0.010958 
2445.000000 0.010907 
2446.000000 0.010856 
2447.000000 0.010805 
2448.000000 0.010755 
2449.000000 0.010704 
2450.000000 0.010654 
2451.000000 0.010604 
2452.000000 0.010555 
2453.000000 0.010505 
2454.000000 0.010456 
2455.000000 0.010406 
2456.000000 0.010357 
2457.000000 0.010308 
2458.000000 0.010260 
2459.000000 0.010211 
2460.000000 0.010163 
2461.000000 0.010115 
2462.000000 0.010067 
2463.000000 0.010019 
2464.000000 0.009971 
2465.000000 0.009924 
2466.000000 0.009876 
2467.000000 0.009829 
2468.000000 0.009782 
2469.000000 0.009736 
2470.000000 0.009689 
2471.000000 0.009642 
2472.000000 0.009596 
2473.000000 0.009550 
2474.000000 0.009504 
2475.000000 0.009458 
2476.000000 0.009413 
2477.000000 0.009367 
2478.000000 0.009322 
2479.000000 0.009277 
2480.000000 0.009232 
2481.000000 0.009187 
2482.000000 0.009143 
2483.000000 0.009098 
2484.000000 0.009054 
2485.000000 0.009010 
2486.000000 0.008966 
2487.000000 0.008922 
2488.000000 0.008878 
2489.000000 0.008835 
2490.000000 0.008792 
2491.000000 0.008749 
2492.000000 0.008706 
2493.000000 0.008663 
2494.000000 0.008620 
2495.000000 0.008578 
2496.000000 0.008535 
2497.000000 0.008493 
2498.000000 0.008451 
2499.000000 0.008409 
2500.000000 0.008368 
2501.000000 0.008326 
2502.000000 0.008285 
2503.000000 0.008243 
2504.000000 0.008202 
2505.000000 0.008161 
2506.000000 0.008121 
2507.000000 0.008080 
2508.000000 0.008040 
2509.000000 0.007999 
2510.000000 0.007959 
2511.000000 0.007919 
2512.000000 0.007879 
2513.000000 0.007840 
2514.000000 0.007800 
2515.000000 0.007761 
2516.000000 0.007722 
2517.000000 0.007682 
2518.000000 0.007644 
2519.000000 0.007605 
2520.000000 0.007566 
2521.000000 0.007528 
2522.000000 0.007489 
2523.000000 0.007451 
2524.000000 0.007413 
2525.000000 0.007375 
2526.000000 0.007338 
2527.000000 0.007300 
2528.000000 0.007263 
2529.000000 0.007225 
2530.000000 0.007188 
2531.000000 0.007151 
2532.000000 0.007114 
2533.000000 0.007078 
2534.000000 0.007041 
2535.000000 0.007005 
2536.000000 0.006968 
2537.000000 0.006932 
2538.000000 0.006896 
2539.000000 0.006860 
2540.000000 0.006825 
2541.000000 0.006789 
2542.000000 0.006754 
2543.000000 0.006719 
2544.000000 0.006683 
2545.000000 0.006648 
2546.000000 0.006614 
2547.000000 0.006579 
2548.000000 0.006544 
2549.000000 0.006510 
2550.000000 0.006476 
2551.000000 0.006441 
2552.000000 0.006407 
2553.000000 0.006373 
2554.000000 0.006340 
2555.000000 0.006306 
2556.000000 0.006273 
2557.000000 0.006239 
2558.000000 0.006206 
2559.000000 0.006173 
2560.000000 0.006140 
2561.000000 0.006107 
2562.000000 0.006075 
2563.000000 0.006042 
2564.000000 0.006010 
2565.000000 0.005978 
2566.000000 0.005945 
2567.000000 0.005913 
2568.000000 0.005882 
2569.000000 0.005850 
2570.000000 0.005818 
2571.000000 0.005787 
2572.000000 0.005755 
2573.000000 0.005724 
2574.000000 0.005693 
2575.000000 0.005662 
2576.000000 0.005631 
2577.000000 0.005601 
2578.000000 0.005570 
2579.000000 0.005540 
2580.000000 0.005509 
2581.000000 0.005479 
2582.000000 0.005449 
2583.000000 0.005419 
2584.000000 0.005389 
2585.000000 0.005360 
2586.000000 0.005330 
2587.000000 0.005301 
2588.000000 0.005271 
2589.000000 0.005242 
2590.000000 0.005213 
2591.000000 0.005184 
2592.000000 0.005155 
2593.000000 0.005127 
2594.000000 0.005098 
2595.000000 0.005070 
2596.000000 0.005041 
2597.000000 0.005013 
2598.000000 0.004985 
2599.000000 0.004957 
2600.000000 0.004929 
2601.000000 0.004902 
2602.000000 0.004874 
2603.000000 0.004847 
2604.000000 0.004819 
2605.000000 0.004792 
2606.000000 0.004765 
2607.000000 0.004738 
2608.000000 0.004711 
2609.000000 0.004684 
2610.000000 0.004658 
2611.000000 0.004631 
2612.000000 0.004605 
2613.000000 0.004578 
2614.000000 0.004552 
2615.000000 0.004526 
2616.000000 0.004500 
2617.000000 0.004474 
2618.000000 0.004449 
2619.000000 0.004423 
2620.000000 0.004397 
2621.000000 0.004372 
2622.000000 0.004347 
2623.000000 0.004322 
2624.000000 0.004297 
2625.000000 0.004272 
2626.000000 0.004247 
2627.000000 0.004222 
2628.000000 0.004197 
2629.000000 0.004173 
2630.000000 0.004149 
2631.000000 0.004124 
2632.000000 0.004100 
2633.000000 0.004076 
2634.000000 0.004052 
2635.000000 0.004028 
2636.000000 0.004004 
2637.000000 0.003981 
2638.000000 0.003957 
2639.000000 0.003934 
2640.000000 0.003911 
2641.000000 0.003887 
2642.000000 0.003864 
2643.000000 0.003841 
2644.000000 0.003818 
2645.000000 0.003795 
2646.000000 0.003773 
2647.000000 0.003750 
2648.000000 0.003728 
2649.000000 0.003705 
2650.000000 0.003683 
2651.000000 0.003661 
2652.000000 0.003639 
2653.000000 0.003617 
2654.000000 0.003595 
2655.000000 0.003573 
2656.000000 0.003552 
2657.000000 0.003530 
2658.000000 0.003509 
2659.000000 0.003487 
2660.000000 0.003466 
2661.000000 0.003445 
2662.000000 0.003424 
2663.000000 0.003403 
2664.000000 0.003382 
2665.000000 0.003361 
2666.000000 0.003340 
2667.000000 0.003320 
2668.000000 0.003299 
2669.000000 0.003279 
2670.000000 0.003259 
2671.000000 0.003238 
2672.000000 0.003218 
2673.000000 0.003198 
2674.000000 0.003178 
2675.000000 0.003159 
2676.000000 0.003139 
2677.000000 0.003119 
2678.000000 0.003100 
2679.000000 0.003080 
2680.000000 0.003061 
2681.000000 0.003042 
2682.000000 0.003022 
2683.000000 0.003003 
2684.000000 0.002984 
2685.000000 0.002965 
2686.000000 0.002947 
2687.000000 0.002928 
2688.000000 0.002909 
2689.000000 0.002891 
2690.000000 0.002872 
2691.000000 0.002854 
2692.000000 0.002836 
2693.000000 0.002818 
2694.000000 0.002799 
2695.000000 0.002781 
2696.000000 0.002764 
2697.000000 0.002746 
2698.000000 0.002728 
2699.000000 0.002710 
2700.000000 0.002693 
2701.000000 0.002675 
2702.000000 0.002658 
2703.000000 0.002641 
2704.000000 0.002623 
2705.000000 0.002606 
2706.000000 0.002589 
2707.000000 0.002572 
2708.000000 0.002555 
2709.000000 0.002539 
2710.000000 0.002522 
2711.000000 0.002505 
2712.000000 0.002489 
2713.000000 0.002472 
2714.000000 0.002456 
2715.000000 0.002440 
2716.000000 0.002423 
2717.000000 0.002407 
2718.000000 0.002391 
2719.000000 0.002375 
2720.000000 0.002359 
2721.000000 0.002344 
2722.000000 0.002328 
2723.000000 0.002312 
2724.000000 0.002297 
2725.000000 0.002281 
2726.000000 0.002266 
2727.000000 0.002250 
2728.000000 0.002235 
2729.000000 0.002220 
2730.000000 0.002205 
2731.000000 0.002190 
2732.000000 0.002175 
2733.000000 0.002160 
2734.000000 0.002145 
2735.000000 0.002131 
2736.000000 0.002116 
2737.000000 0.002101 
2738.000000 0.002087 
2739.000000 0.002072 
2740.000000 0.002058 
2741.000000 0.002044 
2742.000000 0.002030 
2743.000000 0.002016 
2744.000000 0.002002 
2745.000000 0.001988 
2746.000000 0.001974 
2747.000000 0.001960 
2748.000000 0.001946 
2749.000000 0.001933 
2750.000000 0.001919 
2751.000000 0.001905 
2752.000000 0.001892 
2753.000000 0.001879 
2754.000000 0.001865 
2755.000000 0.001852 
2756.000000 0.001839 
2757.000000 0.001826 
2758.000000 0.001813 
2759.000000 0.001800 
2760.000000 0.001787 
2761.000000 0.001774 
2762.000000 0.001761 
2763.000000 0.001749 
2764.000000 0.001736 
2765.000000 0.001724 
2766.000000 0.001711 
2767.000000 0.001699 
2768.000000 0.001686 
2769.000000 0.001674 
2770.000000 0.001662 
2771.000000 0.001650 
2772.000000 0.001638 
2773.000000 0.001626 
2774.000000 0.001614 
2775.000000 0.001602 
2776.000000 0.001590 
2777.000000 0.001579 
2778.000000 0.001567 
2779.000000 0.001555 
2780.000000 0.001544 
2781.000000 0.001532 
2782.000000 0.001521 
2783.000000 0.001510 
2784.000000 0.001498 
2785.000000 0.001487 
2786.000000 0.001476 
2787.000000 0.001465 
2788.000000 0.001454 
2789.000000 0.001443 
2790.000000 0.001432 
2791.000000 0.001421 
2792.000000 0.001411 
2793.000000 0.001400 
2794.000000 0.001389 
2795.000000 0.001379 
2796.000000 0.001368 
2797.000000 0.001358 
2798.000000 0.001347 
2799.000000 0.001337 
2800.000000 0.001327 
2801.000000 0.001317 
2802.000000 0.001306 
2803.000000 0.001296 
2804.000000 0.001286 
2805.000000 0.001276 
2806.000000 0.001266 
2807.000000 0.001257 
2808.000000 0.001247 
2809.000000 0.001237 
2810.000000 0.001227 
2811.000000 0.001218 
2812.000000 0.001208 
2813.000000 0.001199 
2814.000000 0.001189 
2815.000000 0.001180 
2816.000000 0.001171 
2817.000000 0.001161 
2818.000000 0.001152 
2819.000000 0.001143 
2820.000000 0.001134 
2821.000000 0.001125 
2822.000000 0.001116 
2823.000000 0.001107 
2824.000000 0.001098 
2825.000000 0.001089 
2826.000000 0.001080 
2827.000000 0.001072 
2828.000000 0.001063 
2829.000000 0.001055 
2830.000000 0.001046 
2831.000000 0.001037 
2832.000000 0.001029 
2833.000000 0.001021 
2834.000000 0.001012 
2835.000000 0.001004 
2836.000000 0.000996 
2837.000000 0.000988 
2838.000000 0.000979 
2839.000000 0.000971 
2840.000000 0.000963 
2841.000000 0.000955 
2842.000000 0.000948 
2843.000000 0.000940 
2844.000000 0.000932 
2845.000000 0.000924 
2846.000000 0.000916 
2847.000000 0.000909 
2848.000000 0.000901 
2849.000000 0.000893 
2850.000000 0.000886 
2851.000000 0.000879 
2852.000000 0.000871 
2853.000000 0.000864 
2854.000000 0.000856 
2855.000000 0.000849 
2856.000000 0.000842 
2857.000000 0.000835 
2858.000000 0.000828 
2859.000000 0.000821 
2860.000000 0.000813 
2861.000000 0.000807 
2862.000000 0.000800 
2863.000000 0.000793 
2864.000000 0.000786 
2865.000000 0.000779 
2866.000000 0.000772 
2867.000000 0.000766 
2868.000000 0.000759 
2869.000000 0.000752 
2870.000000 0.000746 
2871.000000 0.000739 
2872.000000 0.000733 
2873.000000 0.000726 
2874.000000 0.000720 
2875.000000 0.000714 
2876.000000 0.000707 
2877.000000 0.000701 
2878.000000 0.000695 
2879.000000 0.000689 
2880.000000 0.000683 
2881.000000 0.000676 
2882.000000 0.000670 
2883.000000 0.000664 
2884.000000 0.000659 
2885.000000 0.000653 
2886.000000 0.000647 
2887.000000 0.000641 
2888.000000 0.000635 
2889.000000 0.000629 
2890.000000 0.000624 
2891.000000 0.000618 
2892.000000 0.000612 
2893.000000 0.000607 
2894.000000 0.000601 
2895.000000 0.000596 
2896.000000 0.000590 
2897.000000 0.000585 
2898.000000 0.000580 
2899.000000 0.000574 
2900.000000 0.000569 
2901.000000 0.000564 
2902.000000 0.000559 
2903.000000 0.000553 
2904.000000 0.000548 
2905.000000 0.000543 
2906.000000 0.000538 
2907.000000 0.000533 
2908.000000 0.000528 
2909.000000 0.000523 
2910.000000 0.000518 
2911.000000 0.000513 
2912.000000 0.000509 
2913.000000 0.000504 
2914.000000 0.000499 
2915.000000 0.000494 
2916.000000 0.000490 
2917.000000 0.000485 
2918.000000 0.000481 
2919.000000 0.000476 
2920.000000 0.000471 
2921.000000 0.000467 
2922.000000 0.000462 
2923.000000 0.000458 
2924.000000 0.000454 
2925.000000 0.000449 
2926.000000 0.000445 
2927.000000 0.000441 
2928.000000 0.000437 
2929.000000 0.000432 
2930.000000 0.000428 
2931.000000 0.000424 
2932.000000 0.000420 
2933.000000 0.000416 
2934.000000 0.000412 
2935.000000 0.000408 
2936.000000 0.000404 
2937.000000 0.000400 
2938.000000 0.000396 
2939.000000 0.000392 
2940.000000 0.000388 
2941.000000 0.000385 
2942.000000 0.000381 
2943.000000 0.000377 
2944.000000 0.000373 
2945.000000 0.000370 
2946.000000 0.000366 
2947.000000 0.000363 
2948.000000 0.000359 
2949.000000 0.000356 
2950.000000 0.000352 
2951.000000 0.000349 
2952.000000 0.000345 
2953.000000 0.000342 
2954.000000 0.000338 
2955.000000 0.000335 
2956.000000 0.000332 
2957.000000 0.000328 
2958.000000 0.000325 
2959.000000 0.000322 
2960.000000 0.000319 
2961.000000 0.000316 
2962.000000 0.000312 
2963.000000 0.000309 
2964.000000 0.000306 
2965.000000 0.000303 
2966.000000 0.000300 
2967.000000 0.000297 
2968.000000 0.000294 
2969.000000 0.000291 
2970.000000 0.000289 
2971.000000 0.000286 
2972.000000 0.000283 
2973.000000 0.000280 
2974.000000 0.000277 
2975.000000 0.000275 
2976.000000 0.000272 
2977.000000 0.000269 
2978.000000 0.000267 
2979.000000 0.000264 
2980.000000 0.000261 
2981.000000 0.000259 
2982.000000 0.000256 
2983.000000 0.000254 
2984.000000 0.000251 
2985.000000 0.000249 
2986.000000 0.000246 
2987.000000 0.000244 
2988.000000 0.000242 
2989.000000 0.000239 
2990.000000 0.000237 
2991.000000 0.000235 
2992.000000 0.000232 
2993.000000 0.000230 
2994.000000 0.000228 
2995.000000 0.000226 
2996.000000 0.000223 
2997.000000 0.000221 
2998.000000 0.000219 
2999.000000 0.000217 
3000.000000 0.000215 
3001.000000 0.000213 
3002.000000 0.000211 
3003.000000 0.000209 
3004.000000 0.000207 
3005.000000 0.000205 
3006.000000 0.000203 
3007.000000 0.000201 
3008.000000 0.000199 
3009.000000 0.000198 
3010.000000 0.000196 
3011.000000 0.000194 
3012.000000 0.000192 
3013.000000 0.000191 
3014.000000 0.000189 
3015.000000 0.000187 
3016.000000 0.000185 
3017.000000 0.000184 
3018.000000 0.000182 
3019.000000 0.000181 
3020.000000 0.000179 
3021.000000 0.000177 
3022.000000 0.000176 
3023.000000 0.000174 
3024.000000 0.000173 
3025.000000 0.000171 
3026.000000 0.000170 
3027.000000 0.000169 
3028.000000 0.000167 
3029.000000 0.000166 
3030.000000 0.000165 
3031.000000 0.000163 
3032.000000 0.000162 
3033.000000 0.000161 
3034.000000 0.000159 
3035.000000 0.000158 
3036.000000 0.000157 
3037.000000 0.000156 
3038.000000 0.000155 
3039.000000 0.000153 
3040.000000 0.000152 
3041.000000 0.000151 
3042.000000 0.000150 
3043.000000 0.000149 
3044.000000 0.000148 
3045.000000 0.000147 
3046.000000 0.000146 
3047.000000 0.000145 
3048.000000 0.000144 
3049.000000 0.000143 
3050.000000 0.000142 
3051.000000 0.000141 
3052.000000 0.000140 
3053.000000 0.000139 
3054.000000 0.000138 
3055.000000 0.000138 
3056.000000 0.000137 
3057.000000 0.000136 
3058.000000 0.000135 
3059.000000 0.000134 
3060.000000 0.000134 
3061.000000 0.000133 
3062.000000 0.000132 
3063.000000 0.000132 
3064.000000 0.000131 
3065.000000 0.000130 
3066.000000 0.000130 
3067.000000 0.000129 
3068.000000 0.000128 
3069.000000 0.000128 
3070.000000 0.000127 
3071.000000 0.000127 
3072.000000 0.000126 
3073.000000 0.000126 
3074.000000 0.000125 
3075.000000 0.000124 
3076.000000 0.000124 
3077.000000 0.000124 
3078.000000 0.000123 
3079.000000 0.000123 
3080.000000 0.000122 
3081.000000 0.000122 
3082.000000 0.000121 
3083.000000 0.000121 
3084.000000 0.000121 
3085.000000 0.000120 
3086.000000 0.000120 
3087.000000 0.000120 
3088.000000 0.000119 
3089.000000 0.000119 
3090.000000 0.000119 
3091.000000 0.000118 
3092.000000 0.000118 
3093.000000 0.000118 
3094.000000 0.000117 
3095.000000 0.000117 
3096.000000 0.000117 
3097.000000 0.000117 
3098.000000 0.000117 
3099.000000 0.000116 
3100.000000 0.000116 
3101.000000 0.000116 
3102.000000 0.000116 
3103.000000 0.000116 
3104.000000 0.000115 
3105.000000 0.000115 
3106.000000 0.000115 
3107.000000 0.000115 
3108.000000 0.000115 
3109.000000 0.000115 
3110.000000 0.000115 
3111.000000 0.000115 
3112.000000 0.000115 
3113.000000 0.000114 
3114.000000 0.000114 
3115.000000 0.000114 
3116.000000 0.000114 
3117.000000 0.000114 
3118.000000 0.000114 
3119.000000 0.000114 
3120.000000 0.000114 
3121.000000 0.000114 
3122.000000 0.000114 
3123.000000 0.000114 
3124.000000 0.000114 
3125.000000 0.000114 
3126.000000 0.000114 
3127.000000 0.000114 
3128.000000 0.000114 
3129.000000 0.000114 
3130.000000 0.000114 
3131.000000 0.000114 
3132.000000 0.000114 
3133.000000 0.000114 
3134.000000 0.000114 
3135.000000 0.000114 
3136.000000 0.000114 
3137.000000 0.000115 
3138.000000 0.000115 
3139.000000 0.000115 
3140.000000 0.000115 
3141.000000 0.000115 
3142.000000 0.000115 
3143.000000 0.000115 
3144.000000 0.000115 
3145.000000 0.000115 
3146.000000 0.000115 
3147.000000 0.000115 
3148.000000 0.000115 
3149.000000 0.000116 
3150.000000 0.000116 
3151.000000 0.000116 
3152.000000 0.000116 
3153.000000 0.000116 
3154.000000 0.000116 
3155.000000 0.000116 
3156.000000 0.000116 
3157.000000 0.000117 
3158.000000 0.000117 
3159.000000 0.000117 
3160.000000 0.000117 
3161.000000 0.000117 
3162.000000 0.000117 
3163.000000 0.000117 
3164.000000 0.000118 
3165.000000 0.000118 
3166.000000 0.000118 
3167.000000 0.000118 
3168.000000 0.000118 
3169.000000 0.000118 
3170.000000 0.000119 
3171.000000 0.000119 
3172.000000 0.000119 
3173.000000 0.000119 
3174.000000 0.000119 
3175.000000 0.000119 
3176.000000 0.000120 
3177.000000 0.000120 
3178.000000 0.000120 
3179.000000 0.000120 
3180.000000 0.000120 
3181.000000 0.000120 
3182.000000 0.000121 
3183.000000 0.000121 
3184.000000 0.000121 
3185.000000 0.000121 
3186.000000 0.000121 
3187.000000 0.000121 
3188.000000 0.000122 
3189.000000 0.000122 
3190.000000 0.000122 
3191.000000 0.000122 
3192.000000 0.000122 
3193.000000 0.000123 
3194.000000 0.000123 
3195.000000 0.000123 
3196.000000 0.000123 
3197.000000 0.000123 
3198.000000 0.000124 
3199.000000 0.000124 
3200.000000 0.000124 
3201.000000 0.000124 
3202.000000 0.000124 
3203.000000 0.000124 
3204.000000 0.000125 
3205.000000 0.000125 
3206.000000 0.000125 
3207.000000 0.000125 
3208.000000 0.000125 
3209.000000 0.000126 
3210.000000 0.000126 
3211.000000 0.000126 
3212.000000 0.000126 
3213.000000 0.000126 
3214.000000 0.000127 
3215.000000 0.000127 
3216.000000 0.000127 
3217.000000 0.000127 
3218.000000 0.000127 
3219.000000 0.000128 
3220.000000 0.000128 
3221.000000 0.000128 
3222.000000 0.000128 
3223.000000 0.000129 
3224.000000 0.000129 
3225.000000 0.000129 
3226.000000 0.000129 
3227.000000 0.000129 
3228.000000 0.000130 
3229.000000 0.000130 
3230.000000 0.000130 
3231.000000 0.000130 
3232.000000 0.000130 
3233.000000 0.000131 
3234.000000 0.000131 
3235.000000 0.000131 
3236.000000 0.000131 
3237.000000 0.000131 
3238.000000 0.000132 
3239.000000 0.000132 
3240.000000 0.000132 
3241.000000 0.000132 
3242.000000 0.000133 
3243.000000 0.000133 
3244.000000 0.000133 
3245.000000 0.000133 
3246.000000 0.000133 
3247.000000 0.000134 
3248.000000 0.000134 
3249.000000 0.000134 
3250.000000 0.000134 
3251.000000 0.000135 
3252.000000 0.000135 
3253.000000 0.000135 
3254.000000 0.000135 
3255.000000 0.000135 
3256.000000 0.000136 
3257.000000 0.000136 
3258.000000 0.000136 
3259.000000 0.000136 
3260.000000 0.000137 
3261.000000 0.000137 
3262.000000 0.000137 
3263.000000 0.000137 
3264.000000 0.000137 
3265.000000 0.000138 
3266.000000 0.000138 
3267.000000 0.000138 
3268.000000 0.000138 
3269.000000 0.000139 
3270.000000 0.000139 
3271.000000 0.000139 
3272.000000 0.000139 
3273.000000 0.000140 
3274.000000 0.000140 
3275.000000 0.000140 
3276.000000 0.000140 
3277.000000 0.000140 
3278.000000 0.000141 
3279.000000 0.000141 
3280.000000 0.000141 
3281.000000 0.000141 
3282.000000 0.000142 
3283.000000 0.000142 
3284.000000 0.000142 
3285.000000 0.000142 
3286.000000 0.000143 
3287.000000 0.000143 
3288.000000 0.000143 
3289.000000 0.000143 
3290.000000 0.000144 
3291.000000 0.000144 
3292.000000 0.000144 
3293.000000 0.000144 
3294.000000 0.000144 
3295.000000 0.000145 
3296.000000 0.000145 
3297.000000 0.000145 
3298.000000 0.000145 
3299.000000 0.000146 
3300.000000 0.000146 
3301.000000 0.000146 
3302.000000 0.000146 
3303.000000 0.000147 
3304.000000 0.000147 
3305.000000 0.000147 
3306.000000 0.000147 
3307.000000 0.000148 
3308.000000 0.000148 
3309.000000 0.000148 
3310.000000 0.000148 
3311.000000 0.000149 
3312.000000 0.000149 
3313.000000 0.000149 
3314.000000 0.000149 
3315.000000 0.000150 
3316.000000 0.000150 
3317.000000 0.000150 
3318.000000 0.000150 
3319.000000 0.000151 
3320.000000 0.000151 
3321.000000 0.000151 
3322.000000 0.000151 
3323.000000 0.000151 
3324.000000 0.000152 
3325.000000 0.000152 
3326.000000 0.000152 
3327.000000 0.000152 
3328.000000 0.000153 
3329.000000 0.000153 
3330.000000 0.000153 
3331.000000 0.000153 
3332.000000 0.000154 
3333.000000 0.000154 
3334.000000 0.000154 
3335.000000 0.000154 
3336.000000 0.000155 
3337.000000 0.000155 
3338.000000 0.000155 
3339.000000 0.000155 
3340.000000 0.000155 
3341.000000 0.000156 
3342.000000 0.000156 
3343.000000 0.000156 
3344.000000 0.000156 
3345.000000 0.000157 
3346.000000 0.000157 
3347.000000 0.000157 
3348.000000 0.000157 
3349.000000 0.000158 
3350.000000 0.000158 
3351.000000 0.000158 
3352.000000 0.000158 
3353.000000 0.000158 
3354.000000 0.000159 
3355.000000 0.000159 
3356.000000 0.000159 
3357.000000 0.000159 
3358.000000 0.000159 
3359.000000 0.000160 
3360.000000 0.000160 
3361.000000 0.000160 
3362.000000 0.000160 
3363.000000 0.000161 
3364.000000 0.000161 
3365.000000 0.000161 
3366.000000 0.000161 
3367.000000 0.000161 
3368.000000 0.000162 
3369.000000 0.000162 
3370.000000 0.000162 
3371.000000 0.000162 
3372.000000 0.000162 
3373.000000 0.000163 
3374.000000 0.000163 
3375.000000 0.000163 
3376.000000 0.000163 
3377.000000 0.000163 
3378.000000 0.000163 
3379.000000 0.000164 
3380.000000 0.000164 
3381.000000 0.000164 
3382.000000 0.000164 
3383.000000 0.000164 
3384.000000 0.000165 
3385.000000 0.000165 
3386.000000 0.000165 
3387.000000 0.000165 
3388.000000 0.000165 
3389.000000 0.000165 
3390.000000 0.000166 
3391.000000 0.000166 
3392.000000 0.000166 
3393.000000 0.000166 
3394.000000 0.000166 
3395.000000 0.000166 
3396.000000 0.000167 
3397.000000 0.000167 
3398.000000 0.000167 
3399.000000 0.000167 
3400.000000 0.000167 
3401.000000 0.000167 
3402.000000 0.000168 
3403.000000 0.000168 
3404.000000 0.000168 
3405.000000 0.000168 
3406.000000 0.000168 
3407.000000 0.000168 
3408.000000 0.000168 
3409.000000 0.000169 
3410.000000 0.000169 
3411.000000 0.000169 
3412.000000 0.000169 
3413.000000 0.000169 
3414.000000 0.000169 
3415.000000 0.000169 
3416.000000 0.000170 
3417.000000 0.000170 
3418.000000 0.000170 
3419.000000 0.000170 
3420.000000 0.000170 
3421.000000 0.000170 
3422.000000 0.000170 
3423.000000 0.000170 
3424.000000 0.000171 
3425.000000 0.000171 
3426.000000 0.000171 
3427.000000 0.000171 
3428.000000 0.000171 
3429.000000 0.000171 
3430.000000 0.000171 
3431.000000 0.000171 
3432.000000 0.000172 
3433.000000 0.000172 
3434.000000 0.000172 
3435.000000 0.000172 
3436.000000 0.000172 
3437.000000 0.000172 
3438.000000 0.000172 
3439.000000 0.000172 
3440.000000 0.000172 
3441.000000 0.000172 
3442.000000 0.000173 
3443.000000 0.000173 
3444.000000 0.000173 
3445.000000 0.000173 
3446.000000 0.000173 
3447.000000 0.000173 
3448.000000 0.000173 
3449.000000 0.000173 
3450.000000 0.000173 
3451.000000 0.000173 
3452.000000 0.000173 
3453.000000 0.000174 
3454.000000 0.000174 
3455.000000 0.000174 
3456.000000 0.000174 
3457.000000 0.000174 
3458.000000 0.000174 
3459.000000 0.000174 
3460.000000 0.000174 
3461.000000 0.000174 
3462.000000 0.000174 
3463.000000 0.000174 
3464.000000 0.000174 
3465.000000 0.000174 
3466.000000 0.000175 
3467.000000 0.000175 
3468.000000 0.000175 
3469.000000 0.000175 
3470.000000 0.000175 
3471.000000 0.000175 
3472.000000 0.000175 
3473.000000 0.000175 
3474.000000 0.000175 
3475.000000 0.000175 
3476.000000 0.000175 
3477.000000 0.000175 
3478.000000 0.000175 
3479.000000 0.000175 
3480.000000 0.000175 
3481.000000 0.000175 
3482.000000 0.000176 
3483.000000 0.000176 
3484.000000 0.000176 
3485.000000 0.000176 
3486.000000 0.000176 
3487.000000 0.000176 
3488.000000 0.000176 
3489.000000 0.000176 
3490.000000 0.000176 
3491.000000 0.000176 
3492.000000 0.000176 
3493.000000 0.000176 
3494.000000 0.000176 
3495.000000 0.000176 
3496.000000 0.000176 
3497.000000 0.000176 
3498.000000 0.000176 
3499.000000 0.000176 
3500.000000 0.000176 
3501.000000 0.000176 
3502.000000 0.000176 
3503.000000 0.000176 
3504.000000 0.000176 
3505.000000 0.000176 
3506.000000 0.000177 
3507.000000 0.000177 
3508.000000 0.000177 
3509.000000 0.000177 
3510.000000 0.000177 
3511.000000 0.000177 
3512.000000 0.000177 
3513.000000 0.000177 
3514.000000 0.000177 
3515.000000 0.000177 
3516.000000 0.000177 
3517.000000 0.000177 
3518.000000 0.000177 
3519.000000 0.000177 
3520.000000 0.000177 
3521.000000 0.000177 
3522.000000 0.000177 
3523.000000 0.000177 
3524.000000 0.000177 
3525.000000 0.000177 
3526.000000 0.000177 
3527.000000 0.000177 
3528.000000 0.000177 
3529.000000 0.000177 
3530.000000 0.000177 
3531.000000 0.000177 
3532.000000 0.000177 
3533.000000 0.000177 
3534.000000 0.000177 
3535.000000 0.000177 
3536.000000 0.000177 
3537.000000 0.000177 
3538.000000 0.000177 
3539.000000 0.000177 
3540.000000 0.000177 
3541.000000 0.000177 
3542.000000 0.000177 
3543.000000 0.000177 
3544.000000 0.000177 
3545.000000 0.000177 
3546.000000 0.000177 
3547.000000 0.000177 
3548.000000 0.000177 
3549.000000 0.000177 
3550.000000 0.000177 
3551.000000 0.000177 
3552.000000 0.000177 
3553.000000 0.000177 
3554.000000 0.000177 
3555.000000 0.000177 
3556.000000 0.000177 
3557.000000 0.000177 
3558.000000 0.000177 
3559.000000 0.000177 
3560.000000 0.000177 
3561.000000 0.000177 
3562.000000 0.000177 
3563.000000 0.000177 
3564.000000 0.000177 
3565.000000 0.000177 
3566.000000 0.000177 
3567.000000 0.000177 
3568.000000 0.000177 
3569.000000 0.000177 
3570.000000 0.000177 
3571.000000 0.000177 
3572.000000 0.000176 
3573.000000 0.000176 
3574.000000 0.000176 
3575.000000 0.000176 
3576.000000 0.000176 
3577.000000 0.000176 
3578.000000 0.000176 
3579.000000 0.000176 
3580.000000 0.000176 
3581.000000 0.000176 
3582.000000 0.000176 
3583.000000 0.000176 
3584.000000 0.000176 
3585.000000 0.000176 
3586.000000 0.000176 
3587.000000 0.000176 
3588.000000 0.000176 
3589.000000 0.000176 
3590.000000 0.000176 
3591.000000 0.000176 
3592.000000 0.000176 
3593.000000 0.000176 
3594.000000 0.000176 
3595.000000 0.000176 
3596.000000 0.000176 
3597.000000 0.000175 
3598.000000 0.000175 
3599.000000 0.000175 
3600.000000 0.000175 
3601.000000 0.000175 
3602.000000 0.000175 
3603.000000 0.000175 
3604.000000 0.000175 
3605.000000 0.000175 
3606.000000 0.000175 
3607.000000 0.000175 
3608.000000 0.000175 
3609.000000 0.000175 
3610.000000 0.000175 
3611.000000 0.000175 
3612.000000 0.000175 
3613.000000 0.000175 
3614.000000 0.000174 
3615.000000 0.000174 
3616.000000 0.000174 
3617.000000 0.000174 
3618.000000 0.000174 
3619.000000 0.000174 
3620.000000 0.000174 
3621.000000 0.000174 
3622.000000 0.000174 
3623.000000 0.000174 
3624.000000 0.000174 
3625.000000 0.000174 
3626.000000 0.000174 
3627.000000 0.000174 
3628.000000 0.000174 
3629.000000 0.000174 
3630.000000 0.000173 
3631.000000 0.000173 
3632.000000 0.000173 
3633.000000 0.000173 
3634.000000 0.000173 
3635.000000 0.000173 
3636.000000 0.000173 
3637.000000 0.000173 
3638.000000 0.000173 
3639.000000 0.000173 
3640.000000 0.000173 
3641.000000 0.000173 
3642.000000 0.000173 
3643.000000 0.000172 
3644.000000 0.000172 
3645.000000 0.000172 
3646.000000 0.000172 
3647.000000 0.000172 
3648.000000 0.000172 
3649.000000 0.000172 
3650.000000 0.000172 
3651.000000 0.000172 
3652.000000 0.000172 
3653.000000 0.000172 
3654.000000 0.000172 
3655.000000 0.000172 
3656.000000 0.000171 
3657.000000 0.000171 
3658.000000 0.000171 
3659.000000 0.000171 
3660.000000 0.000171 
3661.000000 0.000171 
3662.000000 0.000171 
3663.000000 0.000171 
3664.000000 0.000171 
3665.000000 0.000171 
3666.000000 0.000171 
3667.000000 0.000171 
3668.000000 0.000171 
3669.000000 0.000170 
3670.000000 0.000170 
3671.000000 0.000170 
3672.000000 0.000170 
3673.000000 0.000170 
3674.000000 0.000170 
3675.000000 0.000170 
3676.000000 0.000170 
3677.000000 0.000170 
3678.000000 0.000170 
3679.000000 0.000170 
3680.000000 0.000170 
3681.000000 0.000169 
3682.000000 0.000169 
3683.000000 0.000169 
3684.000000 0.000169 
3685.000000 0.000169 
3686.000000 0.000169 
3687.000000 0.000169 
3688.000000 0.000169 
3689.000000 0.000169 
3690.000000 0.000169 
3691.000000 0.000169 
3692.000000 0.000168 
3693.000000 0.000168 
3694.000000 0.000168 
3695.000000 0.000168 
3696.000000 0.000168 
3697.000000 0.000168 
3698.000000 0.000168 
3699.000000 0.000168 
3700.000000 0.000168 
3701.000000 0.000168 
3702.000000 0.000168 
3703.000000 0.000167 
3704.000000 0.000167 
3705.000000 0.000167 
3706.000000 0.000167 
3707.000000 0.000167 
3708.000000 0.000167 
3709.000000 0.000167 
3710.000000 0.000167 
3711.000000 0.000167 
3712.000000 0.000167 
3713.000000 0.000166 
3714.000000 0.000166 
3715.000000 0.000166 
3716.000000 0.000166 
3717.000000 0.000166 
3718.000000 0.000166 
3719.000000 0.000166 
3720.000000 0.000166 
3721.000000 0.000166 
3722.000000 0.000166 
3723.000000 0.000165 
3724.000000 0.000165 
3725.000000 0.000165 
3726.000000 0.000165 
3727.000000 0.000165 
3728.000000 0.000165 
3729.000000 0.000165 
3730.000000 0.000165 
3731.000000 0.000165 
3732.000000 0.000164 
3733.000000 0.000164 
3734.000000 0.000164 
3735.000000 0.000164 
3736.000000 0.000164 
3737.000000 0.000164 
3738.000000 0.000164 
3739.000000 0.000164 
3740.000000 0.000164 
3741.000000 0.000163 
3742.000000 0.000163 
3743.000000 0.000163 
3744.000000 0.000163 
3745.000000 0.000163 
3746.000000 0.000163 
3747.000000 0.000163 
3748.000000 0.000163 
3749.000000 0.000163 
3750.000000 0.000162 
3751.000000 0.000162 
3752.000000 0.000162 
3753.000000 0.000162 
3754.000000 0.000162 
3755.000000 0.000162 
3756.000000 0.000162 
3757.000000 0.000162 
3758.000000 0.000161 
3759.000000 0.000161 
3760.000000 0.000161 
3761.000000 0.000161 
3762.000000 0.000161 
3763.000000 0.000161 
3764.000000 0.000161 
3765.000000 0.000161 
3766.000000 0.000160 
3767.000000 0.000160 
3768.000000 0.000160 
3769.000000 0.000160 
3770.000000 0.000160 
3771.000000 0.000160 
3772.000000 0.000160 
3773.000000 0.000159 
3774.000000 0.000159 
3775.000000 0.000159 
3776.000000 0.000159 
3777.000000 0.000159 
3778.000000 0.000159 
3779.000000 0.000159 
3780.000000 0.000159 
3781.000000 0.000158 
3782.000000 0.000158 
3783.000000 0.000158 
3784.000000 0.000158 
3785.000000 0.000158 
3786.000000 0.000158 
3787.000000 0.000158 
3788.000000 0.000157 
3789.000000 0.000157 
3790.000000 0.000157 
3791.000000 0.000157 
3792.000000 0.000157 
3793.000000 0.000157 
3794.000000 0.000157 
3795.000000 0.000156 
3796.000000 0.000156 
3797.000000 0.000156 
3798.000000 0.000156 
3799.000000 0.000156 
3800.000000 0.000156 
3801.000000 0.000156 
3802.000000 0.000155 
3803.000000 0.000155 
3804.000000 0.000155 
3805.000000 0.000155 
3806.000000 0.000155 
3807.000000 0.000155 
3808.000000 0.000155 
3809.000000 0.000154 
3810.000000 0.000154 
3811.000000 0.000154 
3812.000000 0.000154 
3813.000000 0.000154 
3814.000000 0.000154 
3815.000000 0.000154 
3816.000000 0.000153 
3817.000000 0.000153 
3818.000000 0.000153 
3819.000000 0.000153 
3820.000000 0.000153 
3821.000000 0.000153 
3822.000000 0.000153 
3823.000000 0.000152 
3824.000000 0.000152 
3825.000000 0.000152 
3826.000000 0.000152 
3827.000000 0.000152 
3828.000000 0.000152 
3829.000000 0.000152 
3830.000000 0.000151 
3831.000000 0.000151 
3832.000000 0.000151 
3833.000000 0.000151 
3834.000000 0.000151 
3835.000000 0.000151 
3836.000000 0.000151 
3837.000000 0.000150 
3838.000000 0.000150 
3839.000000 0.000150 
3840.000000 0.000150 
3841.000000 0.000150 
3842.000000 0.000150 
3843.000000 0.000150 
3844.000000 0.000149 
3845.000000 0.000149 
3846.000000 0.000149 
3847.000000 0.000149 
3848.000000 0.000149 
3849.000000 0.000149 
3850.000000 0.000149 
3851.000000 0.000148 
3852.000000 0.000148 
3853.000000 0.000148 
3854.000000 0.000148 
3855.000000 0.000148 
3856.000000 0.000148 
3857.000000 0.000148 
3858.000000 0.000148 
3859.000000 0.000147 
3860.000000 0.000147 
3861.000000 0.000147 
3862.000000 0.000147 
3863.000000 0.000147 
3864.000000 0.000147 
3865.000000 0.000147 
3866.000000 0.000146 
3867.000000 0.000146 
3868.000000 0.000146 
3869.000000 0.000146 
3870.000000 0.000146 
3871.000000 0.000146 
3872.000000 0.000146 
3873.000000 0.000146 
3874.000000 0.000145 
3875.000000 0.000145 
3876.000000 0.000145 
3877.000000 0.000145 
3878.000000 0.000145 
3879.000000 0.000145 
3880.000000 0.000145 
3881.000000 0.000145 
3882.000000 0.000145 
3883.000000 0.000144 
3884.000000 0.000144 
3885.000000 0.000144 
3886.000000 0.000144 
3887.000000 0.000144 
3888.000000 0.000144 
3889.000000 0.000144 
3890.000000 0.000144 
3891.000000 0.000143 
3892.000000 0.000143 
3893.000000 0.000143 
3894.000000 0.000143 
3895.000000 0.000143 
3896.000000 0.000143 
3897.000000 0.000143 
3898.000000 0.000143 
3899.000000 0.000143 
3900.000000 0.000143 
3901.000000 0.000142 
3902.000000 0.000142 
3903.000000 0.000142 
3904.000000 0.000142 
3905.000000 0.000142 
3906.000000 0.000142 
3907.000000 0.000142 
3908.000000 0.000142 
3909.000000 0.000142 
3910.000000 0.000142 
3911.000000 0.000141 
3912.000000 0.000141 
3913.000000 0.000141 
3914.000000 0.000141 
3915.000000 0.000141 
3916.000000 0.000141 
3917.000000 0.000141 
3918.000000 0.000141 
3919.000000 0.000141 
3920.000000 0.000141 
3921.000000 0.000140 
3922.000000 0.000140 
3923.000000 0.000140 
3924.000000 0.000140 
3925.000000 0.000140 
3926.000000 0.000140 
3927.000000 0.000140 
3928.000000 0.000140 
3929.000000 0.000140 
3930.000000 0.000140 
3931.000000 0.000140 
3932.000000 0.000140 
3933.000000 0.000139 
3934.000000 0.000139 
3935.000000 0.000139 
3936.000000 0.000139 
3937.000000 0.000139 
3938.000000 0.000139 
3939.000000 0.000139 
3940.000000 0.000139 
3941.000000 0.000139 
3942.000000 0.000139 
3943.000000 0.000139 
3944.000000 0.000139 
3945.000000 0.000139 
3946.000000 0.000138 
3947.000000 0.000138 
3948.000000 0.000138 
3949.000000 0.000138 
3950.000000 0.000138 
3951.000000 0.000138 
3952.000000 0.000138 
3953.000000 0.000138 
3954.000000 0.000138 
3955.000000 0.000138 
3956.000000 0.000138 
3957.000000 0.000138 
3958.000000 0.000138 
3959.000000 0.000138 
3960.000000 0.000137 
3961.000000 0.000137 
3962.000000 0.000137 
3963.000000 0.000137 
3964.000000 0.000137 
3965.000000 0.000137 
3966.000000 0.000137 
3967.000000 0.000137 
3968.000000 0.000137 
3969.000000 0.000137 
3970.000000 0.000137 
3971.000000 0.000137 
3972.000000 0.000137 
3973.000000 0.000137 
3974.000000 0.000137 
3975.000000 0.000137 
3976.000000 0.000137 
3977.000000 0.000137 
3978.000000 0.000137 
3979.000000 0.000136 
3980.000000 0.000136 
3981.000000 0.000136 
3982.000000 0.000136 
3983.000000 0.000136 
3984.000000 0.000136 
3985.000000 0.000136 
3986.000000 0.000136 
3987.000000 0.000136 
3988.000000 0.000136 
3989.000000 0.000136 
3990.000000 0.000136 
3991.000000 0.000136 
3992.000000 0.000136 
3993.000000 0.000136 
3994.000000 0.000136 
3995.000000 0.000136 
3996.000000 0.000136 
3997.000000 0.000136 
3998.000000 0.000136 
3999.000000 0.000136 
4000.000000 0.000136 
