0.000000 1.000000 
1.000000 1.000000 
2.000000 0.999998 
3.000000 0.999996 
4.000000 0.999993 
5.000000 0.999989 
6.000000 0.999985 
7.000000 0.999980 
8.000000 0.999974 
9.000000 0.999968 
10.000000 0.999960 
11.000000 0.999952 
12.000000 0.999944 
13.000000 0.999935 
14.000000 0.999924 
15.000000 0.999914 
16.000000 0.999902 
17.000000 0.999890 
18.000000 0.999877 
19.000000 0.999863 
20.000000 0.999849 
21.000000 0.999834 
22.000000 0.999818 
23.000000 0.999802 
24.000000 0.999784 
25.000000 0.999766 
26.000000 0.999748 
27.000000 0.999728 
28.000000 0.999708 
29.000000 0.999688 
30.000000 0.999666 
31.000000 0.999644 
32.000000 0.999621 
33.000000 0.999598 
34.000000 0.999573 
35.000000 0.999548 
36.000000 0.999523 
37.000000 0.999497 
38.000000 0.999470 
39.000000 0.999442 
40.000000 0.999413 
41.000000 0.999384 
42.000000 0.999354 
43.000000 0.999323 
44.000000 0.999292 
45.000000 0.999260 
46.000000 0.999228 
47.000000 0.999194 
48.000000 0.999160 
49.000000 0.999126 
50.000000 0.999090 
51.000000 0.999054 
52.000000 0.999018 
53.000000 0.998980 
54.000000 0.998942 
55.000000 0.998903 
56.000000 0.998864 
57.000000 0.998824 
58.000000 0.998783 
59.000000 0.998741 
60.000000 0.998699 
61.000000 0.998656 
62.000000 0.998613 
63.000000 0.998569 
64.000000 0.998524 
65.000000 0.998479 
66.000000 0.998433 
67.000000 0.998386 
68.000000 0.998338 
69.000000 0.998290 
70.000000 0.998242 
71.000000 0.998192 
72.000000 0.998142 
73.000000 0.998091 
74.000000 0.998040 
75.000000 0.997988 
76.000000 0.997936 
77.000000 0.997882 
78.000000 0.997828 
79.000000 0.997774 
80.000000 0.997719 
81.000000 0.997663 
82.000000 0.997607 
83.000000 0.997550 
84.000000 0.997492 
85.000000 0.997434 
86.000000 0.997375 
87.000000 0.997315 
88.000000 0.997255 
89.000000 0.997194 
90.000000 0.997133 
91.000000 0.997071 
92.000000 0.997008 
93.000000 0.996945 
94.000000 0.996881 
95.000000 0.996816 
96.000000 0.996751 
97.000000 0.996685 
98.000000 0.996619 
99.000000 0.996552 
100.000000 0.996485 
101.000000 0.996417 
102.000000 0.996348 
103.000000 0.996279 
104.000000 0.996209 
105.000000 0.996138 
106.000000 0.996067 
107.000000 0.995995 
108.000000 0.995923 
109.000000 0.995850 
110.000000 0.995777 
111.000000 0.995703 
112.000000 0.995628 
113.000000 0.995553 
114.000000 0.995477 
115.000000 0.995401 
116.000000 0.995324 
117.000000 0.995246 
118.000000 0.995168 
119.000000 0.995090 
120.000000 0.995010 
121.000000 0.994930 
122.000000 0.994850 
123.000000 0.994769 
124.000000 0.994688 
125.000000 0.994606 
126.000000 0.994523 
127.000000 0.994440 
128.000000 0.994356 
129.000000 0.994272 
130.000000 0.994187 
131.000000 0.994101 
132.000000 0.994015 
133.000000 0.993929 
134.000000 0.993842 
135.000000 0.993754 
136.000000 0.993666 
137.000000 0.993577 
138.000000 0.993488 
139.000000 0.993398 
140.000000 0.993308 
141.000000 0.993217 
142.000000 0.993125 
143.000000 0.993033 
144.000000 0.992941 
145.000000 0.992848 
146.000000 0.992754 
147.000000 0.992660 
148.000000 0.992565 
149.000000 0.992470 
150.000000 0.992374 
151.000000 0.992278 
152.000000 0.992181 
153.000000 0.992083 
154.000000 0.991985 
155.000000 0.991887 
156.000000 0.991788 
157.000000 0.991689 
158.000000 0.991588 
159.000000 0.991488 
160.000000 0.991387 
161.000000 0.991285 
162.000000 0.991183 
163.000000 0.991080 
164.000000 0.990977 
165.000000 0.990873 
166.000000 0.990769 
167.000000 0.990664 
168.000000 0.990559 
169.000000 0.990453 
170.000000 0.990347 
171.000000 0.990240 
172.000000 0.990132 
173.000000 0.990024 
174.000000 0.989916 
175.000000 0.989807 
176.000000 0.989697 
177.000000 0.989587 
178.000000 0.989477 
179.000000 0.989366 
180.000000 0.989254 
181.000000 0.989142 
182.000000 0.989030 
183.000000 0.988916 
184.000000 0.988803 
185.000000 0.988688 
186.000000 0.988574 
187.000000 0.988459 
188.000000 0.988343 
189.000000 0.988227 
190.000000 0.988110 
191.000000 0.987993 
192.000000 0.987875 
193.000000 0.987756 
194.000000 0.987638 
195.000000 0.987518 
196.000000 0.987398 
197.000000 0.987278 
198.000000 0.987157 
199.000000 0.987036 
200.000000 0.986914 
201.000000 0.986791 
202.000000 0.986668 
203.000000 0.986545 
204.000000 0.986421 
205.000000 0.986296 
206.000000 0.986171 
207.000000 0.986045 
208.000000 0.985919 
209.000000 0.985793 
210.000000 0.985666 
211.000000 0.985538 
212.000000 0.985410 
213.000000 0.985281 
214.000000 0.985152 
215.000000 0.985022 
216.000000 0.984892 
217.000000 0.984761 
218.000000 0.984630 
219.000000 0.984498 
220.000000 0.984366 
221.000000 0.984233 
222.000000 0.984100 
223.000000 0.983966 
224.000000 0.983832 
225.000000 0.983697 
226.000000 0.983561 
227.000000 0.983425 
228.000000 0.983289 
229.000000 0.983152 
230.000000 0.983014 
231.000000 0.982876 
232.000000 0.982738 
233.000000 0.982599 
234.000000 0.982459 
235.000000 0.982319 
236.000000 0.982178 
237.000000 0.982037 
238.000000 0.981895 
239.000000 0.981753 
240.000000 0.981611 
241.000000 0.981467 
242.000000 0.981324 
243.000000 0.981179 
244.000000 0.981035 
245.000000 0.980889 
246.000000 0.980743 
247.000000 0.980597 
248.000000 0.980450 
249.000000 0.980303 
250.000000 0.980155 
251.000000 0.980006 
252.000000 0.979857 
253.000000 0.979708 
254.000000 0.979558 
255.000000 0.979407 
256.000000 0.979256 
257.000000 0.979104 
258.000000 0.978952 
259.000000 0.978799 
260.000000 0.978646 
261.000000 0.978493 
262.000000 0.978338 
263.000000 0.978184 
264.000000 0.978028 
265.000000 0.977872 
266.000000 0.977716 
267.000000 0.977559 
268.000000 0.977402 
269.000000 0.977244 
270.000000 0.977085 
271.000000 0.976926 
272.000000 0.976767 
273.000000 0.976607 
274.000000 0.976446 
275.000000 0.976285 
276.000000 0.976124 
277.000000 0.975961 
278.000000 0.975799 
279.000000 0.975636 
280.000000 0.975472 
281.000000 0.975308 
282.000000 0.975143 
283.000000 0.974977 
284.000000 0.974812 
285.000000 0.974645 
286.000000 0.974479 
287.000000 0.974311 
288.000000 0.974143 
289.000000 0.973975 
290.000000 0.973806 
291.000000 0.973636 
292.000000 0.973466 
293.000000 0.973296 
294.000000 0.973125 
295.000000 0.972953 
296.000000 0.972781 
297.000000 0.972608 
298.000000 0.972435 
299.000000 0.972262 
300.000000 0.972087 
301.000000 0.971913 
302.000000 0.971738 
303.000000 0.971562 
304.000000 0.971386 
305.000000 0.971209 
306.000000 0.971031 
307.000000 0.970854 
308.000000 0.970675 
309.000000 0.970496 
310.000000 0.970317 
311.000000 0.970137 
312.000000 0.969957 
313.000000 0.969776 
314.000000 0.969594 
315.000000 0.969412 
316.000000 0.969230 
317.000000 0.969047 
318.000000 0.968863 
319.000000 0.968679 
320.000000 0.968494 
321.000000 0.968309 
322.000000 0.968124 
323.000000 0.967938 
324.000000 0.967751 
325.000000 0.967564 
326.000000 0.967376 
327.000000 0.967188 
328.000000 0.966999 
329.000000 0.966810 
330.000000 0.966621 
331.000000 0.966430 
332.000000 0.966240 
333.000000 0.966048 
334.000000 0.965857 
335.000000 0.965664 
336.000000 0.965472 
337.000000 0.965278 
338.000000 0.965085 
339.000000 0.964890 
340.000000 0.964696 
341.000000 0.964500 
342.000000 0.964305 
343.000000 0.964108 
344.000000 0.963911 
345.000000 0.963714 
346.000000 0.963516 
347.000000 0.963318 
348.000000 0.963119 
349.000000 0.962920 
350.000000 0.962720 
351.000000 0.962520 
352.000000 0.962319 
353.000000 0.962118 
354.000000 0.961916 
355.000000 0.961713 
356.000000 0.961511 
357.000000 0.961307 
358.000000 0.961104 
359.000000 0.960899 
360.000000 0.960694 
361.000000 0.960489 
362.000000 0.960283 
363.000000 0.960077 
364.000000 0.959870 
365.000000 0.959663 
366.000000 0.959455 
367.000000 0.959247 
368.000000 0.959038 
369.000000 0.958829 
370.000000 0.958619 
371.000000 0.958409 
372.000000 0.958198 
373.000000 0.957987 
374.000000 0.957776 
375.000000 0.957564 
376.000000 0.957351 
377.000000 0.957138 
378.000000 0.956924 
379.000000 0.956710 
380.000000 0.956495 
381.000000 0.956280 
382.000000 0.956065 
383.000000 0.955849 
384.000000 0.955632 
385.000000 0.955415 
386.000000 0.955198 
387.000000 0.954980 
388.000000 0.954761 
389.000000 0.954543 
390.000000 0.954323 
391.000000 0.954103 
392.000000 0.953883 
393.000000 0.953662 
394.000000 0.953441 
395.000000 0.953219 
396.000000 0.952997 
397.000000 0.952774 
398.000000 0.952551 
399.000000 0.952327 
400.000000 0.952103 
401.000000 0.951878 
402.000000 0.951653 
403.000000 0.951428 
404.000000 0.951202 
405.000000 0.950975 
406.000000 0.950748 
407.000000 0.950521 
408.000000 0.950293 
409.000000 0.950065 
410.000000 0.949836 
411.000000 0.949606 
412.000000 0.949377 
413.000000 0.949146 
414.000000 0.948916 
415.000000 0.948684 
416.000000 0.948453 
417.000000 0.948221 
418.000000 0.947988 
419.000000 0.947755 
420.000000 0.947522 
421.000000 0.947288 
422.000000 0.947053 
423.000000 0.946818 
424.000000 0.946583 
425.000000 0.946347 
426.000000 0.946111 
427.000000 0.945874 
428.000000 0.945637 
429.000000 0.945399 
430.000000 0.945161 
431.000000 0.944923 
432.000000 0.944684 
433.000000 0.944444 
434.000000 0.944204 
435.000000 0.943964 
436.000000 0.943723 
437.000000 0.943482 
438.000000 0.943240 
439.000000 0.942998 
440.000000 0.942755 
441.000000 0.942512 
442.000000 0.942268 
443.000000 0.942024 
444.000000 0.941780 
445.000000 0.941535 
446.000000 0.941289 
447.000000 0.941043 
448.000000 0.940797 
449.000000 0.940550 
450.000000 0.940303 
451.000000 0.940056 
452.000000 0.939807 
453.000000 0.939559 
454.000000 0.939310 
455.000000 0.939061 
456.000000 0.938811 
457.000000 0.938560 
458.000000 0.938309 
459.000000 0.938058 
460.000000 0.937806 
461.000000 0.937554 
462.000000 0.937302 
463.000000 0.937049 
464.000000 0.936795 
465.000000 0.936541 
466.000000 0.936287 
467.000000 0.936032 
468.000000 0.935777 
469.000000 0.935521 
470.000000 0.935265 
471.000000 0.935008 
472.000000 0.934751 
473.000000 0.934494 
474.000000 0.934236 
475.000000 0.933978 
476.000000 0.933719 
477.000000 0.933460 
478.000000 0.933200 
479.000000 0.932940 
480.000000 0.932679 
481.000000 0.932418 
482.000000 0.932157 
483.000000 0.931895 
484.000000 0.931633 
485.000000 0.931370 
486.000000 0.931107 
487.000000 0.930843 
488.000000 0.930579 
489.000000 0.930315 
490.000000 0.930050 
491.000000 0.929784 
492.000000 0.929519 
493.000000 0.929252 
494.000000 0.928986 
495.000000 0.928719 
496.000000 0.928451 
497.000000 0.928183 
498.000000 0.927915 
499.000000 0.927646 
500.000000 0.927377 
501.000000 0.927107 
502.000000 0.926837 
503.000000 0.926566 
504.000000 0.926295 
505.000000 0.926024 
506.000000 0.925752 
507.000000 0.925480 
508.000000 0.925207 
509.000000 0.924934 
510.000000 0.924660 
511.000000 0.924387 
512.000000 0.924112 
513.000000 0.923837 
514.000000 0.923562 
515.000000 0.923286 
516.000000 0.923010 
517.000000 0.922734 
518.000000 0.922457 
519.000000 0.922180 
520.000000 0.921902 
521.000000 0.921624 
522.000000 0.921345 
523.000000 0.921066 
524.000000 0.920786 
525.000000 0.920507 
526.000000 0.920226 
527.000000 0.919946 
528.000000 0.919664 
529.000000 0.919383 
530.000000 0.919101 
531.000000 0.918818 
532.000000 0.918536 
533.000000 0.918252 
534.000000 0.917969 
535.000000 0.917685 
536.000000 0.917400 
537.000000 0.917115 
538.000000 0.916830 
539.000000 0.916544 
540.000000 0.916258 
541.000000 0.915972 
542.000000 0.915685 
543.000000 0.915397 
544.000000 0.915110 
545.000000 0.914822 
546.000000 0.914533 
547.000000 0.914244 
548.000000 0.913955 
549.000000 0.913665 
550.000000 0.913375 
551.000000 0.913084 
552.000000 0.912793 
553.000000 0.912501 
554.000000 0.912210 
555.000000 0.911917 
556.000000 0.911625 
557.000000 0.911332 
558.000000 0.911038 
559.000000 0.910744 
560.000000 0.910450 
561.000000 0.910155 
562.000000 0.909860 
563.000000 0.909565 
564.000000 0.909269 
565.000000 0.908973 
566.000000 0.908676 
567.000000 0.908379 
568.000000 0.908082 
569.000000 0.907784 
570.000000 0.907485 
571.000000 0.907187 
572.000000 0.906888 
573.000000 0.906588 
574.000000 0.906289 
575.000000 0.905988 
576.000000 0.905688 
577.000000 0.905387 
578.000000 0.905085 
579.000000 0.904784 
580.000000 0.904481 
581.000000 0.904179 
582.000000 0.903876 
583.000000 0.903573 
584.000000 0.903269 
585.000000 0.902965 
586.000000 0.902660 
587.000000 0.902355 
588.000000 0.902050 
589.000000 0.901744 
590.000000 0.901438 
591.000000 0.901132 
592.000000 0.900825 
593.000000 0.900518 
594.000000 0.900210 
595.000000 0.899902 
596.000000 0.899594 
597.000000 0.899285 
598.000000 0.898976 
599.000000 0.898667 
600.000000 0.898357 
601.000000 0.898046 
602.000000 0.897736 
603.000000 0.897425 
604.000000 0.897113 
605.000000 0.896801 
606.000000 0.896489 
607.000000 0.896177 
608.000000 0.895864 
609.000000 0.895551 
610.000000 0.895237 
611.000000 0.894923 
612.000000 0.894608 
613.000000 0.894294 
614.000000 0.893979 
615.000000 0.893663 
616.000000 0.893347 
617.000000 0.893031 
618.000000 0.892714 
619.000000 0.892397 
620.000000 0.892080 
621.000000 0.891762 
622.000000 0.891444 
623.000000 0.891125 
624.000000 0.890807 
625.000000 0.890487 
626.000000 0.890168 
627.000000 0.889848 
628.000000 0.889528 
629.000000 0.889207 
630.000000 0.888886 
631.000000 0.888565 
632.000000 0.888243 
633.000000 0.887920 
634.000000 0.887598 
635.000000 0.887275 
636.000000 0.886952 
637.000000 0.886628 
638.000000 0.886304 
639.000000 0.885980 
640.000000 0.885655 
641.000000 0.885330 
642.000000 0.885005 
643.000000 0.884679 
644.000000 0.884353 
645.000000 0.884027 
646.000000 0.883700 
647.000000 0.883373 
648.000000 0.883045 
649.000000 0.882717 
650.000000 0.882389 
651.000000 0.882061 
652.000000 0.881732 
653.000000 0.881402 
654.000000 0.881073 
655.000000 0.880743 
656.000000 0.880412 
657.000000 0.880082 
658.000000 0.879751 
659.000000 0.879419 
660.000000 0.879087 
661.000000 0.878755 
662.000000 0.878423 
663.000000 0.878090 
664.000000 0.877757 
665.000000 0.877423 
666.000000 0.877090 
667.000000 0.876755 
668.000000 0.876421 
669.000000 0.876086 
670.000000 0.875751 
671.000000 0.875415 
672.000000 0.875079 
673.000000 0.874743 
674.000000 0.874406 
675.000000 0.874069 
676.000000 0.873732 
677.000000 0.873394 
678.000000 0.873056 
679.000000 0.872718 
680.000000 0.872379 
681.000000 0.872040 
682.000000 0.871701 
683.000000 0.871361 
684.000000 0.871021 
685.000000 0.870681 
686.000000 0.870340 
687.000000 0.869999 
688.000000 0.869658 
689.000000 0.869316 
690.000000 0.868974 
691.000000 0.868632 
692.000000 0.868289 
693.000000 0.867946 
694.000000 0.867603 
695.000000 0.867259 
696.000000 0.866915 
697.000000 0.866570 
698.000000 0.866225 
699.000000 0.865880 
700.000000 0.865535 
701.000000 0.865189 
702.000000 0.864843 
703.000000 0.864497 
704.000000 0.864150 
705.000000 0.863803 
706.000000 0.863456 
707.000000 0.863108 
708.000000 0.862760 
709.000000 0.862412 
710.000000 0.862063 
711.000000 0.861714 
712.000000 0.861365 
713.000000 0.861015 
714.000000 0.860665 
715.000000 0.860314 
716.000000 0.859964 
717.000000 0.859613 
718.000000 0.859262 
719.000000 0.858910 
720.000000 0.858558 
721.000000 0.858206 
722.000000 0.857853 
723.000000 0.857500 
724.000000 0.857147 
725.000000 0.856794 
726.000000 0.856440 
727.000000 0.856086 
728.000000 0.855731 
729.000000 0.855376 
730.000000 0.855021 
731.000000 0.854665 
732.000000 0.854310 
733.000000 0.853954 
734.000000 0.853597 
735.000000 0.853240 
736.000000 0.852883 
737.000000 0.852526 
738.000000 0.852168 
739.000000 0.851811 
740.000000 0.851452 
741.000000 0.851094 
742.000000 0.850735 
743.000000 0.850376 
744.000000 0.850016 
745.000000 0.849656 
746.000000 0.849296 
747.000000 0.848935 
748.000000 0.848575 
749.000000 0.848213 
750.000000 0.847852 
751.000000 0.847490 
752.000000 0.847128 
753.000000 0.846766 
754.000000 0.846404 
755.000000 0.846041 
756.000000 0.845677 
757.000000 0.845314 
758.000000 0.844950 
759.000000 0.844586 
760.000000 0.844221 
761.000000 0.843857 
762.000000 0.843492 
763.000000 0.843126 
764.000000 0.842761 
765.000000 0.842395 
766.000000 0.842028 
767.000000 0.841662 
768.000000 0.841295 
769.000000 0.840928 
770.000000 0.840560 
771.000000 0.840193 
772.000000 0.839825 
773.000000 0.839456 
774.000000 0.839088 
775.000000 0.838719 
776.000000 0.838350 
777.000000 0.837980 
778.000000 0.837610 
779.000000 0.837240 
780.000000 0.836870 
781.000000 0.836499 
782.000000 0.836128 
783.000000 0.835757 
784.000000 0.835386 
785.000000 0.835014 
786.000000 0.834642 
787.000000 0.834269 
788.000000 0.833897 
789.000000 0.833524 
790.000000 0.833150 
791.000000 0.832777 
792.000000 0.832403 
793.000000 0.832029 
794.000000 0.831654 
795.000000 0.831280 
796.000000 0.830905 
797.000000 0.830530 
798.000000 0.830154 
799.000000 0.829778 
800.000000 0.829402 
801.000000 0.829026 
802.000000 0.828649 
803.000000 0.828272 
804.000000 0.827895 
805.000000 0.827518 
806.000000 0.827140 
807.000000 0.826762 
808.000000 0.826384 
809.000000 0.826005 
810.000000 0.825626 
811.000000 0.825247 
812.000000 0.824868 
813.000000 0.824488 
814.000000 0.824108 
815.000000 0.823728 
816.000000 0.823347 
817.000000 0.822967 
818.000000 0.822586 
819.000000 0.822204 
820.000000 0.821823 
821.000000 0.821441 
822.000000 0.821059 
823.000000 0.820677 
824.000000 0.820294 
825.000000 0.819911 
826.000000 0.819528 
827.000000 0.819144 
828.000000 0.818761 
829.000000 0.818377 
830.000000 0.817992 
831.000000 0.817608 
832.000000 0.817223 
833.000000 0.816838 
834.000000 0.816453 
835.000000 0.816067 
836.000000 0.815682 
837.000000 0.815296 
838.000000 0.814909 
839.000000 0.814523 
840.000000 0.814136 
841.000000 0.813749 
842.000000 0.813361 
843.000000 0.812974 
844.000000 0.812586 
845.000000 0.812198 
846.000000 0.811810 
847.000000 0.811421 
848.000000 0.811032 
849.000000 0.810643 
850.000000 0.810254 
851.000000 0.809864 
852.000000 0.809474 
853.000000 0.809084 
854.000000 0.808694 
855.000000 0.808303 
856.000000 0.807912 
857.000000 0.807521 
858.000000 0.807130 
859.000000 0.806738 
860.000000 0.806346 
861.000000 0.805954 
862.000000 0.805562 
863.000000 0.805169 
864.000000 0.804777 
865.000000 0.804383 
866.000000 0.803990 
867.000000 0.803597 
868.000000 0.803203 
869.000000 0.802809 
870.000000 0.802415 
871.000000 0.802020 
872.000000 0.801625 
873.000000 0.801230 
874.000000 0.800835 
875.000000 0.800439 
876.000000 0.800044 
877.000000 0.799648 
878.000000 0.799252 
879.000000 0.798855 
880.000000 0.798459 
881.000000 0.798062 
882.000000 0.797665 
883.000000 0.797267 
884.000000 0.796870 
885.000000 0.796472 
886.000000 0.796074 
887.000000 0.795675 
888.000000 0.795277 
889.000000 0.794878 
890.000000 0.794479 
891.000000 0.794080 
892.000000 0.793680 
893.000000 0.793281 
894.000000 0.792881 
895.000000 0.792481 
896.000000 0.792080 
897.000000 0.791680 
898.000000 0.791279 
899.000000 0.790878 
900.000000 0.790477 
901.000000 0.790075 
902.000000 0.789673 
903.000000 0.789272 
904.000000 0.788869 
905.000000 0.788467 
906.000000 0.788064 
907.000000 0.787661 
908.000000 0.787258 
909.000000 0.786855 
910.000000 0.786452 
911.000000 0.786048 
912.000000 0.785644 
913.000000 0.785240 
914.000000 0.784836 
915.000000 0.784431 
916.000000 0.784026 
917.000000 0.783621 
918.000000 0.783216 
919.000000 0.782811 
920.000000 0.782405 
921.000000 0.781999 
922.000000 0.781593 
923.000000 0.781187 
924.000000 0.780780 
925.000000 0.780373 
926.000000 0.779967 
927.000000 0.779559 
928.000000 0.779152 
929.000000 0.778745 
930.000000 0.778337 
931.000000 0.777929 
932.000000 0.777521 
933.000000 0.777112 
934.000000 0.776704 
935.000000 0.776295 
936.000000 0.775886 
937.000000 0.775477 
938.000000 0.775067 
939.000000 0.774658 
940.000000 0.774248 
941.000000 0.773838 
942.000000 0.773427 
943.000000 0.773017 
944.000000 0.772606 
945.000000 0.772196 
946.000000 0.771785 
947.000000 0.771373 
948.000000 0.770962 
949.000000 0.770550 
950.000000 0.770139 
951.000000 0.769727 
952.000000 0.769314 
953.000000 0.768902 
954.000000 0.768489 
955.000000 0.768076 
956.000000 0.767663 
957.000000 0.767250 
958.000000 0.766837 
959.000000 0.766423 
960.000000 0.766010 
961.000000 0.765596 
962.000000 0.765181 
963.000000 0.764767 
964.000000 0.764353 
965.000000 0.763938 
966.000000 0.763523 
967.000000 0.763108 
968.000000 0.762693 
969.000000 0.762277 
970.000000 0.761861 
971.000000 0.761445 
972.000000 0.761029 
973.000000 0.760613 
974.000000 0.760197 
975.000000 0.759780 
976.000000 0.759363 
977.000000 0.758946 
978.000000 0.758529 
979.000000 0.758112 
980.000000 0.757695 
981.000000 0.757277 
982.000000 0.756859 
983.000000 0.756441 
984.000000 0.756023 
985.000000 0.755604 
986.000000 0.755186 
987.000000 0.754767 
988.000000 0.754348 
989.000000 0.753929 
990.000000 0.753510 
991.000000 0.753090 
992.000000 0.752671 
993.000000 0.752251 
994.000000 0.751831 
995.000000 0.751411 
996.000000 0.750990 
997.000000 0.750570 
998.000000 0.750149 
999.000000 0.749728 
1000.000000 0.749307 
1001.000000 0.748886 
1002.000000 0.748465 
1003.000000 0.748043 
1004.000000 0.747622 
1005.000000 0.747200 
1006.000000 0.746778 
1007.000000 0.746356 
1008.000000 0.745933 
1009.000000 0.745511 
1010.000000 0.745088 
1011.000000 0.744665 
1012.000000 0.744242 
1013.000000 0.743819 
1014.000000 0.743396 
1015.000000 0.742972 
1016.000000 0.742549 
1017.000000 0.742125 
1018.000000 0.741701 
1019.000000 0.741277 
1020.000000 0.740852 
1021.000000 0.740428 
1022.000000 0.740003 
1023.000000 0.739579 
1024.000000 0.739154 
1025.000000 0.738729 
1026.000000 0.738304 
1027.000000 0.737878 
1028.000000 0.737453 
1029.000000 0.737027 
1030.000000 0.736601 
1031.000000 0.736175 
1032.000000 0.735749 
1033.000000 0.735323 
1034.000000 0.734896 
1035.000000 0.734470 
1036.000000 0.734043 
1037.000000 0.733616 
1038.000000 0.733189 
1039.000000 0.732762 
1040.000000 0.732335 
1041.000000 0.731907 
1042.000000 0.731479 
1043.000000 0.731052 
1044.000000 0.730624 
1045.000000 0.730196 
1046.000000 0.729768 
1047.000000 0.729339 
1048.000000 0.728911 
1049.000000 0.728482 
1050.000000 0.728053 
1051.000000 0.727624 
1052.000000 0.727195 
1053.000000 0.726766 
1054.000000 0.726337 
1055.000000 0.725907 
1056.000000 0.725478 
1057.000000 0.725048 
1058.000000 0.724618 
1059.000000 0.724188 
1060.000000 0.723758 
1061.000000 0.723328 
1062.000000 0.722897 
1063.000000 0.722467 
1064.000000 0.722036 
1065.000000 0.721605 
1066.000000 0.721174 
1067.000000 0.720743 
1068.000000 0.720312 
1069.000000 0.719880 
1070.000000 0.719449 
1071.000000 0.719017 
1072.000000 0.718586 
1073.000000 0.718154 
1074.000000 0.717722 
1075.000000 0.717290 
1076.000000 0.716857 
1077.000000 0.716425 
1078.000000 0.715992 
1079.000000 0.715560 
1080.000000 0.715127 
1081.000000 0.714694 
1082.000000 0.714261 
1083.000000 0.713828 
1084.000000 0.713395 
1085.000000 0.712961 
1086.000000 0.712528 
1087.000000 0.712094 
1088.000000 0.711660 
1089.000000 0.711226 
1090.000000 0.710792 
1091.000000 0.710358 
1092.000000 0.709924 
1093.000000 0.709490 
1094.000000 0.709055 
1095.000000 0.708621 
1096.000000 0.708186 
1097.000000 0.707751 
1098.000000 0.707316 
1099.000000 0.706881 
1100.000000 0.706446 
1101.000000 0.706010 
1102.000000 0.705575 
1103.000000 0.705139 
1104.000000 0.704704 
1105.000000 0.704268 
1106.000000 0.703832 
1107.000000 0.703396 
1108.000000 0.702960 
1109.000000 0.702524 
1110.000000 0.702088 
1111.000000 0.701651 
1112.000000 0.701215 
1113.000000 0.700778 
1114.000000 0.700341 
1115.000000 0.699904 
1116.000000 0.699467 
1117.000000 0.699030 
1118.000000 0.698593 
1119.000000 0.698156 
1120.000000 0.697718 
1121.000000 0.697281 
1122.000000 0.696843 
1123.000000 0.696406 
1124.000000 0.695968 
1125.000000 0.695530 
1126.000000 0.695092 
1127.000000 0.694654 
1128.000000 0.694216 
1129.000000 0.693777 
1130.000000 0.693339 
1131.000000 0.692900 
1132.000000 0.692462 
1133.000000 0.692023 
1134.000000 0.691584 
1135.000000 0.691145 
1136.000000 0.690706 
1137.000000 0.690267 
1138.000000 0.689828 
1139.000000 0.689389 
1140.000000 0.688949 
1141.000000 0.688510 
1142.000000 0.688070 
1143.000000 0.687630 
1144.000000 0.687191 
1145.000000 0.686751 
1146.000000 0.686311 
1147.000000 0.685871 
1148.000000 0.685430 
1149.000000 0.684990 
1150.000000 0.684550 
1151.000000 0.684109 
1152.000000 0.683669 
1153.000000 0.683228 
1154.000000 0.682788 
1155.000000 0.682347 
1156.000000 0.681906 
1157.000000 0.681465 
1158.000000 0.681024 
1159.000000 0.680583 
1160.000000 0.680142 
1161.000000 0.679700 
1162.000000 0.679259 
1163.000000 0.678817 
1164.000000 0.678376 
1165.000000 0.677934 
1166.000000 0.677492 
1167.000000 0.677051 
1168.000000 0.676609 
1169.000000 0.676167 
1170.000000 0.675725 
1171.000000 0.675283 
1172.000000 0.674840 
1173.000000 0.674398 
1174.000000 0.673956 
1175.000000 0.673513 
1176.000000 0.673071 
1177.000000 0.672628 
1178.000000 0.672185 
1179.000000 0.671743 
1180.000000 0.671300 
1181.000000 0.670857 
1182.000000 0.670414 
1183.000000 0.669971 
1184.000000 0.669528 
1185.000000 0.669084 
1186.000000 0.668641 
1187.000000 0.668198 
1188.000000 0.667754 
1189.000000 0.667311 
1190.000000 0.666867 
1191.000000 0.666424 
1192.000000 0.665980 
1193.000000 0.665536 
1194.000000 0.665092 
1195.000000 0.664648 
1196.000000 0.664204 
1197.000000 0.663760 
1198.000000 0.663316 
1199.000000 0.662872 
1200.000000 0.662428 
1201.000000 0.661983 
1202.000000 0.661539 
1203.000000 0.661095 
1204.000000 0.660650 
1205.000000 0.660205 
1206.000000 0.659761 
1207.000000 0.659316 
1208.000000 0.658871 
1209.000000 0.658426 
1210.000000 0.657982 
1211.000000 0.657537 
1212.000000 0.657092 
1213.000000 0.656646 
1214.000000 0.656201 
1215.000000 0.655756 
1216.000000 0.655311 
1217.000000 0.654866 
1218.000000 0.654420 
1219.000000 0.653975 
1220.000000 0.653529 
1221.000000 0.653084 
1222.000000 0.652638 
1223.000000 0.652193 
1224.000000 0.651747 
1225.000000 0.651301 
1226.000000 0.650855 
1227.000000 0.650409 
1228.000000 0.649963 
1229.000000 0.649518 
1230.000000 0.649072 
1231.000000 0.648625 
1232.000000 0.648179 
1233.000000 0.647733 
1234.000000 0.647287 
1235.000000 0.646841 
1236.000000 0.646394 
1237.000000 0.645948 
1238.000000 0.645502 
1239.000000 0.645055 
1240.000000 0.644609 
1241.000000 0.644162 
1242.000000 0.643715 
1243.000000 0.643269 
1244.000000 0.642822 
1245.000000 0.642375 
1246.000000 0.641929 
1247.000000 0.641482 
1248.000000 0.641035 
1249.000000 0.640588 
1250.000000 0.640141 
1251.000000 0.639694 
1252.000000 0.639247 
1253.000000 0.638800 
1254.000000 0.638353 
1255.000000 0.637906 
1256.000000 0.637459 
1257.000000 0.637011 
1258.000000 0.636564 
1259.000000 0.636117 
1260.000000 0.635669 
1261.000000 0.635222 
1262.000000 0.634775 
1263.000000 0.634327 
1264.000000 0.633880 
1265.000000 0.633432 
1266.000000 0.632985 
1267.000000 0.632537 
1268.000000 0.632090 
1269.000000 0.631642 
1270.000000 0.631194 
1271.000000 0.630747 
1272.000000 0.630299 
1273.000000 0.629851 
1274.000000 0.629403 
1275.000000 0.628955 
1276.000000 0.628507 
1277.000000 0.628060 
1278.000000 0.627612 
1279.000000 0.627164 
1280.000000 0.626716 
1281.000000 0.626268 
1282.000000 0.625820 
1283.000000 0.625372 
1284.000000 0.624924 
1285.000000 0.624476 
1286.000000 0.624027 
1287.000000 0.623579 
1288.000000 0.623131 
1289.000000 0.622683 
1290.000000 0.622235 
1291.000000 0.621786 
1292.000000 0.621338 
1293.000000 0.620890 
1294.000000 0.620442 
1295.000000 0.619993 
1296.000000 0.619545 
1297.000000 0.619097 
1298.000000 0.618648 
1299.000000 0.618200 
1300.000000 0.617751 
1301.000000 0.617303 
1302.000000 0.616854 
1303.000000 0.616406 
1304.000000 0.615957 
1305.000000 0.615509 
1306.000000 0.615060 
1307.000000 0.614612 
1308.000000 0.614163 
1309.000000 0.613715 
1310.000000 0.613266 
1311.000000 0.612818 
1312.000000 0.612369 
1313.000000 0.611920 
1314.000000 0.611472 
1315.000000 0.611023 
1316.000000 0.610574 
1317.000000 0.610126 
1318.000000 0.609677 
1319.000000 0.609228 
1320.000000 0.608780 
1321.000000 0.608331 
1322.000000 0.607882 
1323.000000 0.607434 
1324.000000 0.606985 
1325.000000 0.606536 
1326.000000 0.606087 
1327.000000 0.605639 
1328.000000 0.605190 
1329.000000 0.604741 
1330.000000 0.604292 
1331.000000 0.603844 
1332.000000 0.603395 
1333.000000 0.602946 
1334.000000 0.602497 
1335.000000 0.602049 
1336.000000 0.601600 
1337.000000 0.601151 
1338.000000 0.600702 
1339.000000 0.600253 
1340.000000 0.599805 
1341.000000 0.599356 
1342.000000 0.598907 
1343.000000 0.598458 
1344.000000 0.598010 
1345.000000 0.597561 
1346.000000 0.597112 
1347.000000 0.596663 
1348.000000 0.596214 
1349.000000 0.595766 
1350.000000 0.595317 
1351.000000 0.594868 
1352.000000 0.594419 
1353.000000 0.593971 
1354.000000 0.593522 
1355.000000 0.593073 
1356.000000 0.592624 
1357.000000 0.592176 
1358.000000 0.591727 
1359.000000 0.591278 
1360.000000 0.590830 
1361.000000 0.590381 
1362.000000 0.589932 
1363.000000 0.589483 
1364.000000 0.589035 
1365.000000 0.588586 
1366.000000 0.588138 
1367.000000 0.587689 
1368.000000 0.587240 
1369.000000 0.586792 
1370.000000 0.586343 
1371.000000 0.585895 
1372.000000 0.585446 
1373.000000 0.584997 
1374.000000 0.584549 
1375.000000 0.584100 
1376.000000 0.583652 
1377.000000 0.583203 
1378.000000 0.582755 
1379.000000 0.582306 
1380.000000 0.581858 
1381.000000 0.581410 
1382.000000 0.580961 
1383.000000 0.580513 
1384.000000 0.580064 
1385.000000 0.579616 
1386.000000 0.579168 
1387.000000 0.578719 
1388.000000 0.578271 
1389.000000 0.577823 
1390.000000 0.577375 
1391.000000 0.576926 
1392.000000 0.576478 
1393.000000 0.576030 
1394.000000 0.575582 
1395.000000 0.575134 
1396.000000 0.574686 
1397.000000 0.574238 
1398.000000 0.573789 
1399.000000 0.573341 
1400.000000 0.572893 
1401.000000 0.572445 
1402.000000 0.571997 
1403.000000 0.571549 
1404.000000 0.571102 
1405.000000 0.570654 
1406.000000 0.570206 
1407.000000 0.569758 
1408.000000 0.569310 
1409.000000 0.568862 
1410.000000 0.568415 
1411.000000 0.567967 
1412.000000 0.567519 
1413.000000 0.567072 
1414.000000 0.566624 
1415.000000 0.566177 
1416.000000 0.565729 
1417.000000 0.565282 
1418.000000 0.564834 
1419.000000 0.564387 
1420.000000 0.563939 
1421.000000 0.563492 
1422.000000 0.563044 
1423.000000 0.562597 
1424.000000 0.562150 
1425.000000 0.561703 
1426.000000 0.561256 
1427.000000 0.560808 
1428.000000 0.560361 
1429.000000 0.559914 
1430.000000 0.559467 
1431.000000 0.559020 
1432.000000 0.558573 
1433.000000 0.558126 
1434.000000 0.557679 
1435.000000 0.557233 
1436.000000 0.556786 
1437.000000 0.556339 
1438.000000 0.555892 
1439.000000 0.555446 
1440.000000 0.554999 
1441.000000 0.554552 
1442.000000 0.554106 
1443.000000 0.553659 
1444.000000 0.553213 
1445.000000 0.552767 
1446.000000 0.552320 
1447.000000 0.551874 
1448.000000 0.551428 
1449.000000 0.550981 
1450.000000 0.550535 
1451.000000 0.550089 
1452.000000 0.549643 
1453.000000 0.549197 
1454.000000 0.548751 
1455.000000 0.548305 
1456.000000 0.547859 
1457.000000 0.547413 
1458.000000 0.546968 
1459.000000 0.546522 
1460.000000 0.546076 
1461.000000 0.545631 
1462.000000 0.545185 
1463.000000 0.544739 
1464.000000 0.544294 
1465.000000 0.543849 
1466.000000 0.543403 
1467.000000 0.542958 
1468.000000 0.542513 
1469.000000 0.542067 
1470.000000 0.541622 
1471.000000 0.541177 
1472.000000 0.540732 
1473.000000 0.540287 
1474.000000 0.539842 
1475.000000 0.539397 
1476.000000 0.538953 
1477.000000 0.538508 
1478.000000 0.538063 
1479.000000 0.537619 
1480.000000 0.537174 
1481.000000 0.536730 
1482.000000 0.536285 
1483.000000 0.535841 
1484.000000 0.535396 
1485.000000 0.534952 
1486.000000 0.534508 
1487.000000 0.534064 
1488.000000 0.533620 
1489.000000 0.533176 
1490.000000 0.532732 
1491.000000 0.532288 
1492.000000 0.531844 
1493.000000 0.531400 
1494.000000 0.530957 
1495.000000 0.530513 
1496.000000 0.530070 
1497.000000 0.529626 
1498.000000 0.529183 
1499.000000 0.528739 
1500.000000 0.528296 
1501.000000 0.527853 
1502.000000 0.527410 
1503.000000 0.526967 
1504.000000 0.526524 
1505.000000 0.526081 
1506.000000 0.525638 
1507.000000 0.525195 
1508.000000 0.524752 
1509.000000 0.524310 
1510.000000 0.523867 
1511.000000 0.523425 
1512.000000 0.522982 
1513.000000 0.522540 
1514.000000 0.522097 
1515.000000 0.521655 
1516.000000 0.521213 
1517.000000 0.520771 
1518.000000 0.520329 
1519.000000 0.519887 
1520.000000 0.519445 
1521.000000 0.519004 
1522.000000 0.518562 
1523.000000 0.518120 
1524.000000 0.517679 
1525.000000 0.517237 
1526.000000 0.516796 
1527.000000 0.516355 
1528.000000 0.515913 
1529.000000 0.515472 
1530.000000 0.515031 
1531.000000 0.514590 
1532.000000 0.514149 
1533.000000 0.513708 
1534.000000 0.513268 
1535.000000 0.512827 
1536.000000 0.512386 
1537.000000 0.511946 
1538.000000 0.511505 
1539.000000 0.511065 
1540.000000 0.510625 
1541.000000 0.510185 
1542.000000 0.509745 
1543.000000 0.509305 
1544.000000 0.508865 
1545.000000 0.508425 
1546.000000 0.507985 
1547.000000 0.507546 
1548.000000 0.507106 
1549.000000 0.506666 
1550.000000 0.506227 
1551.000000 0.505788 
1552.000000 0.505349 
1553.000000 0.504909 
1554.000000 0.504470 
1555.000000 0.504031 
1556.000000 0.503593 
1557.000000 0.503154 
1558.000000 0.502715 
1559.000000 0.502277 
1560.000000 0.501838 
1561.000000 0.501400 
1562.000000 0.500961 
1563.000000 0.500523 
1564.000000 0.500085 
1565.000000 0.499647 
1566.000000 0.499209 
1567.000000 0.498771 
1568.000000 0.498333 
1569.000000 0.497896 
1570.000000 0.497458 
1571.000000 0.497021 
1572.000000 0.496583 
1573.000000 0.496146 
1574.000000 0.495709 
1575.000000 0.495272 
1576.000000 0.494835 
1577.000000 0.494398 
1578.000000 0.493961 
1579.000000 0.493524 
1580.000000 0.493088 
1581.000000 0.492651 
1582.000000 0.492215 
1583.000000 0.491778 
1584.000000 0.491342 
1585.000000 0.490906 
1586.000000 0.490470 
1587.000000 0.490034 
1588.000000 0.489598 
1589.000000 0.489163 
1590.000000 0.488727 
1591.000000 0.488291 
1592.000000 0.487856 
1593.000000 0.487421 
1594.000000 0.486985 
1595.000000 0.486550 
1596.000000 0.486115 
1597.000000 0.485680 
1598.000000 0.485246 
1599.000000 0.484811 
1600.000000 0.484376 
1601.000000 0.483942 
1602.000000 0.483508 
1603.000000 0.483073 
1604.000000 0.482639 
1605.000000 0.482205 
1606.000000 0.481771 
1607.000000 0.481337 
1608.000000 0.480904 
1609.000000 0.480470 
1610.000000 0.480036 
1611.000000 0.479603 
1612.000000 0.479170 
1613.000000 0.478737 
1614.000000 0.478304 
1615.000000 0.477871 
1616.000000 0.477438 
1617.000000 0.477005 
1618.000000 0.476572 
1619.000000 0.476140 
1620.000000 0.475707 
1621.000000 0.475275 
1622.000000 0.474843 
1623.000000 0.474411 
1624.000000 0.473979 
1625.000000 0.473547 
1626.000000 0.473115 
1627.000000 0.472684 
1628.000000 0.472252 
1629.000000 0.471821 
1630.000000 0.471390 
1631.000000 0.470959 
1632.000000 0.470528 
1633.000000 0.470097 
1634.000000 0.469666 
1635.000000 0.469235 
1636.000000 0.468805 
1637.000000 0.468374 
1638.000000 0.467944 
1639.000000 0.467514 
1640.000000 0.467084 
1641.000000 0.466654 
1642.000000 0.466224 
1643.000000 0.465794 
1644.000000 0.465364 
1645.000000 0.464935 
1646.000000 0.464506 
1647.000000 0.464076 
1648.000000 0.463647 
1649.000000 0.463218 
1650.000000 0.462789 
1651.000000 0.462361 
1652.000000 0.461932 
1653.000000 0.461504 
1654.000000 0.461075 
1655.000000 0.460647 
1656.000000 0.460219 
1657.000000 0.459791 
1658.000000 0.459363 
1659.000000 0.458935 
1660.000000 0.458508 
1661.000000 0.458080 
1662.000000 0.457653 
1663.000000 0.457226 
1664.000000 0.456798 
1665.000000 0.456371 
1666.000000 0.455945 
1667.000000 0.455518 
1668.000000 0.455091 
1669.000000 0.454665 
1670.000000 0.454238 
1671.000000 0.453812 
1672.000000 0.453386 
1673.000000 0.452960 
1674.000000 0.452534 
1675.000000 0.452109 
1676.000000 0.451683 
1677.000000 0.451258 
1678.000000 0.450832 
1679.000000 0.450407 
1680.000000 0.449982 
1681.000000 0.449557 
1682.000000 0.449133 
1683.000000 0.448708 
1684.000000 0.448283 
1685.000000 0.447859 
1686.000000 0.447435 
1687.000000 0.447011 
1688.000000 0.446587 
1689.000000 0.446163 
1690.000000 0.445739 
1691.000000 0.445316 
1692.000000 0.444892 
1693.000000 0.444469 
1694.000000 0.444046 
1695.000000 0.443623 
1696.000000 0.443200 
1697.000000 0.442777 
1698.000000 0.442355 
1699.000000 0.441932 
1700.000000 0.441510 
1701.000000 0.441088 
1702.000000 0.440666 
1703.000000 0.440244 
1704.000000 0.439822 
1705.000000 0.439401 
1706.000000 0.438979 
1707.000000 0.438558 
1708.000000 0.438137 
1709.000000 0.437716 
1710.000000 0.437295 
1711.000000 0.436874 
1712.000000 0.436453 
1713.000000 0.436033 
1714.000000 0.435613 
1715.000000 0.435192 
1716.000000 0.434772 
1717.000000 0.434353 
1718.000000 0.433933 
1719.000000 0.433513 
1720.000000 0.433094 
1721.000000 0.432674 
1722.000000 0.432255 
1723.000000 0.431836 
1724.000000 0.431417 
1725.000000 0.430999 
1726.000000 0.430580 
1727.000000 0.430162 
1728.000000 0.429743 
1729.000000 0.429325 
1730.000000 0.428907 
1731.000000 0.428489 
1732.000000 0.428072 
1733.000000 0.427654 
1734.000000 0.427237 
1735.000000 0.426820 
1736.000000 0.426403 
1737.000000 0.425986 
1738.000000 0.425569 
1739.000000 0.425152 
1740.000000 0.424736 
1741.000000 0.424319 
1742.000000 0.423903 
1743.000000 0.423487 
1744.000000 0.423071 
1745.000000 0.422656 
1746.000000 0.422240 
1747.000000 0.421825 
1748.000000 0.421409 
1749.000000 0.420994 
1750.000000 0.420579 
1751.000000 0.420165 
1752.000000 0.419750 
1753.000000 0.419335 
1754.000000 0.418921 
1755.000000 0.418507 
1756.000000 0.418093 
1757.000000 0.417679 
1758.000000 0.417265 
1759.000000 0.416852 
1760.000000 0.416438 
1761.000000 0.416025 
1762.000000 0.415612 
1763.000000 0.415199 
1764.000000 0.414786 
1765.000000 0.414374 
1766.000000 0.413961 
1767.000000 0.413549 
1768.000000 0.413137 
1769.000000 0.412725 
1770.000000 0.412313 
1771.000000 0.411901 
1772.000000 0.411490 
1773.000000 0.411079 
1774.000000 0.410667 
1775.000000 0.410256 
1776.000000 0.409846 
1777.000000 0.409435 
1778.000000 0.409024 
1779.000000 0.408614 
1780.000000 0.408204 
1781.000000 0.407794 
1782.000000 0.407384 
1783.000000 0.406974 
1784.000000 0.406565 
1785.000000 0.406155 
1786.000000 0.405746 
1787.000000 0.405337 
1788.000000 0.404928 
1789.000000 0.404519 
1790.000000 0.404111 
1791.000000 0.403702 
1792.000000 0.403294 
1793.000000 0.402886 
1794.000000 0.402478 
1795.000000 0.402071 
1796.000000 0.401663 
1797.000000 0.401256 
1798.000000 0.400848 
1799.000000 0.400441 
1800.000000 0.400034 
1801.000000 0.399628 
1802.000000 0.399221 
1803.000000 0.398815 
1804.000000 0.398409 
1805.000000 0.398002 
1806.000000 0.397597 
1807.000000 0.397191 
1808.000000 0.396785 
1809.000000 0.396380 
1810.000000 0.395975 
1811.000000 0.395570 
1812.000000 0.395165 
1813.000000 0.394760 
1814.000000 0.394356 
1815.000000 0.393951 
1816.000000 0.393547 
1817.000000 0.393143 
1818.000000 0.392739 
1819.000000 0.392336 
1820.000000 0.391932 
1821.000000 0.391529 
1822.000000 0.391126 
1823.000000 0.390723 
1824.000000 0.390320 
1825.000000 0.389917 
1826.000000 0.389515 
1827.000000 0.389113 
1828.000000 0.388711 
1829.000000 0.388309 
1830.000000 0.387907 
1831.000000 0.387505 
1832.000000 0.387104 
1833.000000 0.386703 
1834.000000 0.386302 
1835.000000 0.385901 
1836.000000 0.385500 
1837.000000 0.385100 
1838.000000 0.384699 
1839.000000 0.384299 
1840.000000 0.383899 
1841.000000 0.383499 
1842.000000 0.383100 
1843.000000 0.382700 
1844.000000 0.382301 
1845.000000 0.381902 
1846.000000 0.381503 
1847.000000 0.381105 
1848.000000 0.380706 
1849.000000 0.380308 
1850.000000 0.379909 
1851.000000 0.379511 
1852.000000 0.379114 
1853.000000 0.378716 
1854.000000 0.378319 
1855.000000 0.377921 
1856.000000 0.377524 
1857.000000 0.377127 
1858.000000 0.376731 
1859.000000 0.376334 
1860.000000 0.375938 
1861.000000 0.375542 
1862.000000 0.375146 
1863.000000 0.374750 
1864.000000 0.374354 
1865.000000 0.373959 
1866.000000 0.373563 
1867.000000 0.373168 
1868.000000 0.372773 
1869.000000 0.372379 
1870.000000 0.371984 
1871.000000 0.371590 
1872.000000 0.371196 
1873.000000 0.370802 
1874.000000 0.370408 
1875.000000 0.370014 
1876.000000 0.369621 
1877.000000 0.369228 
1878.000000 0.368835 
1879.000000 0.368442 
1880.000000 0.368049 
1881.000000 0.367657 
1882.000000 0.367265 
1883.000000 0.366872 
1884.000000 0.366481 
1885.000000 0.366089 
1886.000000 0.365697 
1887.000000 0.365306 
1888.000000 0.364915 
1889.000000 0.364524 
1890.000000 0.364133 
1891.000000 0.363743 
1892.000000 0.363352 
1893.000000 0.362962 
1894.000000 0.362572 
1895.000000 0.362182 
1896.000000 0.361793 
1897.000000 0.361403 
1898.000000 0.361014 
1899.000000 0.360625 
1900.000000 0.360236 
1901.000000 0.359847 
1902.000000 0.359459 
1903.000000 0.359071 
1904.000000 0.358683 
1905.000000 0.358295 
1906.000000 0.357907 
1907.000000 0.357519 
1908.000000 0.357132 
1909.000000 0.356745 
1910.000000 0.356358 
1911.000000 0.355971 
1912.000000 0.355585 
1913.000000 0.355199 
1914.000000 0.354812 
1915.000000 0.354426 
1916.000000 0.354041 
1917.000000 0.353655 
1918.000000 0.353270 
1919.000000 0.352885 
1920.000000 0.352500 
1921.000000 0.352115 
1922.000000 0.351730 
1923.000000 0.351346 
1924.000000 0.350962 
1925.000000 0.350578 
1926.000000 0.350194 
1927.000000 0.349810 
1928.000000 0.349427 
1929.000000 0.349044 
1930.000000 0.348661 
1931.000000 0.348278 
1932.000000 0.347896 
1933.000000 0.347513 
1934.000000 0.347131 
1935.000000 0.346749 
1936.000000 0.346367 
1937.000000 0.345986 
1938.000000 0.345604 
1939.000000 0.345223 
1940.000000 0.344842 
1941.000000 0.344461 
1942.000000 0.344081 
1943.000000 0.343700 
1944.000000 0.343320 
1945.000000 0.342940 
1946.000000 0.342560 
1947.000000 0.342181 
1948.000000 0.341801 
1949.000000 0.341422 
1950.000000 0.341043 
1951.000000 0.340664 
1952.000000 0.340286 
1953.000000 0.339907 
1954.000000 0.339529 
1955.000000 0.339151 
1956.000000 0.338773 
1957.000000 0.338396 
1958.000000 0.338018 
1959.000000 0.337641 
1960.000000 0.337264 
1961.000000 0.336888 
1962.000000 0.336511 
1963.000000 0.336135 
1964.000000 0.335759 
1965.000000 0.335383 
1966.000000 0.335007 
1967.000000 0.334631 
1968.000000 0.334256 
1969.000000 0.333881 
1970.000000 0.333506 
1971.000000 0.333131 
1972.000000 0.332757 
1973.000000 0.332383 
1974.000000 0.332009 
1975.000000 0.331635 
1976.000000 0.331261 
1977.000000 0.330887 
1978.000000 0.330514 
1979.000000 0.330141 
1980.000000 0.329768 
1981.000000 0.329396 
1982.000000 0.329023 
1983.000000 0.328651 
1984.000000 0.328279 
1985.000000 0.327907 
1986.000000 0.327536 
1987.000000 0.327164 
1988.000000 0.326793 
1989.000000 0.326422 
1990.000000 0.326051 
1991.000000 0.325681 
1992.000000 0.325311 
1993.000000 0.324940 
1994.000000 0.324571 
1995.000000 0.324201 
1996.000000 0.323831 
1997.000000 0.323462 
1998.000000 0.323093 
1999.000000 0.322724 
2000.000000 0.322355 
2001.000000 0.321987 
2002.000000 0.321619 
2003.000000 0.321251 
2004.000000 0.320883 
2005.000000 0.320515 
2006.000000 0.320148 
2007.000000 0.319781 
2008.000000 0.319414 
2009.000000 0.319047 
2010.000000 0.318680 
2011.000000 0.318314 
2012.000000 0.317948 
2013.000000 0.317582 
2014.000000 0.317216 
2015.000000 0.316851 
2016.000000 0.316486 
2017.000000 0.316121 
2018.000000 0.315756 
2019.000000 0.315391 
2020.000000 0.315027 
2021.000000 0.314663 
2022.000000 0.314299 
2023.000000 0.313935 
2024.000000 0.313571 
2025.000000 0.313208 
2026.000000 0.312845 
2027.000000 0.312482 
2028.000000 0.312119 
2029.000000 0.311757 
2030.000000 0.311395 
2031.000000 0.311033 
2032.000000 0.310671 
2033.000000 0.310309 
2034.000000 0.309948 
2035.000000 0.309586 
2036.000000 0.309226 
2037.000000 0.308865 
2038.000000 0.308504 
2039.000000 0.308144 
2040.000000 0.307784 
2041.000000 0.307424 
2042.000000 0.307064 
2043.000000 0.306705 
2044.000000 0.306346 
2045.000000 0.305987 
2046.000000 0.305628 
2047.000000 0.305269 
2048.000000 0.304911 
2049.000000 0.304553 
2050.000000 0.304195 
2051.000000 0.303837 
2052.000000 0.303480 
2053.000000 0.303122 
2054.000000 0.302765 
2055.000000 0.302408 
2056.000000 0.302052 
2057.000000 0.301695 
2058.000000 0.301339 
2059.000000 0.300983 
2060.000000 0.300628 
2061.000000 0.300272 
2062.000000 0.299917 
2063.000000 0.299562 
2064.000000 0.299207 
2065.000000 0.298852 
2066.000000 0.298498 
2067.000000 0.298144 
2068.000000 0.297790 
2069.000000 0.297436 
2070.000000 0.297082 
2071.000000 0.296729 
2072.000000 0.296376 
2073.000000 0.296023 
2074.000000 0.295670 
2075.000000 0.295318 
2076.000000 0.294966 
2077.000000 0.294614 
2078.000000 0.294262 
2079.000000 0.293911 
2080.000000 0.293559 
2081.000000 0.293208 
2082.000000 0.292857 
2083.000000 0.292507 
2084.000000 0.292156 
2085.000000 0.291806 
2086.000000 0.291456 
2087.000000 0.291106 
2088.000000 0.290757 
2089.000000 0.290407 
2090.000000 0.290058 
2091.000000 0.289710 
2092.000000 0.289361 
2093.000000 0.289012 
2094.000000 0.288664 
2095.000000 0.288316 
2096.000000 0.287969 
2097.000000 0.287621 
2098.000000 0.287274 
2099.000000 0.286927 
2100.000000 0.286580 
2101.000000 0.286233 
2102.000000 0.285887 
2103.000000 0.285541 
2104.000000 0.285195 
2105.000000 0.284849 
2106.000000 0.284504 
2107.000000 0.284158 
2108.000000 0.283813 
2109.000000 0.283469 
2110.000000 0.283124 
2111.000000 0.282780 
2112.000000 0.282435 
2113.000000 0.282092 
2114.000000 0.281748 
2115.000000 0.281404 
2116.000000 0.281061 
2117.000000 0.280718 
2118.000000 0.280376 
2119.000000 0.280033 
2120.000000 0.279691 
2121.000000 0.279349 
2122.000000 0.279007 
2123.000000 0.278665 
2124.000000 0.278324 
2125.000000 0.277983 
2126.000000 0.277642 
2127.000000 0.277301 
2128.000000 0.276960 
2129.000000 0.276620 
2130.000000 0.276280 
2131.000000 0.275940 
2132.000000 0.275601 
2133.000000 0.275261 
2134.000000 0.274922 
2135.000000 0.274583 
2136.000000 0.274245 
2137.000000 0.273906 
2138.000000 0.273568 
2139.000000 0.273230 
2140.000000 0.272892 
2141.000000 0.272555 
2142.000000 0.272218 
2143.000000 0.271880 
2144.000000 0.271544 
2145.000000 0.271207 
2146.000000 0.270871 
2147.000000 0.270535 
2148.000000 0.270199 
2149.000000 0.269863 
2150.000000 0.269528 
2151.000000 0.269192 
2152.000000 0.268857 
2153.000000 0.268523 
2154.000000 0.268188 
2155.000000 0.267854 
2156.000000 0.267520 
2157.000000 0.267186 
2158.000000 0.266852 
2159.000000 0.266519 
2160.000000 0.266186 
2161.000000 0.265853 
2162.000000 0.265520 
2163.000000 0.265188 
2164.000000 0.264856 
2165.000000 0.264524 
2166.000000 0.264192 
2167.000000 0.263861 
2168.000000 0.263529 
2169.000000 0.263198 
2170.000000 0.262867 
2171.000000 0.262537 
2172.000000 0.262206 
2173.000000 0.261876 
2174.000000 0.261547 
2175.000000 0.261217 
2176.000000 0.260887 
2177.000000 0.260558 
2178.000000 0.260229 
2179.000000 0.259901 
2180.000000 0.259572 
2181.000000 0.259244 
2182.000000 0.258916 
2183.000000 0.258588 
2184.000000 0.258261 
2185.000000 0.257933 
2186.000000 0.257606 
2187.000000 0.257279 
2188.000000 0.256953 
2189.000000 0.256626 
2190.000000 0.256300 
2191.000000 0.255974 
2192.000000 0.255649 
2193.000000 0.255323 
2194.000000 0.254998 
2195.000000 0.254673 
2196.000000 0.254349 
2197.000000 0.254024 
2198.000000 0.253700 
2199.000000 0.253376 
2200.000000 0.253052 
2201.000000 0.252728 
2202.000000 0.252405 
2203.000000 0.252082 
2204.000000 0.251759 
2205.000000 0.251437 
2206.000000 0.251114 
2207.000000 0.250792 
2208.000000 0.250470 
2209.000000 0.250149 
2210.000000 0.249827 
2211.000000 0.249506 
2212.000000 0.249185 
2213.000000 0.248864 
2214.000000 0.248544 
2215.000000 0.248224 
2216.000000 0.247904 
2217.000000 0.247584 
2218.000000 0.247264 
2219.000000 0.246945 
2220.000000 0.246626 
2221.000000 0.246307 
2222.000000 0.245989 
2223.000000 0.245670 
2224.000000 0.245352 
2225.000000 0.245034 
2226.000000 0.244717 
2227.000000 0.244399 
2228.000000 0.244082 
2229.000000 0.243765 
2230.000000 0.243449 
2231.000000 0.243132 
2232.000000 0.242816 
2233.000000 0.242500 
2234.000000 0.242184 
2235.000000 0.241869 
2236.000000 0.241554 
2237.000000 0.241239 
2238.000000 0.240924 
2239.000000 0.240609 
2240.000000 0.240295 
2241.000000 0.239981 
2242.000000 0.239667 
2243.000000 0.239354 
2244.000000 0.239040 
2245.000000 0.238727 
2246.000000 0.238414 
2247.000000 0.238102 
2248.000000 0.237789 
2249.000000 0.237477 
2250.000000 0.237165 
2251.000000 0.236854 
2252.000000 0.236542 
2253.000000 0.236231 
2254.000000 0.235920 
2255.000000 0.235609 
2256.000000 0.235299 
2257.000000 0.234989 
2258.000000 0.234679 
2259.000000 0.234369 
2260.000000 0.234059 
2261.000000 0.233750 
2262.000000 0.233441 
2263.000000 0.233132 
2264.000000 0.232824 
2265.000000 0.232516 
2266.000000 0.232208 
2267.000000 0.231900 
2268.000000 0.231592 
2269.000000 0.231285 
2270.000000 0.230978 
2271.000000 0.230671 
2272.000000 0.230364 
2273.000000 0.230058 
2274.000000 0.229752 
2275.000000 0.229446 
2276.000000 0.229140 
2277.000000 0.228835 
2278.000000 0.228530 
2279.000000 0.228225 
2280.000000 0.227920 
2281.000000 0.227616 
2282.000000 0.227311 
2283.000000 0.227008 
2284.000000 0.226704 
2285.000000 0.226400 
2286.000000 0.226097 
2287.000000 0.225794 
2288.000000 0.225491 
2289.000000 0.225189 
2290.000000 0.224887 
2291.000000 0.224585 
2292.000000 0.224283 
2293.000000 0.223981 
2294.000000 0.223680 
2295.000000 0.223379 
2296.000000 0.223078 
2297.000000 0.222778 
2298.000000 0.222477 
2299.000000 0.222177 
2300.000000 0.221877 
2301.000000 0.221578 
2302.000000 0.221278 
2303.000000 0.220979 
2304.000000 0.220680 
2305.000000 0.220382 
2306.000000 0.220083 
2307.000000 0.219785 
2308.000000 0.219487 
2309.000000 0.219190 
2310.000000 0.218892 
2311.000000 0.218595 
2312.000000 0.218298 
2313.000000 0.218001 
2314.000000 0.217705 
2315.000000 0.217409 
2316.000000 0.217113 
2317.000000 0.216817 
2318.000000 0.216522 
2319.000000 0.216227 
2320.000000 0.215932 
2321.000000 0.215637 
2322.000000 0.215342 
2323.000000 0.215048 
2324.000000 0.214754 
2325.000000 0.214460 
2326.000000 0.214167 
2327.000000 0.213873 
2328.000000 0.213580 
2329.000000 0.213288 
2330.000000 0.212995 
2331.000000 0.212703 
2332.000000 0.212411 
2333.000000 0.212119 
2334.000000 0.211827 
2335.000000 0.211536 
2336.000000 0.211245 
2337.000000 0.210954 
2338.000000 0.210663 
2339.000000 0.210373 
2340.000000 0.210083 
2341.000000 0.209793 
2342.000000 0.209504 
2343.000000 0.209214 
2344.000000 0.208925 
2345.000000 0.208636 
2346.000000 0.208347 
2347.000000 0.208059 
2348.000000 0.207771 
2349.000000 0.207483 
2350.000000 0.207195 
2351.000000 0.206908 
2352.000000 0.206621 
2353.000000 0.206334 
2354.000000 0.206047 
2355.000000 0.205761 
2356.000000 0.205474 
2357.000000 0.205188 
2358.000000 0.204903 
2359.000000 0.204617 
2360.000000 0.204332 
2361.000000 0.204047 
2362.000000 0.203762 
2363.000000 0.203478 
2364.000000 0.203194 
2365.000000 0.202909 
2366.000000 0.202626 
2367.000000 0.202342 
2368.000000 0.202059 
2369.000000 0.201776 
2370.000000 0.201493 
2371.000000 0.201211 
2372.000000 0.200928 
2373.000000 0.200646 
2374.000000 0.200364 
2375.000000 0.200083 
2376.000000 0.199801 
2377.000000 0.199520 
2378.000000 0.199240 
2379.000000 0.198959 
2380.000000 0.198679 
2381.000000 0.198398 
2382.000000 0.198119 
2383.000000 0.197839 
2384.000000 0.197560 
2385.000000 0.197280 
2386.000000 0.197002 
2387.000000 0.196723 
2388.000000 0.196445 
2389.000000 0.196166 
2390.000000 0.195888 
2391.000000 0.195611 
2392.000000 0.195333 
2393.000000 0.195056 
2394.000000 0.194779 
2395.000000 0.194503 
2396.000000 0.194226 
2397.000000 0.193950 
2398.000000 0.193674 
2399.000000 0.193398 
2400.000000 0.193123 
2401.000000 0.192848 
2402.000000 0.192573 
2403.000000 0.192298 
2404.000000 0.192023 
2405.000000 0.191749 
2406.000000 0.191475 
2407.000000 0.191201 
2408.000000 0.190928 
2409.000000 0.190654 
2410.000000 0.190381 
2411.000000 0.190109 
2412.000000 0.189836 
2413.000000 0.189564 
2414.000000 0.189292 
2415.000000 0.189020 
2416.000000 0.188748 
2417.000000 0.188477 
2418.000000 0.188206 
2419.000000 0.187935 
2420.000000 0.187665 
2421.000000 0.187394 
2422.000000 0.187124 
2423.000000 0.186854 
2424.000000 0.186585 
2425.000000 0.186315 
2426.000000 0.186046 
2427.000000 0.185777 
2428.000000 0.185508 
2429.000000 0.185240 
2430.000000 0.184972 
2431.000000 0.184704 
2432.000000 0.184436 
2433.000000 0.184169 
2434.000000 0.183902 
2435.000000 0.183635 
2436.000000 0.183368 
2437.000000 0.183102 
2438.000000 0.182835 
2439.000000 0.182569 
2440.000000 0.182304 
2441.000000 0.182038 
2442.000000 0.181773 
2443.000000 0.181508 
2444.000000 0.181243 
2445.000000 0.180979 
2446.000000 0.180714 
2447.000000 0.180450 
2448.000000 0.180187 
2449.000000 0.179923 
2450.000000 0.179660 
2451.000000 0.179397 
2452.000000 0.179134 
2453.000000 0.178871 
2454.000000 0.178609 
2455.000000 0.178347 
2456.000000 0.178085 
2457.000000 0.177824 
2458.000000 0.177562 
2459.000000 0.177301 
2460.000000 0.177040 
2461.000000 0.176780 
2462.000000 0.176519 
2463.000000 0.176259 
2464.000000 0.175999 
2465.000000 0.175740 
2466.000000 0.175480 
2467.000000 0.175221 
2468.000000 0.174962 
2469.000000 0.174703 
2470.000000 0.174445 
2471.000000 0.174187 
2472.000000 0.173929 
2473.000000 0.173671 
2474.000000 0.173414 
2475.000000 0.173157 
2476.000000 0.172900 
2477.000000 0.172643 
2478.000000 0.172386 
2479.000000 0.172130 
2480.000000 0.171874 
2481.000000 0.171618 
2482.000000 0.171363 
2483.000000 0.171108 
2484.000000 0.170853 
2485.000000 0.170598 
2486.000000 0.170343 
2487.000000 0.170089 
2488.000000 0.169835 
2489.000000 0.169581 
2490.000000 0.169327 
2491.000000 0.169074 
2492.000000 0.168821 
2493.000000 0.168568 
2494.000000 0.168316 
2495.000000 0.168063 
2496.000000 0.167811 
2497.000000 0.167559 
2498.000000 0.167308 
2499.000000 0.167056 
2500.000000 0.166805 
2501.000000 0.166554 
2502.000000 0.166303 
2503.000000 0.166053 
2504.000000 0.165803 
2505.000000 0.165553 
2506.000000 0.165303 
2507.000000 0.165054 
2508.000000 0.164804 
2509.000000 0.164555 
2510.000000 0.164307 
2511.000000 0.164058 
2512.000000 0.163810 
2513.000000 0.163562 
2514.000000 0.163314 
2515.000000 0.163067 
2516.000000 0.162819 
2517.000000 0.162572 
2518.000000 0.162326 
2519.000000 0.162079 
2520.000000 0.161833 
2521.000000 0.161587 
2522.000000 0.161341 
2523.000000 0.161095 
2524.000000 0.160850 
2525.000000 0.160605 
2526.000000 0.160360 
2527.000000 0.160115 
2528.000000 0.159871 
2529.000000 0.159627 
2530.000000 0.159383 
2531.000000 0.159139 
2532.000000 0.158896 
2533.000000 0.158653 
2534.000000 0.158410 
2535.000000 0.158167 
2536.000000 0.157924 
2537.000000 0.157682 
2538.000000 0.157440 
2539.000000 0.157199 
2540.000000 0.156957 
2541.000000 0.156716 
2542.000000 0.156475 
2543.000000 0.156234 
2544.000000 0.155994 
2545.000000 0.155753 
2546.000000 0.155513 
2547.000000 0.155273 
2548.000000 0.155034 
2549.000000 0.154794 
2550.000000 0.154555 
2551.000000 0.154317 
2552.000000 0.154078 
2553.000000 0.153840 
2554.000000 0.153601 
2555.000000 0.153364 
2556.000000 0.153126 
2557.000000 0.152888 
2558.000000 0.152651 
2559.000000 0.152414 
2560.000000 0.152178 
2561.000000 0.151941 
2562.000000 0.151705 
2563.000000 0.151469 
2564.000000 0.151233 
2565.000000 0.150998 
2566.000000 0.150763 
2567.000000 0.150528 
2568.000000 0.150293 
2569.000000 0.150058 
2570.000000 0.149824 
2571.000000 0.149590 
2572.000000 0.149356 
2573.000000 0.149123 
2574.000000 0.148889 
2575.000000 0.148656 
2576.000000 0.148423 
2577.000000 0.148191 
2578.000000 0.147958 
2579.000000 0.147726 
2580.000000 0.147494 
2581.000000 0.147263 
2582.000000 0.147031 
2583.000000 0.146800 
2584.000000 0.146569 
2585.000000 0.146338 
2586.000000 0.146108 
2587.000000 0.145878 
2588.000000 0.145648 
2589.000000 0.145418 
2590.000000 0.145188 
2591.000000 0.144959 
2592.000000 0.144730 
2593.000000 0.144501 
2594.000000 0.144273 
2595.000000 0.144044 
2596.000000 0.143816 
2597.000000 0.143588 
2598.000000 0.143361 
2599.000000 0.143133 
2600.000000 0.142906 
2601.000000 0.142679 
2602.000000 0.142453 
2603.000000 0.142226 
2604.000000 0.142000 
2605.000000 0.141774 
2606.000000 0.141548 
2607.000000 0.141323 
2608.000000 0.141098 
2609.000000 0.140873 
2610.000000 0.140648 
2611.000000 0.140423 
2612.000000 0.140199 
2613.000000 0.139975 
2614.000000 0.139751 
2615.000000 0.139527 
2616.000000 0.139304 
2617.000000 0.139081 
2618.000000 0.138858 
2619.000000 0.138635 
2620.000000 0.138413 
2621.000000 0.138191 
2622.000000 0.137969 
2623.000000 0.137747 
2624.000000 0.137526 
2625.000000 0.137305 
2626.000000 0.137084 
2627.000000 0.136863 
2628.000000 0.136642 
2629.000000 0.136422 
2630.000000 0.136202 
2631.000000 0.135982 
2632.000000 0.135762 
2633.000000 0.135543 
2634.000000 0.135324 
2635.000000 0.135105 
2636.000000 0.134886 
2637.000000 0.134668 
2638.000000 0.134450 
2639.000000 0.134232 
2640.000000 0.134014 
2641.000000 0.133797 
2642.000000 0.133580 
2643.000000 0.133363 
2644.000000 0.133146 
2645.000000 0.132929 
2646.000000 0.132713 
2647.000000 0.132497 
2648.000000 0.132281 
2649.000000 0.132065 
2650.000000 0.131850 
2651.000000 0.131635 
2652.000000 0.131420 
2653.000000 0.131205 
2654.000000 0.130991 
2655.000000 0.130777 
2656.000000 0.130563 
2657.000000 0.130349 
2658.000000 0.130135 
2659.000000 0.129922 
2660.000000 0.129709 
2661.000000 0.129496 
2662.000000 0.129284 
2663.000000 0.129071 
2664.000000 0.128859 
2665.000000 0.128647 
2666.000000 0.128436 
2667.000000 0.128224 
2668.000000 0.128013 
2669.000000 0.127802 
2670.000000 0.127592 
2671.000000 0.127381 
2672.000000 0.127171 
2673.000000 0.126961 
2674.000000 0.126751 
2675.000000 0.126542 
2676.000000 0.126332 
2677.000000 0.126123 
2678.000000 0.125914 
2679.000000 0.125706 
2680.000000 0.125497 
2681.000000 0.125289 
2682.000000 0.125081 
2683.000000 0.124873 
2684.000000 0.124666 
2685.000000 0.124459 
2686.000000 0.124252 
2687.000000 0.124045 
2688.000000 0.123838 
2689.000000 0.123632 
2690.000000 0.123426 
2691.000000 0.123220 
2692.000000 0.123015 
2693.000000 0.122809 
2694.000000 0.122604 
2695.000000 0.122399 
2696.000000 0.122194 
2697.000000 0.121990 
2698.000000 0.121786 
2699.000000 0.121582 
2700.000000 0.121378 
2701.000000 0.121174 
2702.000000 0.120971 
2703.000000 0.120768 
2704.000000 0.120565 
2705.000000 0.120362 
2706.000000 0.120160 
2707.000000 0.119958 
2708.000000 0.119756 
2709.000000 0.119554 
2710.000000 0.119353 
2711.000000 0.119151 
2712.000000 0.118950 
2713.000000 0.118749 
2714.000000 0.118549 
2715.000000 0.118348 
2716.000000 0.118148 
2717.000000 0.117948 
2718.000000 0.117749 
2719.000000 0.117549 
2720.000000 0.117350 
2721.000000 0.117151 
2722.000000 0.116952 
2723.000000 0.116754 
2724.000000 0.116556 
2725.000000 0.116357 
2726.000000 0.116160 
2727.000000 0.115962 
2728.000000 0.115765 
2729.000000 0.115567 
2730.000000 0.115371 
2731.000000 0.115174 
2732.000000 0.114977 
2733.000000 0.114781 
2734.000000 0.114585 
2735.000000 0.114389 
2736.000000 0.114194 
2737.000000 0.113998 
2738.000000 0.113803 
2739.000000 0.113608 
2740.000000 0.113414 
2741.000000 0.113219 
2742.000000 0.113025 
2743.000000 0.112831 
2744.000000 0.112637 
2745.000000 0.112444 
2746.000000 0.112250 
2747.000000 0.112057 
2748.000000 0.111864 
2749.000000 0.111672 
2750.000000 0.111479 
2751.000000 0.111287 
2752.000000 0.111095 
2753.000000 0.110903 
2754.000000 0.110712 
2755.000000 0.110521 
2756.000000 0.110329 
2757.000000 0.110139 
2758.000000 0.109948 
2759.000000 0.109758 
2760.000000 0.109567 
2761.000000 0.109377 
2762.000000 0.109188 
2763.000000 0.108998 
2764.000000 0.108809 
2765.000000 0.108620 
2766.000000 0.108431 
2767.000000 0.108242 
2768.000000 0.108054 
2769.000000 0.107866 
2770.000000 0.107678 
2771.000000 0.107490 
2772.000000 0.107303 
2773.000000 0.107115 
2774.000000 0.106928 
2775.000000 0.106742 
2776.000000 0.106555 
2777.000000 0.106369 
2778.000000 0.106182 
2779.000000 0.105997 
2780.000000 0.105811 
2781.000000 0.105625 
2782.000000 0.105440 
2783.000000 0.105255 
2784.000000 0.105070 
2785.000000 0.104886 
2786.000000 0.104701 
2787.000000 0.104517 
2788.000000 0.104333 
2789.000000 0.104149 
2790.000000 0.103966 
2791.000000 0.103782 
2792.000000 0.103599 
2793.000000 0.103417 
2794.000000 0.103234 
2795.000000 0.103052 
2796.000000 0.102869 
2797.000000 0.102687 
2798.000000 0.102506 
2799.000000 0.102324 
2800.000000 0.102143 
2801.000000 0.101962 
2802.000000 0.101781 
2803.000000 0.101600 
2804.000000 0.101420 
2805.000000 0.101240 
2806.000000 0.101060 
2807.000000 0.100880 
2808.000000 0.100700 
2809.000000 0.100521 
2810.000000 0.100342 
2811.000000 0.100163 
2812.000000 0.099984 
2813.000000 0.099806 
2814.000000 0.099628 
2815.000000 0.099449 
2816.000000 0.099272 
2817.000000 0.099094 
2818.000000 0.098917 
2819.000000 0.098740 
2820.000000 0.098563 
2821.000000 0.098386 
2822.000000 0.098209 
2823.000000 0.098033 
2824.000000 0.097857 
2825.000000 0.097681 
2826.000000 0.097506 
2827.000000 0.097330 
2828.000000 0.097155 
2829.000000 0.096980 
2830.000000 0.096805 
2831.000000 0.096631 
2832.000000 0.096456 
2833.000000 0.096282 
2834.000000 0.096108 
2835.000000 0.095934 
2836.000000 0.095761 
2837.000000 0.095588 
2838.000000 0.095415 
2839.000000 0.095242 
2840.000000 0.095069 
2841.000000 0.094897 
2842.000000 0.094725 
2843.000000 0.094553 
2844.000000 0.094381 
2845.000000 0.094209 
2846.000000 0.094038 
2847.000000 0.093867 
2848.000000 0.093696 
2849.000000 0.093525 
2850.000000 0.093355 
2851.000000 0.093185 
2852.000000 0.093014 
2853.000000 0.092845 
2854.000000 0.092675 
2855.000000 0.092506 
2856.000000 0.092336 
2857.000000 0.092167 
2858.000000 0.091999 
2859.000000 0.091830 
2860.000000 0.091662 
2861.000000 0.091494 
2862.000000 0.091326 
2863.000000 0.091158 
2864.000000 0.090990 
2865.000000 0.090823 
2866.000000 0.090656 
2867.000000 0.090489 
2868.000000 0.090322 
2869.000000 0.090156 
2870.000000 0.089990 
2871.000000 0.089824 
2872.000000 0.089658 
2873.000000 0.089492 
2874.000000 0.089327 
2875.000000 0.089162 
2876.000000 0.088997 
2877.000000 0.088832 
2878.000000 0.088667 
2879.000000 0.088503 
2880.000000 0.088339 
2881.000000 0.088175 
2882.000000 0.088011 
2883.000000 0.087848 
2884.000000 0.087685 
2885.000000 0.087521 
2886.000000 0.087359 
2887.000000 0.087196 
2888.000000 0.087033 
2889.000000 0.086871 
2890.000000 0.086709 
2891.000000 0.086547 
2892.000000 0.086386 
2893.000000 0.086224 
2894.000000 0.086063 
2895.000000 0.085902 
2896.000000 0.085741 
2897.000000 0.085581 
2898.000000 0.085420 
2899.000000 0.085260 
2900.000000 0.085100 
2901.000000 0.084941 
2902.000000 0.084781 
2903.000000 0.084622 
2904.000000 0.084462 
2905.000000 0.084304 
2906.000000 0.084145 
2907.000000 0.083986 
2908.000000 0.083828 
2909.000000 0.083670 
2910.000000 0.083512 
2911.000000 0.083354 
2912.000000 0.083197 
2913.000000 0.083040 
2914.000000 0.082883 
2915.000000 0.082726 
2916.000000 0.082569 
2917.000000 0.082413 
2918.000000 0.082256 
2919.000000 0.082100 
2920.000000 0.081944 
2921.000000 0.081789 
2922.000000 0.081633 
2923.000000 0.081478 
2924.000000 0.081323 
2925.000000 0.081168 
2926.000000 0.081014 
2927.000000 0.080859 
2928.000000 0.080705 
2929.000000 0.080551 
2930.000000 0.080397 
2931.000000 0.080244 
2932.000000 0.080090 
2933.000000 0.079937 
2934.000000 0.079784 
2935.000000 0.079632 
2936.000000 0.079479 
2937.000000 0.079327 
2938.000000 0.079174 
2939.000000 0.079022 
2940.000000 0.078871 
2941.000000 0.078719 
2942.000000 0.078568 
2943.000000 0.078417 
2944.000000 0.078266 
2945.000000 0.078115 
2946.000000 0.077964 
2947.000000 0.077814 
2948.000000 0.077664 
2949.000000 0.077514 
2950.000000 0.077364 
2951.000000 0.077215 
2952.000000 0.077065 
2953.000000 0.076916 
2954.000000 0.076767 
2955.000000 0.076619 
2956.000000 0.076470 
2957.000000 0.076322 
2958.000000 0.076174 
2959.000000 0.076026 
2960.000000 0.075878 
2961.000000 0.075730 
2962.000000 0.075583 
2963.000000 0.075436 
2964.000000 0.075289 
2965.000000 0.075142 
2966.000000 0.074996 
2967.000000 0.074849 
2968.000000 0.074703 
2969.000000 0.074557 
2970.000000 0.074412 
2971.000000 0.074266 
2972.000000 0.074121 
2973.000000 0.073976 
2974.000000 0.073831 
2975.000000 0.073686 
2976.000000 0.073541 
2977.000000 0.073397 
2978.000000 0.073253 
2979.000000 0.073109 
2980.000000 0.072965 
2981.000000 0.072822 
2982.000000 0.072678 
2983.000000 0.072535 
2984.000000 0.072392 
2985.000000 0.072249 
2986.000000 0.072107 
2987.000000 0.071964 
2988.000000 0.071822 
2989.000000 0.071680 
2990.000000 0.071538 
2991.000000 0.071397 
2992.000000 0.071255 
2993.000000 0.071114 
2994.000000 0.070973 
2995.000000 0.070832 
2996.000000 0.070692 
2997.000000 0.070551 
2998.000000 0.070411 
2999.000000 0.070271 
3000.000000 0.070131 
3001.000000 0.069992 
3002.000000 0.069852 
3003.000000 0.069713 
3004.000000 0.069574 
3005.000000 0.069435 
3006.000000 0.069296 
3007.000000 0.069158 
3008.000000 0.069020 
3009.000000 0.068881 
3010.000000 0.068744 
3011.000000 0.068606 
3012.000000 0.068468 
3013.000000 0.068331 
3014.000000 0.068194 
3015.000000 0.068057 
3016.000000 0.067920 
3017.000000 0.067784 
3018.000000 0.067647 
3019.000000 0.067511 
3020.000000 0.067375 
3021.000000 0.067239 
3022.000000 0.067104 
3023.000000 0.066968 
3024.000000 0.066833 
3025.000000 0.066698 
3026.000000 0.066563 
3027.000000 0.066428 
3028.000000 0.066294 
3029.000000 0.066160 
3030.000000 0.066026 
3031.000000 0.065892 
3032.000000 0.065758 
3033.000000 0.065624 
3034.000000 0.065491 
3035.000000 0.065358 
3036.000000 0.065225 
3037.000000 0.065092 
3038.000000 0.064960 
3039.000000 0.064827 
3040.000000 0.064695 
3041.000000 0.064563 
3042.000000 0.064431 
3043.000000 0.064300 
3044.000000 0.064168 
3045.000000 0.064037 
3046.000000 0.063906 
3047.000000 0.063775 
3048.000000 0.063644 
3049.000000 0.063514 
3050.000000 0.063383 
3051.000000 0.063253 
3052.000000 0.063123 
3053.000000 0.062994 
3054.000000 0.062864 
3055.000000 0.062735 
3056.000000 0.062605 
3057.000000 0.062476 
3058.000000 0.062348 
3059.000000 0.062219 
3060.000000 0.062090 
3061.000000 0.061962 
3062.000000 0.061834 
3063.000000 0.061706 
3064.000000 0.061578 
3065.000000 0.061451 
3066.000000 0.061324 
3067.000000 0.061196 
3068.000000 0.061069 
3069.000000 0.060943 
3070.000000 0.060816 
3071.000000 0.060689 
3072.000000 0.060563 
3073.000000 0.060437 
3074.000000 0.060311 
3075.000000 0.060186 
3076.000000 0.060060 
3077.000000 0.059935 
3078.000000 0.059809 
3079.000000 0.059684 
3080.000000 0.059560 
3081.000000 0.059435 
3082.000000 0.059311 
3083.000000 0.059186 
3084.000000 0.059062 
3085.000000 0.058938 
3086.000000 0.058815 
3087.000000 0.058691 
3088.000000 0.058568 
3089.000000 0.058445 
3090.000000 0.058322 
3091.000000 0.058199 
3092.000000 0.058076 
3093.000000 0.057954 
3094.000000 0.057831 
3095.000000 0.057709 
3096.000000 0.057587 
3097.000000 0.057466 
3098.000000 0.057344 
3099.000000 0.057223 
3100.000000 0.057102 
3101.000000 0.056981 
3102.000000 0.056860 
3103.000000 0.056739 
3104.000000 0.056619 
3105.000000 0.056498 
3106.000000 0.056378 
3107.000000 0.056258 
3108.000000 0.056138 
3109.000000 0.056019 
3110.000000 0.055899 
3111.000000 0.055780 
3112.000000 0.055661 
3113.000000 0.055542 
3114.000000 0.055423 
3115.000000 0.055305 
3116.000000 0.055187 
3117.000000 0.055068 
3118.000000 0.054950 
3119.000000 0.054833 
3120.000000 0.054715 
3121.000000 0.054597 
3122.000000 0.054480 
3123.000000 0.054363 
3124.000000 0.054246 
3125.000000 0.054129 
3126.000000 0.054013 
3127.000000 0.053896 
3128.000000 0.053780 
3129.000000 0.053664 
3130.000000 0.053548 
3131.000000 0.053432 
3132.000000 0.053317 
3133.000000 0.053201 
3134.000000 0.053086 
3135.000000 0.052971 
3136.000000 0.052856 
3137.000000 0.052741 
3138.000000 0.052627 
3139.000000 0.052513 
3140.000000 0.052398 
3141.000000 0.052284 
3142.000000 0.052171 
3143.000000 0.052057 
3144.000000 0.051944 
3145.000000 0.051830 
3146.000000 0.051717 
3147.000000 0.051604 
3148.000000 0.051491 
3149.000000 0.051379 
3150.000000 0.051266 
3151.000000 0.051154 
3152.000000 0.051042 
3153.000000 0.050930 
3154.000000 0.050818 
3155.000000 0.050707 
3156.000000 0.050595 
3157.000000 0.050484 
3158.000000 0.050373 
3159.000000 0.050262 
3160.000000 0.050151 
3161.000000 0.050041 
3162.000000 0.049930 
3163.000000 0.049820 
3164.000000 0.049710 
3165.000000 0.049600 
3166.000000 0.049490 
3167.000000 0.049381 
3168.000000 0.049271 
3169.000000 0.049162 
3170.000000 0.049053 
3171.000000 0.048944 
3172.000000 0.048836 
3173.000000 0.048727 
3174.000000 0.048619 
3175.000000 0.048510 
3176.000000 0.048402 
3177.000000 0.048295 
3178.000000 0.048187 
3179.000000 0.048079 
3180.000000 0.047972 
3181.000000 0.047865 
3182.000000 0.047758 
3183.000000 0.047651 
3184.000000 0.047544 
3185.000000 0.047438 
3186.000000 0.047331 
3187.000000 0.047225 
3188.000000 0.047119 
3189.000000 0.047013 
3190.000000 0.046907 
3191.000000 0.046802 
3192.000000 0.046697 
3193.000000 0.046591 
3194.000000 0.046486 
3195.000000 0.046381 
3196.000000 0.046277 
3197.000000 0.046172 
3198.000000 0.046068 
3199.000000 0.045964 
3200.000000 0.045860 
3201.000000 0.045756 
3202.000000 0.045652 
3203.000000 0.045548 
3204.000000 0.045445 
3205.000000 0.045342 
3206.000000 0.045239 
3207.000000 0.045136 
3208.000000 0.045033 
3209.000000 0.044930 
3210.000000 0.044828 
3211.000000 0.044726 
3212.000000 0.044624 
3213.000000 0.044522 
3214.000000 0.044420 
3215.000000 0.044318 
3216.000000 0.044217 
3217.000000 0.044116 
3218.000000 0.044014 
3219.000000 0.043913 
3220.000000 0.043813 
3221.000000 0.043712 
3222.000000 0.043612 
3223.000000 0.043511 
3224.000000 0.043411 
3225.000000 0.043311 
3226.000000 0.043211 
3227.000000 0.043112 
3228.000000 0.043012 
3229.000000 0.042913 
3230.000000 0.042813 
3231.000000 0.042714 
3232.000000 0.042616 
3233.000000 0.042517 
3234.000000 0.042418 
3235.000000 0.042320 
3236.000000 0.042222 
3237.000000 0.042124 
3238.000000 0.042026 
3239.000000 0.041928 
3240.000000 0.041830 
3241.000000 0.041733 
3242.000000 0.041635 
3243.000000 0.041538 
3244.000000 0.041441 
3245.000000 0.041345 
3246.000000 0.041248 
3247.000000 0.041151 
3248.000000 0.041055 
3249.000000 0.040959 
3250.000000 0.040863 
3251.000000 0.040767 
3252.000000 0.040671 
3253.000000 0.040576 
3254.000000 0.040480 
3255.000000 0.040385 
3256.000000 0.040290 
3257.000000 0.040195 
3258.000000 0.040100 
3259.000000 0.040005 
3260.000000 0.039911 
3261.000000 0.039816 
3262.000000 0.039722 
3263.000000 0.039628 
3264.000000 0.039534 
3265.000000 0.039441 
3266.000000 0.039347 
3267.000000 0.039254 
3268.000000 0.039160 
3269.000000 0.039067 
3270.000000 0.038974 
3271.000000 0.038881 
3272.000000 0.038789 
3273.000000 0.038696 
3274.000000 0.038604 
3275.000000 0.038512 
3276.000000 0.038420 
3277.000000 0.038328 
3278.000000 0.038236 
3279.000000 0.038144 
3280.000000 0.038053 
3281.000000 0.037962 
3282.000000 0.037871 
3283.000000 0.037780 
3284.000000 0.037689 
3285.000000 0.037598 
3286.000000 0.037508 
3287.000000 0.037417 
3288.000000 0.037327 
3289.000000 0.037237 
3290.000000 0.037147 
3291.000000 0.037057 
3292.000000 0.036967 
3293.000000 0.036878 
3294.000000 0.036789 
3295.000000 0.036699 
3296.000000 0.036610 
3297.000000 0.036521 
3298.000000 0.036433 
3299.000000 0.036344 
3300.000000 0.036256 
3301.000000 0.036167 
3302.000000 0.036079 
3303.000000 0.035991 
3304.000000 0.035903 
3305.000000 0.035815 
3306.000000 0.035728 
3307.000000 0.035640 
3308.000000 0.035553 
3309.000000 0.035466 
3310.000000 0.035379 
3311.000000 0.035292 
3312.000000 0.035206 
3313.000000 0.035119 
3314.000000 0.035033 
3315.000000 0.034946 
3316.000000 0.034860 
3317.000000 0.034774 
3318.000000 0.034688 
3319.000000 0.034603 
3320.000000 0.034517 
3321.000000 0.034432 
3322.000000 0.034347 
3323.000000 0.034261 
3324.000000 0.034176 
3325.000000 0.034092 
3326.000000 0.034007 
3327.000000 0.033922 
3328.000000 0.033838 
3329.000000 0.033754 
3330.000000 0.033670 
3331.000000 0.033586 
3332.000000 0.033502 
3333.000000 0.033418 
3334.000000 0.033335 
3335.000000 0.033251 
3336.000000 0.033168 
3337.000000 0.033085 
3338.000000 0.033002 
3339.000000 0.032919 
3340.000000 0.032837 
3341.000000 0.032754 
3342.000000 0.032672 
3343.000000 0.032589 
3344.000000 0.032507 
3345.000000 0.032425 
3346.000000 0.032343 
3347.000000 0.032262 
3348.000000 0.032180 
3349.000000 0.032099 
3350.000000 0.032017 
3351.000000 0.031936 
3352.000000 0.031855 
3353.000000 0.031775 
3354.000000 0.031694 
3355.000000 0.031613 
3356.000000 0.031533 
3357.000000 0.031452 
3358.000000 0.031372 
3359.000000 0.031292 
3360.000000 0.031212 
3361.000000 0.031133 
3362.000000 0.031053 
3363.000000 0.030974 
3364.000000 0.030894 
3365.000000 0.030815 
3366.000000 0.030736 
3367.000000 0.030657 
3368.000000 0.030578 
3369.000000 0.030500 
3370.000000 0.030421 
3371.000000 0.030343 
3372.000000 0.030265 
3373.000000 0.030187 
3374.000000 0.030109 
3375.000000 0.030031 
3376.000000 0.029953 
3377.000000 0.029876 
3378.000000 0.029798 
3379.000000 0.029721 
3380.000000 0.029644 
3381.000000 0.029567 
3382.000000 0.029490 
3383.000000 0.029413 
3384.000000 0.029337 
3385.000000 0.029260 
3386.000000 0.029184 
3387.000000 0.029108 
3388.000000 0.029032 
3389.000000 0.028956 
3390.000000 0.028880 
3391.000000 0.028804 
3392.000000 0.028729 
3393.000000 0.028653 
3394.000000 0.028578 
3395.000000 0.028503 
3396.000000 0.028428 
3397.000000 0.028353 
3398.000000 0.028279 
3399.000000 0.028204 
3400.000000 0.028130 
3401.000000 0.028055 
3402.000000 0.027981 
3403.000000 0.027907 
3404.000000 0.027833 
3405.000000 0.027759 
3406.000000 0.027686 
3407.000000 0.027612 
3408.000000 0.027539 
3409.000000 0.027466 
3410.000000 0.027392 
3411.000000 0.027319 
3412.000000 0.027247 
3413.000000 0.027174 
3414.000000 0.027101 
3415.000000 0.027029 
3416.000000 0.026956 
3417.000000 0.026884 
3418.000000 0.026812 
3419.000000 0.026740 
3420.000000 0.026668 
3421.000000 0.026597 
3422.000000 0.026525 
3423.000000 0.026454 
3424.000000 0.026383 
3425.000000 0.026311 
3426.000000 0.026240 
3427.000000 0.026169 
3428.000000 0.026099 
3429.000000 0.026028 
3430.000000 0.025958 
3431.000000 0.025887 
3432.000000 0.025817 
3433.000000 0.025747 
3434.000000 0.025677 
3435.000000 0.025607 
3436.000000 0.025537 
3437.000000 0.025468 
3438.000000 0.025398 
3439.000000 0.025329 
3440.000000 0.025260 
3441.000000 0.025190 
3442.000000 0.025121 
3443.000000 0.025053 
3444.000000 0.024984 
3445.000000 0.024915 
3446.000000 0.024847 
3447.000000 0.024779 
3448.000000 0.024710 
3449.000000 0.024642 
3450.000000 0.024574 
3451.000000 0.024506 
3452.000000 0.024439 
3453.000000 0.024371 
3454.000000 0.024304 
3455.000000 0.024236 
3456.000000 0.024169 
3457.000000 0.024102 
3458.000000 0.024035 
3459.000000 0.023968 
3460.000000 0.023902 
3461.000000 0.023835 
3462.000000 0.023769 
3463.000000 0.023702 
3464.000000 0.023636 
3465.000000 0.023570 
3466.000000 0.023504 
3467.000000 0.023438 
3468.000000 0.023372 
3469.000000 0.023307 
3470.000000 0.023241 
3471.000000 0.023176 
3472.000000 0.023111 
3473.000000 0.023046 
3474.000000 0.022981 
3475.000000 0.022916 
3476.000000 0.022851 
3477.000000 0.022787 
3478.000000 0.022722 
3479.000000 0.022658 
3480.000000 0.022593 
3481.000000 0.022529 
3482.000000 0.022465 
3483.000000 0.022401 
3484.000000 0.022338 
3485.000000 0.022274 
3486.000000 0.022211 
3487.000000 0.022147 
3488.000000 0.022084 
3489.000000 0.022021 
3490.000000 0.021958 
3491.000000 0.021895 
3492.000000 0.021832 
3493.000000 0.021769 
3494.000000 0.021707 
3495.000000 0.021644 
3496.000000 0.021582 
3497.000000 0.021520 
3498.000000 0.021458 
3499.000000 0.021396 
3500.000000 0.021334 
3501.000000 0.021272 
3502.000000 0.021211 
3503.000000 0.021149 
3504.000000 0.021088 
3505.000000 0.021026 
3506.000000 0.020965 
3507.000000 0.020904 
3508.000000 0.020843 
3509.000000 0.020783 
3510.000000 0.020722 
3511.000000 0.020661 
3512.000000 0.020601 
3513.000000 0.020541 
3514.000000 0.020480 
3515.000000 0.020420 
3516.000000 0.020360 
3517.000000 0.020301 
3518.000000 0.020241 
3519.000000 0.020181 
3520.000000 0.020122 
3521.000000 0.020062 
3522.000000 0.020003 
3523.000000 0.019944 
3524.000000 0.019885 
3525.000000 0.019826 
3526.000000 0.019767 
3527.000000 0.019708 
3528.000000 0.019650 
3529.000000 0.019591 
3530.000000 0.019533 
3531.000000 0.019475 
3532.000000 0.019417 
3533.000000 0.019359 
3534.000000 0.019301 
3535.000000 0.019243 
3536.000000 0.019185 
3537.000000 0.019128 
3538.000000 0.019070 
3539.000000 0.019013 
3540.000000 0.018956 
3541.000000 0.018899 
3542.000000 0.018842 
3543.000000 0.018785 
3544.000000 0.018728 
3545.000000 0.018671 
3546.000000 0.018615 
3547.000000 0.018558 
3548.000000 0.018502 
3549.000000 0.018446 
3550.000000 0.018390 
3551.000000 0.018334 
3552.000000 0.018278 
3553.000000 0.018222 
3554.000000 0.018166 
3555.000000 0.018111 
3556.000000 0.018055 
3557.000000 0.018000 
3558.000000 0.017945 
3559.000000 0.017890 
3560.000000 0.017835 
3561.000000 0.017780 
3562.000000 0.017725 
3563.000000 0.017670 
3564.000000 0.017616 
3565.000000 0.017561 
3566.000000 0.017507 
3567.000000 0.017453 
3568.000000 0.017399 
3569.000000 0.017345 
3570.000000 0.017291 
3571.000000 0.017237 
3572.000000 0.017183 
3573.000000 0.017130 
3574.000000 0.017076 
3575.000000 0.017023 
3576.000000 0.016969 
3577.000000 0.016916 
3578.000000 0.016863 
3579.000000 0.016810 
3580.000000 0.016758 
3581.000000 0.016705 
3582.000000 0.016652 
3583.000000 0.016600 
3584.000000 0.016547 
3585.000000 0.016495 
3586.000000 0.016443 
3587.000000 0.016391 
3588.000000 0.016339 
3589.000000 0.016287 
3590.000000 0.016235 
3591.000000 0.016183 
3592.000000 0.016132 
3593.000000 0.016080 
3594.000000 0.016029 
3595.000000 0.015978 
3596.000000 0.015927 
3597.000000 0.015876 
3598.000000 0.015825 
3599.000000 0.015774 
3600.000000 0.015723 
3601.000000 0.015673 
3602.000000 0.015622 
3603.000000 0.015572 
3604.000000 0.015521 
3605.000000 0.015471 
3606.000000 0.015421 
3607.000000 0.015371 
3608.000000 0.015321 
3609.000000 0.015271 
3610.000000 0.015222 
3611.000000 0.015172 
3612.000000 0.015123 
3613.000000 0.015073 
3614.000000 0.015024 
3615.000000 0.014975 
3616.000000 0.014926 
3617.000000 0.014877 
3618.000000 0.014828 
3619.000000 0.014779 
3620.000000 0.014731 
3621.000000 0.014682 
3622.000000 0.014634 
3623.000000 0.014585 
3624.000000 0.014537 
3625.000000 0.014489 
3626.000000 0.014441 
3627.000000 0.014393 
3628.000000 0.014345 
3629.000000 0.014297 
3630.000000 0.014250 
3631.000000 0.014202 
3632.000000 0.014155 
3633.000000 0.014107 
3634.000000 0.014060 
3635.000000 0.014013 
3636.000000 0.013966 
3637.000000 0.013919 
3638.000000 0.013872 
3639.000000 0.013825 
3640.000000 0.013779 
3641.000000 0.013732 
3642.000000 0.013686 
3643.000000 0.013639 
3644.000000 0.013593 
3645.000000 0.013547 
3646.000000 0.013501 
3647.000000 0.013455 
3648.000000 0.013409 
3649.000000 0.013363 
3650.000000 0.013317 
3651.000000 0.013272 
3652.000000 0.013226 
3653.000000 0.013181 
3654.000000 0.013136 
3655.000000 0.013091 
3656.000000 0.013046 
3657.000000 0.013001 
3658.000000 0.012956 
3659.000000 0.012911 
3660.000000 0.012866 
3661.000000 0.012822 
3662.000000 0.012777 
3663.000000 0.012733 
3664.000000 0.012688 
3665.000000 0.012644 
3666.000000 0.012600 
3667.000000 0.012556 
3668.000000 0.012512 
3669.000000 0.012468 
3670.000000 0.012424 
3671.000000 0.012381 
3672.000000 0.012337 
3673.000000 0.012294 
3674.000000 0.012250 
3675.000000 0.012207 
3676.000000 0.012164 
3677.000000 0.012121 
3678.000000 0.012078 
3679.000000 0.012035 
3680.000000 0.011992 
3681.000000 0.011949 
3682.000000 0.011907 
3683.000000 0.011864 
3684.000000 0.011822 
3685.000000 0.011779 
3686.000000 0.011737 
3687.000000 0.011695 
3688.000000 0.011653 
3689.000000 0.011611 
3690.000000 0.011569 
3691.000000 0.011527 
3692.000000 0.011485 
3693.000000 0.011444 
3694.000000 0.011402 
3695.000000 0.011361 
3696.000000 0.011319 
3697.000000 0.011278 
3698.000000 0.011237 
3699.000000 0.011196 
3700.000000 0.011155 
3701.000000 0.011114 
3702.000000 0.011073 
3703.000000 0.011032 
3704.000000 0.010992 
3705.000000 0.010951 
3706.000000 0.010911 
3707.000000 0.010870 
3708.000000 0.010830 
3709.000000 0.010790 
3710.000000 0.010750 
3711.000000 0.010710 
3712.000000 0.010670 
3713.000000 0.010630 
3714.000000 0.010590 
3715.000000 0.010550 
3716.000000 0.010511 
3717.000000 0.010471 
3718.000000 0.010432 
3719.000000 0.010393 
3720.000000 0.010353 
3721.000000 0.010314 
3722.000000 0.010275 
3723.000000 0.010236 
3724.000000 0.010197 
3725.000000 0.010159 
3726.000000 0.010120 
3727.000000 0.010081 
3728.000000 0.010043 
3729.000000 0.010004 
3730.000000 0.009966 
3731.000000 0.009927 
3732.000000 0.009889 
3733.000000 0.009851 
3734.000000 0.009813 
3735.000000 0.009775 
3736.000000 0.009737 
3737.000000 0.009699 
3738.000000 0.009662 
3739.000000 0.009624 
3740.000000 0.009586 
3741.000000 0.009549 
3742.000000 0.009512 
3743.000000 0.009474 
3744.000000 0.009437 
3745.000000 0.009400 
3746.000000 0.009363 
3747.000000 0.009326 
3748.000000 0.009289 
3749.000000 0.009252 
3750.000000 0.009215 
3751.000000 0.009179 
3752.000000 0.009142 
3753.000000 0.009106 
3754.000000 0.009069 
3755.000000 0.009033 
3756.000000 0.008997 
3757.000000 0.008961 
3758.000000 0.008925 
3759.000000 0.008889 
3760.000000 0.008853 
3761.000000 0.008817 
3762.000000 0.008781 
3763.000000 0.008745 
3764.000000 0.008710 
3765.000000 0.008674 
3766.000000 0.008639 
3767.000000 0.008603 
3768.000000 0.008568 
3769.000000 0.008533 
3770.000000 0.008498 
3771.000000 0.008463 
3772.000000 0.008428 
3773.000000 0.008393 
3774.000000 0.008358 
3775.000000 0.008323 
3776.000000 0.008288 
3777.000000 0.008254 
3778.000000 0.008219 
3779.000000 0.008185 
3780.000000 0.008151 
3781.000000 0.008116 
3782.000000 0.008082 
3783.000000 0.008048 
3784.000000 0.008014 
3785.000000 0.007980 
3786.000000 0.007946 
3787.000000 0.007912 
3788.000000 0.007878 
3789.000000 0.007845 
3790.000000 0.007811 
3791.000000 0.007777 
3792.000000 0.007744 
3793.000000 0.007711 
3794.000000 0.007677 
3795.000000 0.007644 
3796.000000 0.007611 
3797.000000 0.007578 
3798.000000 0.007545 
3799.000000 0.007512 
3800.000000 0.007479 
3801.000000 0.007446 
3802.000000 0.007413 
3803.000000 0.007381 
3804.000000 0.007348 
3805.000000 0.007316 
3806.000000 0.007283 
3807.000000 0.007251 
3808.000000 0.007218 
3809.000000 0.007186 
3810.000000 0.007154 
3811.000000 0.007122 
3812.000000 0.007090 
3813.000000 0.007058 
3814.000000 0.007026 
3815.000000 0.006994 
3816.000000 0.006963 
3817.000000 0.006931 
3818.000000 0.006899 
3819.000000 0.006868 
3820.000000 0.006836 
3821.000000 0.006805 
3822.000000 0.006774 
3823.000000 0.006742 
3824.000000 0.006711 
3825.000000 0.006680 
3826.000000 0.006649 
3827.000000 0.006618 
3828.000000 0.006587 
3829.000000 0.006556 
3830.000000 0.006525 
3831.000000 0.006495 
3832.000000 0.006464 
3833.000000 0.006433 
3834.000000 0.006403 
3835.000000 0.006373 
3836.000000 0.006342 
3837.000000 0.006312 
3838.000000 0.006282 
3839.000000 0.006251 
3840.000000 0.006221 
3841.000000 0.006191 
3842.000000 0.006161 
3843.000000 0.006131 
3844.000000 0.006101 
3845.000000 0.006072 
3846.000000 0.006042 
3847.000000 0.006012 
3848.000000 0.005983 
3849.000000 0.005953 
3850.000000 0.005924 
3851.000000 0.005894 
3852.000000 0.005865 
3853.000000 0.005835 
3854.000000 0.005806 
3855.000000 0.005777 
3856.000000 0.005748 
3857.000000 0.005719 
3858.000000 0.005690 
3859.000000 0.005661 
3860.000000 0.005632 
3861.000000 0.005603 
3862.000000 0.005575 
3863.000000 0.005546 
3864.000000 0.005517 
3865.000000 0.005489 
3866.000000 0.005460 
3867.000000 0.005432 
3868.000000 0.005403 
3869.000000 0.005375 
3870.000000 0.005347 
3871.000000 0.005318 
3872.000000 0.005290 
3873.000000 0.005262 
3874.000000 0.005234 
3875.000000 0.005206 
3876.000000 0.005178 
3877.000000 0.005150 
3878.000000 0.005122 
3879.000000 0.005095 
3880.000000 0.005067 
3881.000000 0.005039 
3882.000000 0.005012 
3883.000000 0.004984 
3884.000000 0.004956 
3885.000000 0.004929 
3886.000000 0.004902 
3887.000000 0.004874 
3888.000000 0.004847 
3889.000000 0.004820 
3890.000000 0.004792 
3891.000000 0.004765 
3892.000000 0.004738 
3893.000000 0.004711 
3894.000000 0.004684 
3895.000000 0.004657 
3896.000000 0.004630 
3897.000000 0.004603 
3898.000000 0.004577 
3899.000000 0.004550 
3900.000000 0.004523 
3901.000000 0.004496 
3902.000000 0.004470 
3903.000000 0.004443 
3904.000000 0.004417 
3905.000000 0.004390 
3906.000000 0.004364 
3907.000000 0.004337 
3908.000000 0.004311 
3909.000000 0.004285 
3910.000000 0.004258 
3911.000000 0.004232 
3912.000000 0.004206 
3913.000000 0.004180 
3914.000000 0.004154 
3915.000000 0.004128 
3916.000000 0.004101 
3917.000000 0.004075 
3918.000000 0.004050 
3919.000000 0.004024 
3920.000000 0.003998 
3921.000000 0.003972 
3922.000000 0.003946 
3923.000000 0.003920 
3924.000000 0.003895 
3925.000000 0.003869 
3926.000000 0.003843 
3927.000000 0.003818 
3928.000000 0.003792 
3929.000000 0.003766 
3930.000000 0.003741 
3931.000000 0.003715 
3932.000000 0.003690 
3933.000000 0.003664 
3934.000000 0.003639 
3935.000000 0.003613 
3936.000000 0.003588 
3937.000000 0.003563 
3938.000000 0.003537 
3939.000000 0.003512 
3940.000000 0.003487 
3941.000000 0.003462 
3942.000000 0.003436 
3943.000000 0.003411 
3944.000000 0.003386 
3945.000000 0.003361 
3946.000000 0.003336 
3947.000000 0.003311 
3948.000000 0.003285 
3949.000000 0.003260 
3950.000000 0.003235 
3951.000000 0.003210 
3952.000000 0.003185 
3953.000000 0.003160 
3954.000000 0.003135 
3955.000000 0.003110 
3956.000000 0.003085 
3957.000000 0.003060 
3958.000000 0.003035 
3959.000000 0.003010 
3960.000000 0.002985 
3961.000000 0.002960 
3962.000000 0.002935 
3963.000000 0.002910 
3964.000000 0.002885 
3965.000000 0.002860 
3966.000000 0.002835 
3967.000000 0.002810 
3968.000000 0.002785 
3969.000000 0.002760 
3970.000000 0.002735 
3971.000000 0.002710 
3972.000000 0.002685 
3973.000000 0.002660 
3974.000000 0.002635 
3975.000000 0.002610 
3976.000000 0.002584 
3977.000000 0.002559 
3978.000000 0.002534 
3979.000000 0.002509 
3980.000000 0.002484 
3981.000000 0.002458 
3982.000000 0.002433 
3983.000000 0.002408 
3984.000000 0.002382 
3985.000000 0.002357 
3986.000000 0.002331 
3987.000000 0.002306 
3988.000000 0.002280 
3989.000000 0.002255 
3990.000000 0.002229 
3991.000000 0.002203 
3992.000000 0.002177 
3993.000000 0.002151 
3994.000000 0.002125 
3995.000000 0.002099 
3996.000000 0.002073 
3997.000000 0.002047 
3998.000000 0.002021 
3999.000000 0.001994 
4000.000000 0.001968 
