0.000000 1.000000 
1.000000 0.999999 
2.000000 0.999998 
3.000000 0.999997 
4.000000 0.999995 
5.000000 0.999992 
6.000000 0.999989 
7.000000 0.999985 
8.000000 0.999981 
9.000000 0.999976 
10.000000 0.999971 
11.000000 0.999965 
12.000000 0.999958 
13.000000 0.999951 
14.000000 0.999944 
15.000000 0.999936 
16.000000 0.999927 
17.000000 0.999918 
18.000000 0.999909 
19.000000 0.999898 
20.000000 0.999888 
21.000000 0.999877 
22.000000 0.999865 
23.000000 0.999853 
24.000000 0.999840 
25.000000 0.999827 
26.000000 0.999813 
27.000000 0.999799 
28.000000 0.999784 
29.000000 0.999768 
30.000000 0.999752 
31.000000 0.999736 
32.000000 0.999719 
33.000000 0.999702 
34.000000 0.999684 
35.000000 0.999665 
36.000000 0.999646 
37.000000 0.999627 
38.000000 0.999607 
39.000000 0.999586 
40.000000 0.999565 
41.000000 0.999544 
42.000000 0.999522 
43.000000 0.999499 
44.000000 0.999477 
45.000000 0.999453 
46.000000 0.999429 
47.000000 0.999405 
48.000000 0.999380 
49.000000 0.999354 
50.000000 0.999328 
51.000000 0.999302 
52.000000 0.999275 
53.000000 0.999248 
54.000000 0.999220 
55.000000 0.999191 
56.000000 0.999163 
57.000000 0.999133 
58.000000 0.999104 
59.000000 0.999073 
60.000000 0.999043 
61.000000 0.999012 
62.000000 0.998980 
63.000000 0.998948 
64.000000 0.998915 
65.000000 0.998882 
66.000000 0.998849 
67.000000 0.998815 
68.000000 0.998781 
69.000000 0.998746 
70.000000 0.998711 
71.000000 0.998675 
72.000000 0.998639 
73.000000 0.998602 
74.000000 0.998565 
75.000000 0.998528 
76.000000 0.998490 
77.000000 0.998451 
78.000000 0.998413 
79.000000 0.998374 
80.000000 0.998334 
81.000000 0.998294 
82.000000 0.998253 
83.000000 0.998213 
84.000000 0.998171 
85.000000 0.998130 
86.000000 0.998088 
87.000000 0.998045 
88.000000 0.998002 
89.000000 0.997959 
90.000000 0.997915 
91.000000 0.997871 
92.000000 0.997826 
93.000000 0.997781 
94.000000 0.997736 
95.000000 0.997691 
96.000000 0.997644 
97.000000 0.997598 
98.000000 0.997551 
99.000000 0.997504 
100.000000 0.997456 
101.000000 0.997408 
102.000000 0.997360 
103.000000 0.997311 
104.000000 0.997262 
105.000000 0.997212 
106.000000 0.997163 
107.000000 0.997112 
108.000000 0.997062 
109.000000 0.997011 
110.000000 0.996959 
111.000000 0.996908 
112.000000 0.996856 
113.000000 0.996803 
114.000000 0.996751 
115.000000 0.996698 
116.000000 0.996644 
117.000000 0.996590 
118.000000 0.996536 
119.000000 0.996482 
120.000000 0.996427 
121.000000 0.996372 
122.000000 0.996316 
123.000000 0.996260 
124.000000 0.996204 
125.000000 0.996148 
126.000000 0.996091 
127.000000 0.996034 
128.000000 0.995976 
129.000000 0.995918 
130.000000 0.995860 
131.000000 0.995802 
132.000000 0.995743 
133.000000 0.995684 
134.000000 0.995624 
135.000000 0.995565 
136.000000 0.995505 
137.000000 0.995444 
138.000000 0.995383 
139.000000 0.995322 
140.000000 0.995261 
141.000000 0.995199 
142.000000 0.995137 
143.000000 0.995075 
144.000000 0.995013 
145.000000 0.994950 
146.000000 0.994887 
147.000000 0.994823 
148.000000 0.994759 
149.000000 0.994695 
150.000000 0.994631 
151.000000 0.994566 
152.000000 0.994501 
153.000000 0.994436 
154.000000 0.994370 
155.000000 0.994304 
156.000000 0.994238 
157.000000 0.994172 
158.000000 0.994105 
159.000000 0.994038 
160.000000 0.993970 
161.000000 0.993903 
162.000000 0.993835 
163.000000 0.993767 
164.000000 0.993698 
165.000000 0.993629 
166.000000 0.993560 
167.000000 0.993491 
168.000000 0.993421 
169.000000 0.993351 
170.000000 0.993281 
171.000000 0.993210 
172.000000 0.993139 
173.000000 0.993068 
174.000000 0.992997 
175.000000 0.992925 
176.000000 0.992853 
177.000000 0.992781 
178.000000 0.992708 
179.000000 0.992635 
180.000000 0.992562 
181.000000 0.992489 
182.000000 0.992415 
183.000000 0.992341 
184.000000 0.992266 
185.000000 0.992192 
186.000000 0.992117 
187.000000 0.992042 
188.000000 0.991966 
189.000000 0.991891 
190.000000 0.991814 
191.000000 0.991738 
192.000000 0.991662 
193.000000 0.991585 
194.000000 0.991507 
195.000000 0.991430 
196.000000 0.991352 
197.000000 0.991274 
198.000000 0.991196 
199.000000 0.991117 
200.000000 0.991038 
201.000000 0.990959 
202.000000 0.990879 
203.000000 0.990800 
204.000000 0.990720 
205.000000 0.990639 
206.000000 0.990559 
207.000000 0.990478 
208.000000 0.990396 
209.000000 0.990315 
210.000000 0.990233 
211.000000 0.990151 
212.000000 0.990068 
213.000000 0.989985 
214.000000 0.989902 
215.000000 0.989819 
216.000000 0.989735 
217.000000 0.989651 
218.000000 0.989567 
219.000000 0.989483 
220.000000 0.989398 
221.000000 0.989313 
222.000000 0.989227 
223.000000 0.989141 
224.000000 0.989055 
225.000000 0.988969 
226.000000 0.988882 
227.000000 0.988795 
228.000000 0.988708 
229.000000 0.988621 
230.000000 0.988533 
231.000000 0.988445 
232.000000 0.988356 
233.000000 0.988267 
234.000000 0.988178 
235.000000 0.988089 
236.000000 0.987999 
237.000000 0.987909 
238.000000 0.987819 
239.000000 0.987728 
240.000000 0.987637 
241.000000 0.987546 
242.000000 0.987454 
243.000000 0.987362 
244.000000 0.987270 
245.000000 0.987177 
246.000000 0.987084 
247.000000 0.986991 
248.000000 0.986898 
249.000000 0.986804 
250.000000 0.986710 
251.000000 0.986615 
252.000000 0.986520 
253.000000 0.986425 
254.000000 0.986330 
255.000000 0.986234 
256.000000 0.986138 
257.000000 0.986042 
258.000000 0.985945 
259.000000 0.985848 
260.000000 0.985751 
261.000000 0.985653 
262.000000 0.985555 
263.000000 0.985457 
264.000000 0.985358 
265.000000 0.985259 
266.000000 0.985159 
267.000000 0.985060 
268.000000 0.984960 
269.000000 0.984860 
270.000000 0.984759 
271.000000 0.984658 
272.000000 0.984557 
273.000000 0.984455 
274.000000 0.984353 
275.000000 0.984251 
276.000000 0.984148 
277.000000 0.984045 
278.000000 0.983942 
279.000000 0.983838 
280.000000 0.983734 
281.000000 0.983630 
282.000000 0.983525 
283.000000 0.983420 
284.000000 0.983315 
285.000000 0.983209 
286.000000 0.983103 
287.000000 0.982997 
288.000000 0.982890 
289.000000 0.982783 
290.000000 0.982676 
291.000000 0.982568 
292.000000 0.982460 
293.000000 0.982352 
294.000000 0.982243 
295.000000 0.982134 
296.000000 0.982025 
297.000000 0.981915 
298.000000 0.981805 
299.000000 0.981695 
300.000000 0.981584 
301.000000 0.981473 
302.000000 0.981362 
303.000000 0.981250 
304.000000 0.981138 
305.000000 0.981026 
306.000000 0.980913 
307.000000 0.980800 
308.000000 0.980687 
309.000000 0.980573 
310.000000 0.980459 
311.000000 0.980344 
312.000000 0.980230 
313.000000 0.980115 
314.000000 0.979999 
315.000000 0.979883 
316.000000 0.979767 
317.000000 0.979651 
318.000000 0.979534 
319.000000 0.979417 
320.000000 0.979299 
321.000000 0.979182 
322.000000 0.979063 
323.000000 0.978945 
324.000000 0.978826 
325.000000 0.978707 
326.000000 0.978588 
327.000000 0.978468 
328.000000 0.978348 
329.000000 0.978227 
330.000000 0.978106 
331.000000 0.977985 
332.000000 0.977864 
333.000000 0.977742 
334.000000 0.977620 
335.000000 0.977497 
336.000000 0.977374 
337.000000 0.977251 
338.000000 0.977128 
339.000000 0.977004 
340.000000 0.976880 
341.000000 0.976755 
342.000000 0.976630 
343.000000 0.976505 
344.000000 0.976379 
345.000000 0.976254 
346.000000 0.976127 
347.000000 0.976001 
348.000000 0.975874 
349.000000 0.975747 
350.000000 0.975619 
351.000000 0.975492 
352.000000 0.975363 
353.000000 0.975235 
354.000000 0.975106 
355.000000 0.974977 
356.000000 0.974847 
357.000000 0.974718 
358.000000 0.974588 
359.000000 0.974457 
360.000000 0.974326 
361.000000 0.974195 
362.000000 0.974064 
363.000000 0.973932 
364.000000 0.973800 
365.000000 0.973667 
366.000000 0.973535 
367.000000 0.973401 
368.000000 0.973268 
369.000000 0.973134 
370.000000 0.973000 
371.000000 0.972866 
372.000000 0.972731 
373.000000 0.972596 
374.000000 0.972461 
375.000000 0.972325 
376.000000 0.972189 
377.000000 0.972053 
378.000000 0.971916 
379.000000 0.971779 
380.000000 0.971642 
381.000000 0.971504 
382.000000 0.971366 
383.000000 0.971228 
384.000000 0.971089 
385.000000 0.970950 
386.000000 0.970811 
387.000000 0.970672 
388.000000 0.970532 
389.000000 0.970392 
390.000000 0.970251 
391.000000 0.970110 
392.000000 0.969969 
393.000000 0.969828 
394.000000 0.969686 
395.000000 0.969544 
396.000000 0.969401 
397.000000 0.969259 
398.000000 0.969116 
399.000000 0.968972 
400.000000 0.968828 
401.000000 0.968684 
402.000000 0.968540 
403.000000 0.968396 
404.000000 0.968251 
405.000000 0.968105 
406.000000 0.967960 
407.000000 0.967814 
408.000000 0.967668 
409.000000 0.967521 
410.000000 0.967374 
411.000000 0.967227 
412.000000 0.967080 
413.000000 0.966932 
414.000000 0.966784 
415.000000 0.966635 
416.000000 0.966486 
417.000000 0.966337 
418.000000 0.966188 
419.000000 0.966038 
420.000000 0.965888 
421.000000 0.965738 
422.000000 0.965588 
423.000000 0.965437 
424.000000 0.965285 
425.000000 0.965134 
426.000000 0.964982 
427.000000 0.964830 
428.000000 0.964677 
429.000000 0.964524 
430.000000 0.964371 
431.000000 0.964218 
432.000000 0.964064 
433.000000 0.963910 
434.000000 0.963756 
435.000000 0.963601 
436.000000 0.963446 
437.000000 0.963291 
438.000000 0.963135 
439.000000 0.962979 
440.000000 0.962823 
441.000000 0.962666 
442.000000 0.962510 
443.000000 0.962352 
444.000000 0.962195 
445.000000 0.962037 
446.000000 0.961879 
447.000000 0.961721 
448.000000 0.961562 
449.000000 0.961403 
450.000000 0.961244 
451.000000 0.961084 
452.000000 0.960924 
453.000000 0.960764 
454.000000 0.960603 
455.000000 0.960442 
456.000000 0.960281 
457.000000 0.960119 
458.000000 0.959958 
459.000000 0.959795 
460.000000 0.959633 
461.000000 0.959470 
462.000000 0.959307 
463.000000 0.959144 
464.000000 0.958980 
465.000000 0.958816 
466.000000 0.958652 
467.000000 0.958487 
468.000000 0.958322 
469.000000 0.958157 
470.000000 0.957991 
471.000000 0.957826 
472.000000 0.957659 
473.000000 0.957493 
474.000000 0.957326 
475.000000 0.957159 
476.000000 0.956992 
477.000000 0.956824 
478.000000 0.956656 
479.000000 0.956488 
480.000000 0.956319 
481.000000 0.956150 
482.000000 0.955981 
483.000000 0.955811 
484.000000 0.955641 
485.000000 0.955471 
486.000000 0.955301 
487.000000 0.955130 
488.000000 0.954959 
489.000000 0.954787 
490.000000 0.954616 
491.000000 0.954444 
492.000000 0.954271 
493.000000 0.954099 
494.000000 0.953926 
495.000000 0.953752 
496.000000 0.953579 
497.000000 0.953405 
498.000000 0.953231 
499.000000 0.953056 
500.000000 0.952882 
501.000000 0.952706 
502.000000 0.952531 
503.000000 0.952355 
504.000000 0.952179 
505.000000 0.952003 
506.000000 0.951826 
507.000000 0.951649 
508.000000 0.951472 
509.000000 0.951295 
510.000000 0.951117 
511.000000 0.950938 
512.000000 0.950760 
513.000000 0.950581 
514.000000 0.950402 
515.000000 0.950223 
516.000000 0.950043 
517.000000 0.949863 
518.000000 0.949683 
519.000000 0.949502 
520.000000 0.949321 
521.000000 0.949140 
522.000000 0.948959 
523.000000 0.948777 
524.000000 0.948595 
525.000000 0.948412 
526.000000 0.948229 
527.000000 0.948046 
528.000000 0.947863 
529.000000 0.947679 
530.000000 0.947496 
531.000000 0.947311 
532.000000 0.947127 
533.000000 0.946942 
534.000000 0.946757 
535.000000 0.946571 
536.000000 0.946386 
537.000000 0.946199 
538.000000 0.946013 
539.000000 0.945826 
540.000000 0.945640 
541.000000 0.945452 
542.000000 0.945265 
543.000000 0.945077 
544.000000 0.944889 
545.000000 0.944700 
546.000000 0.944512 
547.000000 0.944323 
548.000000 0.944133 
549.000000 0.943944 
550.000000 0.943754 
551.000000 0.943564 
552.000000 0.943373 
553.000000 0.943182 
554.000000 0.942991 
555.000000 0.942800 
556.000000 0.942608 
557.000000 0.942416 
558.000000 0.942224 
559.000000 0.942031 
560.000000 0.941838 
561.000000 0.941645 
562.000000 0.941452 
563.000000 0.941258 
564.000000 0.941064 
565.000000 0.940869 
566.000000 0.940675 
567.000000 0.940480 
568.000000 0.940285 
569.000000 0.940089 
570.000000 0.939893 
571.000000 0.939697 
572.000000 0.939501 
573.000000 0.939304 
574.000000 0.939107 
575.000000 0.938910 
576.000000 0.938712 
577.000000 0.938515 
578.000000 0.938317 
579.000000 0.938118 
580.000000 0.937919 
581.000000 0.937720 
582.000000 0.937521 
583.000000 0.937322 
584.000000 0.937122 
585.000000 0.936922 
586.000000 0.936721 
587.000000 0.936521 
588.000000 0.936320 
589.000000 0.936118 
590.000000 0.935917 
591.000000 0.935715 
592.000000 0.935513 
593.000000 0.935310 
594.000000 0.935108 
595.000000 0.934905 
596.000000 0.934701 
597.000000 0.934498 
598.000000 0.934294 
599.000000 0.934090 
600.000000 0.933886 
601.000000 0.933681 
602.000000 0.933476 
603.000000 0.933271 
604.000000 0.933065 
605.000000 0.932859 
606.000000 0.932653 
607.000000 0.932447 
608.000000 0.932240 
609.000000 0.932033 
610.000000 0.931826 
611.000000 0.931619 
612.000000 0.931411 
613.000000 0.931203 
614.000000 0.930995 
615.000000 0.930786 
616.000000 0.930577 
617.000000 0.930368 
618.000000 0.930159 
619.000000 0.929949 
620.000000 0.929739 
621.000000 0.929529 
622.000000 0.929318 
623.000000 0.929108 
624.000000 0.928896 
625.000000 0.928685 
626.000000 0.928474 
627.000000 0.928262 
628.000000 0.928049 
629.000000 0.927837 
630.000000 0.927624 
631.000000 0.927411 
632.000000 0.927198 
633.000000 0.926985 
634.000000 0.926771 
635.000000 0.926557 
636.000000 0.926342 
637.000000 0.926128 
638.000000 0.925913 
639.000000 0.925698 
640.000000 0.925482 
641.000000 0.925266 
642.000000 0.925050 
643.000000 0.924834 
644.000000 0.924618 
645.000000 0.924401 
646.000000 0.924184 
647.000000 0.923966 
648.000000 0.923749 
649.000000 0.923531 
650.000000 0.923313 
651.000000 0.923094 
652.000000 0.922876 
653.000000 0.922657 
654.000000 0.922437 
655.000000 0.922218 
656.000000 0.921998 
657.000000 0.921778 
658.000000 0.921558 
659.000000 0.921337 
660.000000 0.921116 
661.000000 0.920895 
662.000000 0.920674 
663.000000 0.920452 
664.000000 0.920230 
665.000000 0.920008 
666.000000 0.919786 
667.000000 0.919563 
668.000000 0.919340 
669.000000 0.919117 
670.000000 0.918893 
671.000000 0.918670 
672.000000 0.918445 
673.000000 0.918221 
674.000000 0.917997 
675.000000 0.917772 
676.000000 0.917547 
677.000000 0.917321 
678.000000 0.917096 
679.000000 0.916870 
680.000000 0.916644 
681.000000 0.916417 
682.000000 0.916190 
683.000000 0.915963 
684.000000 0.915736 
685.000000 0.915509 
686.000000 0.915281 
687.000000 0.915053 
688.000000 0.914825 
689.000000 0.914596 
690.000000 0.914367 
691.000000 0.914138 
692.000000 0.913909 
693.000000 0.913679 
694.000000 0.913449 
695.000000 0.913219 
696.000000 0.912989 
697.000000 0.912758 
698.000000 0.912527 
699.000000 0.912296 
700.000000 0.912065 
701.000000 0.911833 
702.000000 0.911601 
703.000000 0.911369 
704.000000 0.911136 
705.000000 0.910904 
706.000000 0.910671 
707.000000 0.910437 
708.000000 0.910204 
709.000000 0.909970 
710.000000 0.909736 
711.000000 0.909502 
712.000000 0.909267 
713.000000 0.909032 
714.000000 0.908797 
715.000000 0.908562 
716.000000 0.908326 
717.000000 0.908091 
718.000000 0.907855 
719.000000 0.907618 
720.000000 0.907381 
721.000000 0.907145 
722.000000 0.906907 
723.000000 0.906670 
724.000000 0.906432 
725.000000 0.906195 
726.000000 0.905956 
727.000000 0.905718 
728.000000 0.905479 
729.000000 0.905240 
730.000000 0.905001 
731.000000 0.904762 
732.000000 0.904522 
733.000000 0.904282 
734.000000 0.904042 
735.000000 0.903801 
736.000000 0.903561 
737.000000 0.903320 
738.000000 0.903078 
739.000000 0.902837 
740.000000 0.902595 
741.000000 0.902353 
742.000000 0.902111 
743.000000 0.901869 
744.000000 0.901626 
745.000000 0.901383 
746.000000 0.901139 
747.000000 0.900896 
748.000000 0.900652 
749.000000 0.900408 
750.000000 0.900164 
751.000000 0.899920 
752.000000 0.899675 
753.000000 0.899430 
754.000000 0.899185 
755.000000 0.898939 
756.000000 0.898693 
757.000000 0.898447 
758.000000 0.898201 
759.000000 0.897955 
760.000000 0.897708 
761.000000 0.897461 
762.000000 0.897214 
763.000000 0.896966 
764.000000 0.896718 
765.000000 0.896470 
766.000000 0.896222 
767.000000 0.895974 
768.000000 0.895725 
769.000000 0.895476 
770.000000 0.895227 
771.000000 0.894977 
772.000000 0.894728 
773.000000 0.894478 
774.000000 0.894227 
775.000000 0.893977 
776.000000 0.893726 
777.000000 0.893475 
778.000000 0.893224 
779.000000 0.892973 
780.000000 0.892721 
781.000000 0.892469 
782.000000 0.892217 
783.000000 0.891965 
784.000000 0.891712 
785.000000 0.891459 
786.000000 0.891206 
787.000000 0.890953 
788.000000 0.890699 
789.000000 0.890446 
790.000000 0.890192 
791.000000 0.889937 
792.000000 0.889683 
793.000000 0.889428 
794.000000 0.889173 
795.000000 0.888918 
796.000000 0.888662 
797.000000 0.888406 
798.000000 0.888150 
799.000000 0.887894 
800.000000 0.887638 
801.000000 0.887381 
802.000000 0.887124 
803.000000 0.886867 
804.000000 0.886610 
805.000000 0.886352 
806.000000 0.886094 
807.000000 0.885836 
808.000000 0.885578 
809.000000 0.885319 
810.000000 0.885061 
811.000000 0.884802 
812.000000 0.884542 
813.000000 0.884283 
814.000000 0.884023 
815.000000 0.883763 
816.000000 0.883503 
817.000000 0.883243 
818.000000 0.882982 
819.000000 0.882721 
820.000000 0.882460 
821.000000 0.882199 
822.000000 0.881937 
823.000000 0.881676 
824.000000 0.881414 
825.000000 0.881151 
826.000000 0.880889 
827.000000 0.880626 
828.000000 0.880363 
829.000000 0.880100 
830.000000 0.879837 
831.000000 0.879573 
832.000000 0.879309 
833.000000 0.879045 
834.000000 0.878781 
835.000000 0.878517 
836.000000 0.878252 
837.000000 0.877987 
838.000000 0.877722 
839.000000 0.877456 
840.000000 0.877191 
841.000000 0.876925 
842.000000 0.876659 
843.000000 0.876393 
844.000000 0.876126 
845.000000 0.875859 
846.000000 0.875592 
847.000000 0.875325 
848.000000 0.875058 
849.000000 0.874790 
850.000000 0.874522 
851.000000 0.874254 
852.000000 0.873986 
853.000000 0.873718 
854.000000 0.873449 
855.000000 0.873180 
856.000000 0.872911 
857.000000 0.872641 
858.000000 0.872372 
859.000000 0.872102 
860.000000 0.871832 
861.000000 0.871562 
862.000000 0.871291 
863.000000 0.871021 
864.000000 0.870750 
865.000000 0.870479 
866.000000 0.870207 
867.000000 0.869936 
868.000000 0.869664 
869.000000 0.869392 
870.000000 0.869120 
871.000000 0.868847 
872.000000 0.868575 
873.000000 0.868302 
874.000000 0.868029 
875.000000 0.867756 
876.000000 0.867482 
877.000000 0.867208 
878.000000 0.866934 
879.000000 0.866660 
880.000000 0.866386 
881.000000 0.866111 
882.000000 0.865837 
883.000000 0.865562 
884.000000 0.865286 
885.000000 0.865011 
886.000000 0.864735 
887.000000 0.864460 
888.000000 0.864184 
889.000000 0.863907 
890.000000 0.863631 
891.000000 0.863354 
892.000000 0.863077 
893.000000 0.862800 
894.000000 0.862523 
895.000000 0.862245 
896.000000 0.861968 
897.000000 0.861690 
898.000000 0.861412 
899.000000 0.861133 
900.000000 0.860855 
901.000000 0.860576 
902.000000 0.860297 
903.000000 0.860018 
904.000000 0.859739 
905.000000 0.859459 
906.000000 0.859179 
907.000000 0.858899 
908.000000 0.858619 
909.000000 0.858339 
910.000000 0.858058 
911.000000 0.857777 
912.000000 0.857496 
913.000000 0.857215 
914.000000 0.856934 
915.000000 0.856652 
916.000000 0.856370 
917.000000 0.856088 
918.000000 0.855806 
919.000000 0.855524 
920.000000 0.855241 
921.000000 0.854958 
922.000000 0.854675 
923.000000 0.854392 
924.000000 0.854108 
925.000000 0.853825 
926.000000 0.853541 
927.000000 0.853257 
928.000000 0.852973 
929.000000 0.852688 
930.000000 0.852403 
931.000000 0.852119 
932.000000 0.851834 
933.000000 0.851548 
934.000000 0.851263 
935.000000 0.850977 
936.000000 0.850691 
937.000000 0.850405 
938.000000 0.850119 
939.000000 0.849833 
940.000000 0.849546 
941.000000 0.849259 
942.000000 0.848972 
943.000000 0.848685 
944.000000 0.848398 
945.000000 0.848110 
946.000000 0.847822 
947.000000 0.847534 
948.000000 0.847246 
949.000000 0.846958 
950.000000 0.846669 
951.000000 0.846380 
952.000000 0.846091 
953.000000 0.845802 
954.000000 0.845513 
955.000000 0.845223 
956.000000 0.844933 
957.000000 0.844644 
958.000000 0.844353 
959.000000 0.844063 
960.000000 0.843773 
961.000000 0.843482 
962.000000 0.843191 
963.000000 0.842900 
964.000000 0.842609 
965.000000 0.842317 
966.000000 0.842026 
967.000000 0.841734 
968.000000 0.841442 
969.000000 0.841150 
970.000000 0.840857 
971.000000 0.840565 
972.000000 0.840272 
973.000000 0.839979 
974.000000 0.839686 
975.000000 0.839392 
976.000000 0.839099 
977.000000 0.838805 
978.000000 0.838511 
979.000000 0.838217 
980.000000 0.837923 
981.000000 0.837629 
982.000000 0.837334 
983.000000 0.837039 
984.000000 0.836744 
985.000000 0.836449 
986.000000 0.836154 
987.000000 0.835858 
988.000000 0.835563 
989.000000 0.835267 
990.000000 0.834971 
991.000000 0.834674 
992.000000 0.834378 
993.000000 0.834081 
994.000000 0.833784 
995.000000 0.833488 
996.000000 0.833190 
997.000000 0.832893 
998.000000 0.832596 
999.000000 0.832298 
1000.000000 0.832000 
1001.000000 0.831702 
1002.000000 0.831404 
1003.000000 0.831105 
1004.000000 0.830807 
1005.000000 0.830508 
1006.000000 0.830209 
1007.000000 0.829910 
1008.000000 0.829611 
1009.000000 0.829311 
1010.000000 0.829012 
1011.000000 0.828712 
1012.000000 0.828412 
1013.000000 0.828112 
1014.000000 0.827812 
1015.000000 0.827511 
1016.000000 0.827210 
1017.000000 0.826910 
1018.000000 0.826609 
1019.000000 0.826307 
1020.000000 0.826006 
1021.000000 0.825705 
1022.000000 0.825403 
1023.000000 0.825101 
1024.000000 0.824799 
1025.000000 0.824497 
1026.000000 0.824195 
1027.000000 0.823892 
1028.000000 0.823589 
1029.000000 0.823287 
1030.000000 0.822983 
1031.000000 0.822680 
1032.000000 0.822377 
1033.000000 0.822073 
1034.000000 0.821770 
1035.000000 0.821466 
1036.000000 0.821162 
1037.000000 0.820858 
1038.000000 0.820553 
1039.000000 0.820249 
1040.000000 0.819944 
1041.000000 0.819639 
1042.000000 0.819334 
1043.000000 0.819029 
1044.000000 0.818724 
1045.000000 0.818418 
1046.000000 0.818113 
1047.000000 0.817807 
1048.000000 0.817501 
1049.000000 0.817195 
1050.000000 0.816888 
1051.000000 0.816582 
1052.000000 0.816275 
1053.000000 0.815969 
1054.000000 0.815662 
1055.000000 0.815355 
1056.000000 0.815047 
1057.000000 0.814740 
1058.000000 0.814432 
1059.000000 0.814125 
1060.000000 0.813817 
1061.000000 0.813509 
1062.000000 0.813200 
1063.000000 0.812892 
1064.000000 0.812584 
1065.000000 0.812275 
1066.000000 0.811966 
1067.000000 0.811657 
1068.000000 0.811348 
1069.000000 0.811039 
1070.000000 0.810729 
1071.000000 0.810419 
1072.000000 0.810110 
1073.000000 0.809800 
1074.000000 0.809490 
1075.000000 0.809180 
1076.000000 0.808869 
1077.000000 0.808559 
1078.000000 0.808248 
1079.000000 0.807937 
1080.000000 0.807626 
1081.000000 0.807315 
1082.000000 0.807004 
1083.000000 0.806692 
1084.000000 0.806381 
1085.000000 0.806069 
1086.000000 0.805757 
1087.000000 0.805445 
1088.000000 0.805133 
1089.000000 0.804820 
1090.000000 0.804508 
1091.000000 0.804195 
1092.000000 0.803882 
1093.000000 0.803569 
1094.000000 0.803256 
1095.000000 0.802943 
1096.000000 0.802630 
1097.000000 0.802316 
1098.000000 0.802002 
1099.000000 0.801689 
1100.000000 0.801375 
1101.000000 0.801061 
1102.000000 0.800746 
1103.000000 0.800432 
1104.000000 0.800117 
1105.000000 0.799803 
1106.000000 0.799488 
1107.000000 0.799173 
1108.000000 0.798858 
1109.000000 0.798542 
1110.000000 0.798227 
1111.000000 0.797911 
1112.000000 0.797595 
1113.000000 0.797280 
1114.000000 0.796964 
1115.000000 0.796647 
1116.000000 0.796331 
1117.000000 0.796015 
1118.000000 0.795698 
1119.000000 0.795381 
1120.000000 0.795064 
1121.000000 0.794747 
1122.000000 0.794430 
1123.000000 0.794113 
1124.000000 0.793796 
1125.000000 0.793478 
1126.000000 0.793160 
1127.000000 0.792842 
1128.000000 0.792524 
1129.000000 0.792206 
1130.000000 0.791888 
1131.000000 0.791570 
1132.000000 0.791251 
1133.000000 0.790932 
1134.000000 0.790613 
1135.000000 0.790295 
1136.000000 0.789975 
1137.000000 0.789656 
1138.000000 0.789337 
1139.000000 0.789017 
1140.000000 0.788698 
1141.000000 0.788378 
1142.000000 0.788058 
1143.000000 0.787738 
1144.000000 0.787418 
1145.000000 0.787097 
1146.000000 0.786777 
1147.000000 0.786456 
1148.000000 0.786135 
1149.000000 0.785814 
1150.000000 0.785493 
1151.000000 0.785172 
1152.000000 0.784851 
1153.000000 0.784530 
1154.000000 0.784208 
1155.000000 0.783886 
1156.000000 0.783565 
1157.000000 0.783243 
1158.000000 0.782920 
1159.000000 0.782598 
1160.000000 0.782276 
1161.000000 0.781953 
1162.000000 0.781631 
1163.000000 0.781308 
1164.000000 0.780985 
1165.000000 0.780662 
1166.000000 0.780339 
1167.000000 0.780016 
1168.000000 0.779692 
1169.000000 0.779369 
1170.000000 0.779045 
1171.000000 0.778721 
1172.000000 0.778398 
1173.000000 0.778073 
1174.000000 0.777749 
1175.000000 0.777425 
1176.000000 0.777101 
1177.000000 0.776776 
1178.000000 0.776451 
1179.000000 0.776127 
1180.000000 0.775802 
1181.000000 0.775477 
1182.000000 0.775151 
1183.000000 0.774826 
1184.000000 0.774501 
1185.000000 0.774175 
1186.000000 0.773849 
1187.000000 0.773524 
1188.000000 0.773198 
1189.000000 0.772871 
1190.000000 0.772545 
1191.000000 0.772219 
1192.000000 0.771893 
1193.000000 0.771566 
1194.000000 0.771239 
1195.000000 0.770913 
1196.000000 0.770586 
1197.000000 0.770259 
1198.000000 0.769931 
1199.000000 0.769604 
1200.000000 0.769277 
1201.000000 0.768949 
1202.000000 0.768622 
1203.000000 0.768294 
1204.000000 0.767966 
1205.000000 0.767638 
1206.000000 0.767310 
1207.000000 0.766981 
1208.000000 0.766653 
1209.000000 0.766325 
1210.000000 0.765996 
1211.000000 0.765667 
1212.000000 0.765338 
1213.000000 0.765010 
1214.000000 0.764680 
1215.000000 0.764351 
1216.000000 0.764022 
1217.000000 0.763692 
1218.000000 0.763363 
1219.000000 0.763033 
1220.000000 0.762704 
1221.000000 0.762374 
1222.000000 0.762044 
1223.000000 0.761714 
1224.000000 0.761383 
1225.000000 0.761053 
1226.000000 0.760723 
1227.000000 0.760392 
1228.000000 0.760061 
1229.000000 0.759731 
1230.000000 0.759400 
1231.000000 0.759069 
1232.000000 0.758737 
1233.000000 0.758406 
1234.000000 0.758075 
1235.000000 0.757743 
1236.000000 0.757412 
1237.000000 0.757080 
1238.000000 0.756748 
1239.000000 0.756416 
1240.000000 0.756084 
1241.000000 0.755752 
1242.000000 0.755420 
1243.000000 0.755088 
1244.000000 0.754755 
1245.000000 0.754423 
1246.000000 0.754090 
1247.000000 0.753757 
1248.000000 0.753424 
1249.000000 0.753091 
1250.000000 0.752758 
1251.000000 0.752425 
1252.000000 0.752092 
1253.000000 0.751758 
1254.000000 0.751425 
1255.000000 0.751091 
1256.000000 0.750758 
1257.000000 0.750424 
1258.000000 0.750090 
1259.000000 0.749756 
1260.000000 0.749422 
1261.000000 0.749087 
1262.000000 0.748753 
1263.000000 0.748419 
1264.000000 0.748084 
1265.000000 0.747749 
1266.000000 0.747415 
1267.000000 0.747080 
1268.000000 0.746745 
1269.000000 0.746410 
1270.000000 0.746075 
1271.000000 0.745739 
1272.000000 0.745404 
1273.000000 0.745068 
1274.000000 0.744733 
1275.000000 0.744397 
1276.000000 0.744061 
1277.000000 0.743726 
1278.000000 0.743390 
1279.000000 0.743054 
1280.000000 0.742717 
1281.000000 0.742381 
1282.000000 0.742045 
1283.000000 0.741708 
1284.000000 0.741372 
1285.000000 0.741035 
1286.000000 0.740698 
1287.000000 0.740362 
1288.000000 0.740025 
1289.000000 0.739688 
1290.000000 0.739350 
1291.000000 0.739013 
1292.000000 0.738676 
1293.000000 0.738338 
1294.000000 0.738001 
1295.000000 0.737663 
1296.000000 0.737326 
1297.000000 0.736988 
1298.000000 0.736650 
1299.000000 0.736312 
1300.000000 0.735974 
1301.000000 0.735636 
1302.000000 0.735298 
1303.000000 0.734959 
1304.000000 0.734621 
1305.000000 0.734282 
1306.000000 0.733944 
1307.000000 0.733605 
1308.000000 0.733266 
1309.000000 0.732927 
1310.000000 0.732588 
1311.000000 0.732249 
1312.000000 0.731910 
1313.000000 0.731571 
1314.000000 0.731231 
1315.000000 0.730892 
1316.000000 0.730552 
1317.000000 0.730213 
1318.000000 0.729873 
1319.000000 0.729533 
1320.000000 0.729193 
1321.000000 0.728853 
1322.000000 0.728513 
1323.000000 0.728173 
1324.000000 0.727833 
1325.000000 0.727493 
1326.000000 0.727152 
1327.000000 0.726812 
1328.000000 0.726471 
1329.000000 0.726130 
1330.000000 0.725790 
1331.000000 0.725449 
1332.000000 0.725108 
1333.000000 0.724767 
1334.000000 0.724426 
1335.000000 0.724085 
1336.000000 0.723743 
1337.000000 0.723402 
1338.000000 0.723060 
1339.000000 0.722719 
1340.000000 0.722377 
1341.000000 0.722036 
1342.000000 0.721694 
1343.000000 0.721352 
1344.000000 0.721010 
1345.000000 0.720668 
1346.000000 0.720326 
1347.000000 0.719984 
1348.000000 0.719641 
1349.000000 0.719299 
1350.000000 0.718957 
1351.000000 0.718614 
1352.000000 0.718272 
1353.000000 0.717929 
1354.000000 0.717586 
1355.000000 0.717243 
1356.000000 0.716900 
1357.000000 0.716557 
1358.000000 0.716214 
1359.000000 0.715871 
1360.000000 0.715528 
1361.000000 0.715185 
1362.000000 0.714841 
1363.000000 0.714498 
1364.000000 0.714154 
1365.000000 0.713811 
1366.000000 0.713467 
1367.000000 0.713123 
1368.000000 0.712779 
1369.000000 0.712435 
1370.000000 0.712091 
1371.000000 0.711747 
1372.000000 0.711403 
1373.000000 0.711059 
1374.000000 0.710715 
1375.000000 0.710370 
1376.000000 0.710026 
1377.000000 0.709681 
1378.000000 0.709337 
1379.000000 0.708992 
1380.000000 0.708647 
1381.000000 0.708302 
1382.000000 0.707957 
1383.000000 0.707612 
1384.000000 0.707267 
1385.000000 0.706922 
1386.000000 0.706577 
1387.000000 0.706232 
1388.000000 0.705886 
1389.000000 0.705541 
1390.000000 0.705195 
1391.000000 0.704850 
1392.000000 0.704504 
1393.000000 0.704159 
1394.000000 0.703813 
1395.000000 0.703467 
1396.000000 0.703121 
1397.000000 0.702775 
1398.000000 0.702429 
1399.000000 0.702083 
1400.000000 0.701737 
1401.000000 0.701391 
1402.000000 0.701044 
1403.000000 0.700698 
1404.000000 0.700351 
1405.000000 0.700005 
1406.000000 0.699658 
1407.000000 0.699312 
1408.000000 0.698965 
1409.000000 0.698618 
1410.000000 0.698271 
1411.000000 0.697924 
1412.000000 0.697577 
1413.000000 0.697230 
1414.000000 0.696883 
1415.000000 0.696536 
1416.000000 0.696189 
1417.000000 0.695841 
1418.000000 0.695494 
1419.000000 0.695147 
1420.000000 0.694799 
1421.000000 0.694451 
1422.000000 0.694104 
1423.000000 0.693756 
1424.000000 0.693408 
1425.000000 0.693061 
1426.000000 0.692713 
1427.000000 0.692365 
1428.000000 0.692017 
1429.000000 0.691669 
1430.000000 0.691320 
1431.000000 0.690972 
1432.000000 0.690624 
1433.000000 0.690276 
1434.000000 0.689927 
1435.000000 0.689579 
1436.000000 0.689230 
1437.000000 0.688882 
1438.000000 0.688533 
1439.000000 0.688185 
1440.000000 0.687836 
1441.000000 0.687487 
1442.000000 0.687138 
1443.000000 0.686789 
1444.000000 0.686440 
1445.000000 0.686091 
1446.000000 0.685742 
1447.000000 0.685393 
1448.000000 0.685044 
1449.000000 0.684695 
1450.000000 0.684345 
1451.000000 0.683996 
1452.000000 0.683647 
1453.000000 0.683297 
1454.000000 0.682948 
1455.000000 0.682598 
1456.000000 0.682249 
1457.000000 0.681899 
1458.000000 0.681549 
1459.000000 0.681199 
1460.000000 0.680849 
1461.000000 0.680500 
1462.000000 0.680150 
1463.000000 0.679800 
1464.000000 0.679450 
1465.000000 0.679100 
1466.000000 0.678749 
1467.000000 0.678399 
1468.000000 0.678049 
1469.000000 0.677699 
1470.000000 0.677348 
1471.000000 0.676998 
1472.000000 0.676647 
1473.000000 0.676297 
1474.000000 0.675946 
1475.000000 0.675596 
1476.000000 0.675245 
1477.000000 0.674894 
1478.000000 0.674544 
1479.000000 0.674193 
1480.000000 0.673842 
1481.000000 0.673491 
1482.000000 0.673140 
1483.000000 0.672789 
1484.000000 0.672438 
1485.000000 0.672087 
1486.000000 0.671736 
1487.000000 0.671385 
1488.000000 0.671034 
1489.000000 0.670682 
1490.000000 0.670331 
1491.000000 0.669980 
1492.000000 0.669628 
1493.000000 0.669277 
1494.000000 0.668926 
1495.000000 0.668574 
1496.000000 0.668222 
1497.000000 0.667871 
1498.000000 0.667519 
1499.000000 0.667167 
1500.000000 0.666816 
1501.000000 0.666464 
1502.000000 0.666112 
1503.000000 0.665760 
1504.000000 0.665408 
1505.000000 0.665056 
1506.000000 0.664704 
1507.000000 0.664352 
1508.000000 0.664000 
1509.000000 0.663648 
1510.000000 0.663296 
1511.000000 0.662944 
1512.000000 0.662592 
1513.000000 0.662239 
1514.000000 0.661887 
1515.000000 0.661535 
1516.000000 0.661182 
1517.000000 0.660830 
1518.000000 0.660477 
1519.000000 0.660125 
1520.000000 0.659772 
1521.000000 0.659420 
1522.000000 0.659067 
1523.000000 0.658715 
1524.000000 0.658362 
1525.000000 0.658009 
1526.000000 0.657656 
1527.000000 0.657304 
1528.000000 0.656951 
1529.000000 0.656598 
1530.000000 0.656245 
1531.000000 0.655892 
1532.000000 0.655539 
1533.000000 0.655186 
1534.000000 0.654833 
1535.000000 0.654480 
1536.000000 0.654127 
1537.000000 0.653774 
1538.000000 0.653421 
1539.000000 0.653067 
1540.000000 0.652714 
1541.000000 0.652361 
1542.000000 0.652007 
1543.000000 0.651654 
1544.000000 0.651301 
1545.000000 0.650947 
1546.000000 0.650594 
1547.000000 0.650240 
1548.000000 0.649887 
1549.000000 0.649533 
1550.000000 0.649180 
1551.000000 0.648826 
1552.000000 0.648473 
1553.000000 0.648119 
1554.000000 0.647765 
1555.000000 0.647412 
1556.000000 0.647058 
1557.000000 0.646704 
1558.000000 0.646350 
1559.000000 0.645996 
1560.000000 0.645642 
1561.000000 0.645289 
1562.000000 0.644935 
1563.000000 0.644581 
1564.000000 0.644227 
1565.000000 0.643873 
1566.000000 0.643519 
1567.000000 0.643165 
1568.000000 0.642811 
1569.000000 0.642456 
1570.000000 0.642102 
1571.000000 0.641748 
1572.000000 0.641394 
1573.000000 0.641040 
1574.000000 0.640686 
1575.000000 0.640331 
1576.000000 0.639977 
1577.000000 0.639623 
1578.000000 0.639268 
1579.000000 0.638914 
1580.000000 0.638560 
1581.000000 0.638205 
1582.000000 0.637851 
1583.000000 0.637496 
1584.000000 0.637142 
1585.000000 0.636787 
1586.000000 0.636433 
1587.000000 0.636078 
1588.000000 0.635724 
1589.000000 0.635369 
1590.000000 0.635015 
1591.000000 0.634660 
1592.000000 0.634305 
1593.000000 0.633951 
1594.000000 0.633596 
1595.000000 0.633241 
1596.000000 0.632886 
1597.000000 0.632532 
1598.000000 0.632177 
1599.000000 0.631822 
1600.000000 0.631467 
1601.000000 0.631113 
1602.000000 0.630758 
1603.000000 0.630403 
1604.000000 0.630048 
1605.000000 0.629693 
1606.000000 0.629338 
1607.000000 0.628983 
1608.000000 0.628628 
1609.000000 0.628273 
1610.000000 0.627918 
1611.000000 0.627563 
1612.000000 0.627208 
1613.000000 0.626853 
1614.000000 0.626498 
1615.000000 0.626143 
1616.000000 0.625788 
1617.000000 0.625433 
1618.000000 0.625078 
1619.000000 0.624723 
1620.000000 0.624368 
1621.000000 0.624012 
1622.000000 0.623657 
1623.000000 0.623302 
1624.000000 0.622947 
1625.000000 0.622592 
1626.000000 0.622236 
1627.000000 0.621881 
1628.000000 0.621526 
1629.000000 0.621171 
1630.000000 0.620816 
1631.000000 0.620460 
1632.000000 0.620105 
1633.000000 0.619750 
1634.000000 0.619394 
1635.000000 0.619039 
1636.000000 0.618684 
1637.000000 0.618328 
1638.000000 0.617973 
1639.000000 0.617618 
1640.000000 0.617262 
1641.000000 0.616907 
1642.000000 0.616552 
1643.000000 0.616196 
1644.000000 0.615841 
1645.000000 0.615485 
1646.000000 0.615130 
1647.000000 0.614775 
1648.000000 0.614419 
1649.000000 0.614064 
1650.000000 0.613708 
1651.000000 0.613353 
1652.000000 0.612997 
1653.000000 0.612642 
1654.000000 0.612287 
1655.000000 0.611931 
1656.000000 0.611576 
1657.000000 0.611220 
1658.000000 0.610865 
1659.000000 0.610509 
1660.000000 0.610154 
1661.000000 0.609798 
1662.000000 0.609443 
1663.000000 0.609087 
1664.000000 0.608732 
1665.000000 0.608376 
1666.000000 0.608021 
1667.000000 0.607665 
1668.000000 0.607310 
1669.000000 0.606954 
1670.000000 0.606599 
1671.000000 0.606243 
1672.000000 0.605888 
1673.000000 0.605532 
1674.000000 0.605177 
1675.000000 0.604821 
1676.000000 0.604466 
1677.000000 0.604110 
1678.000000 0.603755 
1679.000000 0.603399 
1680.000000 0.603044 
1681.000000 0.602688 
1682.000000 0.602333 
1683.000000 0.601977 
1684.000000 0.601622 
1685.000000 0.601266 
1686.000000 0.600911 
1687.000000 0.600555 
1688.000000 0.600200 
1689.000000 0.599844 
1690.000000 0.599489 
1691.000000 0.599134 
1692.000000 0.598778 
1693.000000 0.598423 
1694.000000 0.598067 
1695.000000 0.597712 
1696.000000 0.597356 
1697.000000 0.597001 
1698.000000 0.596645 
1699.000000 0.596290 
1700.000000 0.595935 
1701.000000 0.595579 
1702.000000 0.595224 
1703.000000 0.594868 
1704.000000 0.594513 
1705.000000 0.594158 
1706.000000 0.593802 
1707.000000 0.593447 
1708.000000 0.593092 
1709.000000 0.592736 
1710.000000 0.592381 
1711.000000 0.592026 
1712.000000 0.591670 
1713.000000 0.591315 
1714.000000 0.590960 
1715.000000 0.590605 
1716.000000 0.590249 
1717.000000 0.589894 
1718.000000 0.589539 
1719.000000 0.589184 
1720.000000 0.588828 
1721.000000 0.588473 
1722.000000 0.588118 
1723.000000 0.587763 
1724.000000 0.587408 
1725.000000 0.587052 
1726.000000 0.586697 
1727.000000 0.586342 
1728.000000 0.585987 
1729.000000 0.585632 
1730.000000 0.585277 
1731.000000 0.584922 
1732.000000 0.584567 
1733.000000 0.584212 
1734.000000 0.583857 
1735.000000 0.583501 
1736.000000 0.583146 
1737.000000 0.582791 
1738.000000 0.582437 
1739.000000 0.582082 
1740.000000 0.581727 
1741.000000 0.581372 
1742.000000 0.581017 
1743.000000 0.580662 
1744.000000 0.580307 
1745.000000 0.579952 
1746.000000 0.579597 
1747.000000 0.579242 
1748.000000 0.578888 
1749.000000 0.578533 
1750.000000 0.578178 
1751.000000 0.577823 
1752.000000 0.577469 
1753.000000 0.577114 
1754.000000 0.576759 
1755.000000 0.576404 
1756.000000 0.576050 
1757.000000 0.575695 
1758.000000 0.575341 
1759.000000 0.574986 
1760.000000 0.574631 
1761.000000 0.574277 
1762.000000 0.573922 
1763.000000 0.573568 
1764.000000 0.573213 
1765.000000 0.572859 
1766.000000 0.572504 
1767.000000 0.572150 
1768.000000 0.571795 
1769.000000 0.571441 
1770.000000 0.571087 
1771.000000 0.570732 
1772.000000 0.570378 
1773.000000 0.570024 
1774.000000 0.569669 
1775.000000 0.569315 
1776.000000 0.568961 
1777.000000 0.568607 
1778.000000 0.568253 
1779.000000 0.567898 
1780.000000 0.567544 
1781.000000 0.567190 
1782.000000 0.566836 
1783.000000 0.566482 
1784.000000 0.566128 
1785.000000 0.565774 
1786.000000 0.565420 
1787.000000 0.565066 
1788.000000 0.564712 
1789.000000 0.564358 
1790.000000 0.564004 
1791.000000 0.563650 
1792.000000 0.563297 
1793.000000 0.562943 
1794.000000 0.562589 
1795.000000 0.562235 
1796.000000 0.561882 
1797.000000 0.561528 
1798.000000 0.561174 
1799.000000 0.560821 
1800.000000 0.560467 
1801.000000 0.560113 
1802.000000 0.559760 
1803.000000 0.559406 
1804.000000 0.559053 
1805.000000 0.558699 
1806.000000 0.558346 
1807.000000 0.557993 
1808.000000 0.557639 
1809.000000 0.557286 
1810.000000 0.556933 
1811.000000 0.556579 
1812.000000 0.556226 
1813.000000 0.555873 
1814.000000 0.555520 
1815.000000 0.555167 
1816.000000 0.554813 
1817.000000 0.554460 
1818.000000 0.554107 
1819.000000 0.553754 
1820.000000 0.553401 
1821.000000 0.553048 
1822.000000 0.552696 
1823.000000 0.552343 
1824.000000 0.551990 
1825.000000 0.551637 
1826.000000 0.551284 
1827.000000 0.550932 
1828.000000 0.550579 
1829.000000 0.550226 
1830.000000 0.549873 
1831.000000 0.549521 
1832.000000 0.549168 
1833.000000 0.548816 
1834.000000 0.548463 
1835.000000 0.548111 
1836.000000 0.547758 
1837.000000 0.547406 
1838.000000 0.547054 
1839.000000 0.546701 
1840.000000 0.546349 
1841.000000 0.545997 
1842.000000 0.545645 
1843.000000 0.545293 
1844.000000 0.544940 
1845.000000 0.544588 
1846.000000 0.544236 
1847.000000 0.543884 
1848.000000 0.543532 
1849.000000 0.543180 
1850.000000 0.542829 
1851.000000 0.542477 
1852.000000 0.542125 
1853.000000 0.541773 
1854.000000 0.541421 
1855.000000 0.541070 
1856.000000 0.540718 
1857.000000 0.540367 
1858.000000 0.540015 
1859.000000 0.539664 
1860.000000 0.539312 
1861.000000 0.538961 
1862.000000 0.538609 
1863.000000 0.538258 
1864.000000 0.537907 
1865.000000 0.537555 
1866.000000 0.537204 
1867.000000 0.536853 
1868.000000 0.536502 
1869.000000 0.536151 
1870.000000 0.535800 
1871.000000 0.535449 
1872.000000 0.535098 
1873.000000 0.534747 
1874.000000 0.534396 
1875.000000 0.534045 
1876.000000 0.533695 
1877.000000 0.533344 
1878.000000 0.532993 
1879.000000 0.532643 
1880.000000 0.532292 
1881.000000 0.531941 
1882.000000 0.531591 
1883.000000 0.531241 
1884.000000 0.530890 
1885.000000 0.530540 
1886.000000 0.530190 
1887.000000 0.529839 
1888.000000 0.529489 
1889.000000 0.529139 
1890.000000 0.528789 
1891.000000 0.528439 
1892.000000 0.528089 
1893.000000 0.527739 
1894.000000 0.527389 
1895.000000 0.527039 
1896.000000 0.526690 
1897.000000 0.526340 
1898.000000 0.525990 
1899.000000 0.525640 
1900.000000 0.525291 
1901.000000 0.524941 
1902.000000 0.524592 
1903.000000 0.524243 
1904.000000 0.523893 
1905.000000 0.523544 
1906.000000 0.523194 
1907.000000 0.522845 
1908.000000 0.522496 
1909.000000 0.522147 
1910.000000 0.521798 
1911.000000 0.521449 
1912.000000 0.521100 
1913.000000 0.520751 
1914.000000 0.520402 
1915.000000 0.520054 
1916.000000 0.519705 
1917.000000 0.519356 
1918.000000 0.519008 
1919.000000 0.518659 
1920.000000 0.518311 
1921.000000 0.517962 
1922.000000 0.517614 
1923.000000 0.517265 
1924.000000 0.516917 
1925.000000 0.516569 
1926.000000 0.516221 
1927.000000 0.515873 
1928.000000 0.515525 
1929.000000 0.515177 
1930.000000 0.514829 
1931.000000 0.514481 
1932.000000 0.514133 
1933.000000 0.513785 
1934.000000 0.513438 
1935.000000 0.513090 
1936.000000 0.512742 
1937.000000 0.512395 
1938.000000 0.512047 
1939.000000 0.511700 
1940.000000 0.511353 
1941.000000 0.511005 
1942.000000 0.510658 
1943.000000 0.510311 
1944.000000 0.509964 
1945.000000 0.509617 
1946.000000 0.509270 
1947.000000 0.508923 
1948.000000 0.508576 
1949.000000 0.508229 
1950.000000 0.507883 
1951.000000 0.507536 
1952.000000 0.507189 
1953.000000 0.506843 
1954.000000 0.506496 
1955.000000 0.506150 
1956.000000 0.505803 
1957.000000 0.505457 
1958.000000 0.505111 
1959.000000 0.504765 
1960.000000 0.504419 
1961.000000 0.504073 
1962.000000 0.503727 
1963.000000 0.503381 
1964.000000 0.503035 
1965.000000 0.502689 
1966.000000 0.502343 
1967.000000 0.501998 
1968.000000 0.501652 
1969.000000 0.501307 
1970.000000 0.500961 
1971.000000 0.500616 
1972.000000 0.500270 
1973.000000 0.499925 
1974.000000 0.499580 
1975.000000 0.499235 
1976.000000 0.498890 
1977.000000 0.498545 
1978.000000 0.498200 
1979.000000 0.497855 
1980.000000 0.497510 
1981.000000 0.497166 
1982.000000 0.496821 
1983.000000 0.496476 
1984.000000 0.496132 
1985.000000 0.495787 
1986.000000 0.495443 
1987.000000 0.495099 
1988.000000 0.494754 
1989.000000 0.494410 
1990.000000 0.494066 
1991.000000 0.493722 
1992.000000 0.493378 
1993.000000 0.493034 
1994.000000 0.492690 
1995.000000 0.492347 
1996.000000 0.492003 
1997.000000 0.491659 
1998.000000 0.491316 
1999.000000 0.490972 
2000.000000 0.490629 
2001.000000 0.490286 
2002.000000 0.489942 
2003.000000 0.489599 
2004.000000 0.489256 
2005.000000 0.488913 
2006.000000 0.488570 
2007.000000 0.488227 
2008.000000 0.487884 
2009.000000 0.487541 
2010.000000 0.487199 
2011.000000 0.486856 
2012.000000 0.486513 
2013.000000 0.486171 
2014.000000 0.485829 
2015.000000 0.485486 
2016.000000 0.485144 
2017.000000 0.484802 
2018.000000 0.484460 
2019.000000 0.484118 
2020.000000 0.483776 
2021.000000 0.483434 
2022.000000 0.483092 
2023.000000 0.482750 
2024.000000 0.482409 
2025.000000 0.482067 
2026.000000 0.481725 
2027.000000 0.481384 
2028.000000 0.481043 
2029.000000 0.480701 
2030.000000 0.480360 
2031.000000 0.480019 
2032.000000 0.479678 
2033.000000 0.479337 
2034.000000 0.478996 
2035.000000 0.478655 
2036.000000 0.478314 
2037.000000 0.477974 
2038.000000 0.477633 
2039.000000 0.477293 
2040.000000 0.476952 
2041.000000 0.476612 
2042.000000 0.476271 
2043.000000 0.475931 
2044.000000 0.475591 
2045.000000 0.475251 
2046.000000 0.474911 
2047.000000 0.474571 
2048.000000 0.474231 
2049.000000 0.473892 
2050.000000 0.473552 
2051.000000 0.473212 
2052.000000 0.472873 
2053.000000 0.472533 
2054.000000 0.472194 
2055.000000 0.471855 
2056.000000 0.471515 
2057.000000 0.471176 
2058.000000 0.470837 
2059.000000 0.470498 
2060.000000 0.470159 
2061.000000 0.469821 
2062.000000 0.469482 
2063.000000 0.469143 
2064.000000 0.468805 
2065.000000 0.468466 
2066.000000 0.468128 
2067.000000 0.467790 
2068.000000 0.467451 
2069.000000 0.467113 
2070.000000 0.466775 
2071.000000 0.466437 
2072.000000 0.466099 
2073.000000 0.465761 
2074.000000 0.465424 
2075.000000 0.465086 
2076.000000 0.464748 
2077.000000 0.464411 
2078.000000 0.464074 
2079.000000 0.463736 
2080.000000 0.463399 
2081.000000 0.463062 
2082.000000 0.462725 
2083.000000 0.462388 
2084.000000 0.462051 
2085.000000 0.461714 
2086.000000 0.461377 
2087.000000 0.461041 
2088.000000 0.460704 
2089.000000 0.460368 
2090.000000 0.460031 
2091.000000 0.459695 
2092.000000 0.459359 
2093.000000 0.459023 
2094.000000 0.458687 
2095.000000 0.458351 
2096.000000 0.458015 
2097.000000 0.457679 
2098.000000 0.457343 
2099.000000 0.457008 
2100.000000 0.456672 
2101.000000 0.456337 
2102.000000 0.456002 
2103.000000 0.455666 
2104.000000 0.455331 
2105.000000 0.454996 
2106.000000 0.454661 
2107.000000 0.454326 
2108.000000 0.453991 
2109.000000 0.453657 
2110.000000 0.453322 
2111.000000 0.452987 
2112.000000 0.452653 
2113.000000 0.452319 
2114.000000 0.451984 
2115.000000 0.451650 
2116.000000 0.451316 
2117.000000 0.450982 
2118.000000 0.450648 
2119.000000 0.450314 
2120.000000 0.449981 
2121.000000 0.449647 
2122.000000 0.449314 
2123.000000 0.448980 
2124.000000 0.448647 
2125.000000 0.448313 
2126.000000 0.447980 
2127.000000 0.447647 
2128.000000 0.447314 
2129.000000 0.446981 
2130.000000 0.446649 
2131.000000 0.446316 
2132.000000 0.445983 
2133.000000 0.445651 
2134.000000 0.445318 
2135.000000 0.444986 
2136.000000 0.444654 
2137.000000 0.444322 
2138.000000 0.443989 
2139.000000 0.443657 
2140.000000 0.443326 
2141.000000 0.442994 
2142.000000 0.442662 
2143.000000 0.442331 
2144.000000 0.441999 
2145.000000 0.441668 
2146.000000 0.441336 
2147.000000 0.441005 
2148.000000 0.440674 
2149.000000 0.440343 
2150.000000 0.440012 
2151.000000 0.439681 
2152.000000 0.439351 
2153.000000 0.439020 
2154.000000 0.438690 
2155.000000 0.438359 
2156.000000 0.438029 
2157.000000 0.437699 
2158.000000 0.437368 
2159.000000 0.437038 
2160.000000 0.436708 
2161.000000 0.436379 
2162.000000 0.436049 
2163.000000 0.435719 
2164.000000 0.435390 
2165.000000 0.435060 
2166.000000 0.434731 
2167.000000 0.434402 
2168.000000 0.434072 
2169.000000 0.433743 
2170.000000 0.433414 
2171.000000 0.433086 
2172.000000 0.432757 
2173.000000 0.432428 
2174.000000 0.432100 
2175.000000 0.431771 
2176.000000 0.431443 
2177.000000 0.431114 
2178.000000 0.430786 
2179.000000 0.430458 
2180.000000 0.430130 
2181.000000 0.429802 
2182.000000 0.429475 
2183.000000 0.429147 
2184.000000 0.428819 
2185.000000 0.428492 
2186.000000 0.428165 
2187.000000 0.427837 
2188.000000 0.427510 
2189.000000 0.427183 
2190.000000 0.426856 
2191.000000 0.426529 
2192.000000 0.426203 
2193.000000 0.425876 
2194.000000 0.425549 
2195.000000 0.425223 
2196.000000 0.424897 
2197.000000 0.424570 
2198.000000 0.424244 
2199.000000 0.423918 
2200.000000 0.423592 
2201.000000 0.423267 
2202.000000 0.422941 
2203.000000 0.422615 
2204.000000 0.422290 
2205.000000 0.421964 
2206.000000 0.421639 
2207.000000 0.421314 
2208.000000 0.420989 
2209.000000 0.420664 
2210.000000 0.420339 
2211.000000 0.420014 
2212.000000 0.419689 
2213.000000 0.419365 
2214.000000 0.419040 
2215.000000 0.418716 
2216.000000 0.418392 
2217.000000 0.418068 
2218.000000 0.417744 
2219.000000 0.417420 
2220.000000 0.417096 
2221.000000 0.416772 
2222.000000 0.416449 
2223.000000 0.416125 
2224.000000 0.415802 
2225.000000 0.415478 
2226.000000 0.415155 
2227.000000 0.414832 
2228.000000 0.414509 
2229.000000 0.414186 
2230.000000 0.413863 
2231.000000 0.413541 
2232.000000 0.413218 
2233.000000 0.412896 
2234.000000 0.412573 
2235.000000 0.412251 
2236.000000 0.411929 
2237.000000 0.411607 
2238.000000 0.411285 
2239.000000 0.410963 
2240.000000 0.410642 
2241.000000 0.410320 
2242.000000 0.409998 
2243.000000 0.409677 
2244.000000 0.409356 
2245.000000 0.409035 
2246.000000 0.408714 
2247.000000 0.408393 
2248.000000 0.408072 
2249.000000 0.407751 
2250.000000 0.407431 
2251.000000 0.407110 
2252.000000 0.406790 
2253.000000 0.406469 
2254.000000 0.406149 
2255.000000 0.405829 
2256.000000 0.405509 
2257.000000 0.405189 
2258.000000 0.404870 
2259.000000 0.404550 
2260.000000 0.404231 
2261.000000 0.403911 
2262.000000 0.403592 
2263.000000 0.403273 
2264.000000 0.402954 
2265.000000 0.402635 
2266.000000 0.402316 
2267.000000 0.401997 
2268.000000 0.401678 
2269.000000 0.401360 
2270.000000 0.401042 
2271.000000 0.400723 
2272.000000 0.400405 
2273.000000 0.400087 
2274.000000 0.399769 
2275.000000 0.399451 
2276.000000 0.399133 
2277.000000 0.398816 
2278.000000 0.398498 
2279.000000 0.398181 
2280.000000 0.397864 
2281.000000 0.397547 
2282.000000 0.397229 
2283.000000 0.396912 
2284.000000 0.396596 
2285.000000 0.396279 
2286.000000 0.395962 
2287.000000 0.395646 
2288.000000 0.395330 
2289.000000 0.395013 
2290.000000 0.394697 
2291.000000 0.394381 
2292.000000 0.394065 
2293.000000 0.393749 
2294.000000 0.393434 
2295.000000 0.393118 
2296.000000 0.392803 
2297.000000 0.392487 
2298.000000 0.392172 
2299.000000 0.391857 
2300.000000 0.391542 
2301.000000 0.391227 
2302.000000 0.390912 
2303.000000 0.390598 
2304.000000 0.390283 
2305.000000 0.389969 
2306.000000 0.389654 
2307.000000 0.389340 
2308.000000 0.389026 
2309.000000 0.388712 
2310.000000 0.388398 
2311.000000 0.388085 
2312.000000 0.387771 
2313.000000 0.387458 
2314.000000 0.387144 
2315.000000 0.386831 
2316.000000 0.386518 
2317.000000 0.386205 
2318.000000 0.385892 
2319.000000 0.385579 
2320.000000 0.385266 
2321.000000 0.384954 
2322.000000 0.384642 
2323.000000 0.384329 
2324.000000 0.384017 
2325.000000 0.383705 
2326.000000 0.383393 
2327.000000 0.383081 
2328.000000 0.382769 
2329.000000 0.382458 
2330.000000 0.382146 
2331.000000 0.381835 
2332.000000 0.381524 
2333.000000 0.381213 
2334.000000 0.380902 
2335.000000 0.380591 
2336.000000 0.380280 
2337.000000 0.379969 
2338.000000 0.379659 
2339.000000 0.379348 
2340.000000 0.379038 
2341.000000 0.378728 
2342.000000 0.378418 
2343.000000 0.378108 
2344.000000 0.377798 
2345.000000 0.377489 
2346.000000 0.377179 
2347.000000 0.376870 
2348.000000 0.376560 
2349.000000 0.376251 
2350.000000 0.375942 
2351.000000 0.375633 
2352.000000 0.375324 
2353.000000 0.375016 
2354.000000 0.374707 
2355.000000 0.374399 
2356.000000 0.374090 
2357.000000 0.373782 
2358.000000 0.373474 
2359.000000 0.373166 
2360.000000 0.372858 
2361.000000 0.372550 
2362.000000 0.372243 
2363.000000 0.371935 
2364.000000 0.371628 
2365.000000 0.371321 
2366.000000 0.371014 
2367.000000 0.370707 
2368.000000 0.370400 
2369.000000 0.370093 
2370.000000 0.369787 
2371.000000 0.369480 
2372.000000 0.369174 
2373.000000 0.368868 
2374.000000 0.368561 
2375.000000 0.368256 
2376.000000 0.367950 
2377.000000 0.367644 
2378.000000 0.367338 
2379.000000 0.367033 
2380.000000 0.366727 
2381.000000 0.366422 
2382.000000 0.366117 
2383.000000 0.365812 
2384.000000 0.365507 
2385.000000 0.365203 
2386.000000 0.364898 
2387.000000 0.364594 
2388.000000 0.364289 
2389.000000 0.363985 
2390.000000 0.363681 
2391.000000 0.363377 
2392.000000 0.363073 
2393.000000 0.362769 
2394.000000 0.362466 
2395.000000 0.362162 
2396.000000 0.361859 
2397.000000 0.361556 
2398.000000 0.361253 
2399.000000 0.360950 
2400.000000 0.360647 
2401.000000 0.360344 
2402.000000 0.360042 
2403.000000 0.359739 
2404.000000 0.359437 
2405.000000 0.359135 
2406.000000 0.358833 
2407.000000 0.358531 
2408.000000 0.358229 
2409.000000 0.357927 
2410.000000 0.357626 
2411.000000 0.357324 
2412.000000 0.357023 
2413.000000 0.356722 
2414.000000 0.356421 
2415.000000 0.356120 
2416.000000 0.355819 
2417.000000 0.355519 
2418.000000 0.355218 
2419.000000 0.354918 
2420.000000 0.354617 
2421.000000 0.354317 
2422.000000 0.354017 
2423.000000 0.353717 
2424.000000 0.353418 
2425.000000 0.353118 
2426.000000 0.352819 
2427.000000 0.352519 
2428.000000 0.352220 
2429.000000 0.351921 
2430.000000 0.351622 
2431.000000 0.351323 
2432.000000 0.351024 
2433.000000 0.350726 
2434.000000 0.350427 
2435.000000 0.350129 
2436.000000 0.349831 
2437.000000 0.349533 
2438.000000 0.349235 
2439.000000 0.348937 
2440.000000 0.348640 
2441.000000 0.348342 
2442.000000 0.348045 
2443.000000 0.347747 
2444.000000 0.347450 
2445.000000 0.347153 
2446.000000 0.346856 
2447.000000 0.346560 
2448.000000 0.346263 
2449.000000 0.345967 
2450.000000 0.345670 
2451.000000 0.345374 
2452.000000 0.345078 
2453.000000 0.344782 
2454.000000 0.344486 
2455.000000 0.344191 
2456.000000 0.343895 
2457.000000 0.343600 
2458.000000 0.343304 
2459.000000 0.343009 
2460.000000 0.342714 
2461.000000 0.342419 
2462.000000 0.342125 
2463.000000 0.341830 
2464.000000 0.341536 
2465.000000 0.341241 
2466.000000 0.340947 
2467.000000 0.340653 
2468.000000 0.340359 
2469.000000 0.340065 
2470.000000 0.339771 
2471.000000 0.339478 
2472.000000 0.339184 
2473.000000 0.338891 
2474.000000 0.338598 
2475.000000 0.338305 
2476.000000 0.338012 
2477.000000 0.337719 
2478.000000 0.337427 
2479.000000 0.337134 
2480.000000 0.336842 
2481.000000 0.336550 
2482.000000 0.336258 
2483.000000 0.335966 
2484.000000 0.335674 
2485.000000 0.335382 
2486.000000 0.335091 
2487.000000 0.334799 
2488.000000 0.334508 
2489.000000 0.334217 
2490.000000 0.333926 
2491.000000 0.333635 
2492.000000 0.333344 
2493.000000 0.333053 
2494.000000 0.332763 
2495.000000 0.332473 
2496.000000 0.332182 
2497.000000 0.331892 
2498.000000 0.331602 
2499.000000 0.331313 
2500.000000 0.331023 
2501.000000 0.330733 
2502.000000 0.330444 
2503.000000 0.330155 
2504.000000 0.329866 
2505.000000 0.329577 
2506.000000 0.329288 
2507.000000 0.328999 
2508.000000 0.328711 
2509.000000 0.328422 
2510.000000 0.328134 
2511.000000 0.327846 
2512.000000 0.327558 
2513.000000 0.327270 
2514.000000 0.326982 
2515.000000 0.326694 
2516.000000 0.326407 
2517.000000 0.326119 
2518.000000 0.325832 
2519.000000 0.325545 
2520.000000 0.325258 
2521.000000 0.324971 
2522.000000 0.324685 
2523.000000 0.324398 
2524.000000 0.324112 
2525.000000 0.323825 
2526.000000 0.323539 
2527.000000 0.323253 
2528.000000 0.322967 
2529.000000 0.322682 
2530.000000 0.322396 
2531.000000 0.322111 
2532.000000 0.321825 
2533.000000 0.321540 
2534.000000 0.321255 
2535.000000 0.320970 
2536.000000 0.320686 
2537.000000 0.320401 
2538.000000 0.320116 
2539.000000 0.319832 
2540.000000 0.319548 
2541.000000 0.319264 
2542.000000 0.318980 
2543.000000 0.318696 
2544.000000 0.318413 
2545.000000 0.318129 
2546.000000 0.317846 
2547.000000 0.317562 
2548.000000 0.317279 
2549.000000 0.316996 
2550.000000 0.316714 
2551.000000 0.316431 
2552.000000 0.316148 
2553.000000 0.315866 
2554.000000 0.315584 
2555.000000 0.315302 
2556.000000 0.315020 
2557.000000 0.314738 
2558.000000 0.314456 
2559.000000 0.314174 
2560.000000 0.313893 
2561.000000 0.313612 
2562.000000 0.313331 
2563.000000 0.313049 
2564.000000 0.312769 
2565.000000 0.312488 
2566.000000 0.312207 
2567.000000 0.311927 
2568.000000 0.311647 
2569.000000 0.311366 
2570.000000 0.311086 
2571.000000 0.310806 
2572.000000 0.310527 
2573.000000 0.310247 
2574.000000 0.309968 
2575.000000 0.309688 
2576.000000 0.309409 
2577.000000 0.309130 
2578.000000 0.308851 
2579.000000 0.308572 
2580.000000 0.308294 
2581.000000 0.308015 
2582.000000 0.307737 
2583.000000 0.307459 
2584.000000 0.307181 
2585.000000 0.306903 
2586.000000 0.306625 
2587.000000 0.306347 
2588.000000 0.306070 
2589.000000 0.305793 
2590.000000 0.305515 
2591.000000 0.305238 
2592.000000 0.304961 
2593.000000 0.304684 
2594.000000 0.304408 
2595.000000 0.304131 
2596.000000 0.303855 
2597.000000 0.303579 
2598.000000 0.303303 
2599.000000 0.303027 
2600.000000 0.302751 
2601.000000 0.302475 
2602.000000 0.302200 
2603.000000 0.301924 
2604.000000 0.301649 
2605.000000 0.301374 
2606.000000 0.301099 
2607.000000 0.300824 
2608.000000 0.300550 
2609.000000 0.300275 
2610.000000 0.300001 
2611.000000 0.299727 
2612.000000 0.299453 
2613.000000 0.299179 
2614.000000 0.298905 
2615.000000 0.298631 
2616.000000 0.298358 
2617.000000 0.298084 
2618.000000 0.297811 
2619.000000 0.297538 
2620.000000 0.297265 
2621.000000 0.296992 
2622.000000 0.296720 
2623.000000 0.296447 
2624.000000 0.296175 
2625.000000 0.295903 
2626.000000 0.295631 
2627.000000 0.295359 
2628.000000 0.295087 
2629.000000 0.294815 
2630.000000 0.294544 
2631.000000 0.294273 
2632.000000 0.294001 
2633.000000 0.293730 
2634.000000 0.293459 
2635.000000 0.293189 
2636.000000 0.292918 
2637.000000 0.292648 
2638.000000 0.292377 
2639.000000 0.292107 
2640.000000 0.291837 
2641.000000 0.291567 
2642.000000 0.291297 
2643.000000 0.291028 
2644.000000 0.290758 
2645.000000 0.290489 
2646.000000 0.290220 
2647.000000 0.289951 
2648.000000 0.289682 
2649.000000 0.289413 
2650.000000 0.289145 
2651.000000 0.288876 
2652.000000 0.288608 
2653.000000 0.288340 
2654.000000 0.288072 
2655.000000 0.287804 
2656.000000 0.287536 
2657.000000 0.287269 
2658.000000 0.287001 
2659.000000 0.286734 
2660.000000 0.286467 
2661.000000 0.286200 
2662.000000 0.285933 
2663.000000 0.285666 
2664.000000 0.285400 
2665.000000 0.285134 
2666.000000 0.284867 
2667.000000 0.284601 
2668.000000 0.284335 
2669.000000 0.284070 
2670.000000 0.283804 
2671.000000 0.283538 
2672.000000 0.283273 
2673.000000 0.283008 
2674.000000 0.282743 
2675.000000 0.282478 
2676.000000 0.282213 
2677.000000 0.281948 
2678.000000 0.281684 
2679.000000 0.281420 
2680.000000 0.281155 
2681.000000 0.280891 
2682.000000 0.280628 
2683.000000 0.280364 
2684.000000 0.280100 
2685.000000 0.279837 
2686.000000 0.279573 
2687.000000 0.279310 
2688.000000 0.279047 
2689.000000 0.278785 
2690.000000 0.278522 
2691.000000 0.278259 
2692.000000 0.277997 
2693.000000 0.277735 
2694.000000 0.277472 
2695.000000 0.277211 
2696.000000 0.276949 
2697.000000 0.276687 
2698.000000 0.276426 
2699.000000 0.276164 
2700.000000 0.275903 
2701.000000 0.275642 
2702.000000 0.275381 
2703.000000 0.275120 
2704.000000 0.274860 
2705.000000 0.274599 
2706.000000 0.274339 
2707.000000 0.274079 
2708.000000 0.273818 
2709.000000 0.273559 
2710.000000 0.273299 
2711.000000 0.273039 
2712.000000 0.272780 
2713.000000 0.272521 
2714.000000 0.272261 
2715.000000 0.272002 
2716.000000 0.271744 
2717.000000 0.271485 
2718.000000 0.271226 
2719.000000 0.270968 
2720.000000 0.270710 
2721.000000 0.270452 
2722.000000 0.270194 
2723.000000 0.269936 
2724.000000 0.269678 
2725.000000 0.269421 
2726.000000 0.269163 
2727.000000 0.268906 
2728.000000 0.268649 
2729.000000 0.268392 
2730.000000 0.268135 
2731.000000 0.267879 
2732.000000 0.267622 
2733.000000 0.267366 
2734.000000 0.267110 
2735.000000 0.266854 
2736.000000 0.266598 
2737.000000 0.266342 
2738.000000 0.266087 
2739.000000 0.265831 
2740.000000 0.265576 
2741.000000 0.265321 
2742.000000 0.265066 
2743.000000 0.264811 
2744.000000 0.264556 
2745.000000 0.264302 
2746.000000 0.264048 
2747.000000 0.263793 
2748.000000 0.263539 
2749.000000 0.263285 
2750.000000 0.263032 
2751.000000 0.262778 
2752.000000 0.262524 
2753.000000 0.262271 
2754.000000 0.262018 
2755.000000 0.261765 
2756.000000 0.261512 
2757.000000 0.261259 
2758.000000 0.261007 
2759.000000 0.260754 
2760.000000 0.260502 
2761.000000 0.260250 
2762.000000 0.259998 
2763.000000 0.259746 
2764.000000 0.259494 
2765.000000 0.259243 
2766.000000 0.258992 
2767.000000 0.258740 
2768.000000 0.258489 
2769.000000 0.258238 
2770.000000 0.257988 
2771.000000 0.257737 
2772.000000 0.257486 
2773.000000 0.257236 
2774.000000 0.256986 
2775.000000 0.256736 
2776.000000 0.256486 
2777.000000 0.256236 
2778.000000 0.255987 
2779.000000 0.255737 
2780.000000 0.255488 
2781.000000 0.255239 
2782.000000 0.254990 
2783.000000 0.254741 
2784.000000 0.254493 
2785.000000 0.254244 
2786.000000 0.253996 
2787.000000 0.253747 
2788.000000 0.253499 
2789.000000 0.253251 
2790.000000 0.253004 
2791.000000 0.252756 
2792.000000 0.252509 
2793.000000 0.252261 
2794.000000 0.252014 
2795.000000 0.251767 
2796.000000 0.251520 
2797.000000 0.251274 
2798.000000 0.251027 
2799.000000 0.250781 
2800.000000 0.250534 
2801.000000 0.250288 
2802.000000 0.250042 
2803.000000 0.249796 
2804.000000 0.249551 
2805.000000 0.249305 
2806.000000 0.249060 
2807.000000 0.248815 
2808.000000 0.248570 
2809.000000 0.248325 
2810.000000 0.248080 
2811.000000 0.247835 
2812.000000 0.247591 
2813.000000 0.247347 
2814.000000 0.247102 
2815.000000 0.246858 
2816.000000 0.246615 
2817.000000 0.246371 
2818.000000 0.246127 
2819.000000 0.245884 
2820.000000 0.245641 
2821.000000 0.245398 
2822.000000 0.245155 
2823.000000 0.244912 
2824.000000 0.244669 
2825.000000 0.244427 
2826.000000 0.244184 
2827.000000 0.243942 
2828.000000 0.243700 
2829.000000 0.243458 
2830.000000 0.243217 
2831.000000 0.242975 
2832.000000 0.242734 
2833.000000 0.242492 
2834.000000 0.242251 
2835.000000 0.242010 
2836.000000 0.241769 
2837.000000 0.241529 
2838.000000 0.241288 
2839.000000 0.241048 
2840.000000 0.240808 
2841.000000 0.240568 
2842.000000 0.240328 
2843.000000 0.240088 
2844.000000 0.239848 
2845.000000 0.239609 
2846.000000 0.239370 
2847.000000 0.239130 
2848.000000 0.238891 
2849.000000 0.238653 
2850.000000 0.238414 
2851.000000 0.238175 
2852.000000 0.237937 
2853.000000 0.237699 
2854.000000 0.237461 
2855.000000 0.237223 
2856.000000 0.236985 
2857.000000 0.236747 
2858.000000 0.236510 
2859.000000 0.236272 
2860.000000 0.236035 
2861.000000 0.235798 
2862.000000 0.235561 
2863.000000 0.235325 
2864.000000 0.235088 
2865.000000 0.234852 
2866.000000 0.234615 
2867.000000 0.234379 
2868.000000 0.234143 
2869.000000 0.233908 
2870.000000 0.233672 
2871.000000 0.233436 
2872.000000 0.233201 
2873.000000 0.232966 
2874.000000 0.232731 
2875.000000 0.232496 
2876.000000 0.232261 
2877.000000 0.232026 
2878.000000 0.231792 
2879.000000 0.231558 
2880.000000 0.231324 
2881.000000 0.231090 
2882.000000 0.230856 
2883.000000 0.230622 
2884.000000 0.230389 
2885.000000 0.230155 
2886.000000 0.229922 
2887.000000 0.229689 
2888.000000 0.229456 
2889.000000 0.229223 
2890.000000 0.228991 
2891.000000 0.228758 
2892.000000 0.228526 
2893.000000 0.228294 
2894.000000 0.228062 
2895.000000 0.227830 
2896.000000 0.227598 
2897.000000 0.227367 
2898.000000 0.227135 
2899.000000 0.226904 
2900.000000 0.226673 
2901.000000 0.226442 
2902.000000 0.226211 
2903.000000 0.225981 
2904.000000 0.225750 
2905.000000 0.225520 
2906.000000 0.225290 
2907.000000 0.225060 
2908.000000 0.224830 
2909.000000 0.224600 
2910.000000 0.224370 
2911.000000 0.224141 
2912.000000 0.223912 
2913.000000 0.223683 
2914.000000 0.223454 
2915.000000 0.223225 
2916.000000 0.222996 
2917.000000 0.222768 
2918.000000 0.222539 
2919.000000 0.222311 
2920.000000 0.222083 
2921.000000 0.221855 
2922.000000 0.221628 
2923.000000 0.221400 
2924.000000 0.221173 
2925.000000 0.220945 
2926.000000 0.220718 
2927.000000 0.220491 
2928.000000 0.220264 
2929.000000 0.220038 
2930.000000 0.219811 
2931.000000 0.219585 
2932.000000 0.219359 
2933.000000 0.219133 
2934.000000 0.218907 
2935.000000 0.218681 
2936.000000 0.218455 
2937.000000 0.218230 
2938.000000 0.218005 
2939.000000 0.217779 
2940.000000 0.217555 
2941.000000 0.217330 
2942.000000 0.217105 
2943.000000 0.216880 
2944.000000 0.216656 
2945.000000 0.216432 
2946.000000 0.216208 
2947.000000 0.215984 
2948.000000 0.215760 
2949.000000 0.215537 
2950.000000 0.215313 
2951.000000 0.215090 
2952.000000 0.214867 
2953.000000 0.214644 
2954.000000 0.214421 
2955.000000 0.214198 
2956.000000 0.213976 
2957.000000 0.213753 
2958.000000 0.213531 
2959.000000 0.213309 
2960.000000 0.213087 
2961.000000 0.212865 
2962.000000 0.212644 
2963.000000 0.212422 
2964.000000 0.212201 
2965.000000 0.211980 
2966.000000 0.211759 
2967.000000 0.211538 
2968.000000 0.211317 
2969.000000 0.211096 
2970.000000 0.210876 
2971.000000 0.210656 
2972.000000 0.210436 
2973.000000 0.210216 
2974.000000 0.209996 
2975.000000 0.209776 
2976.000000 0.209557 
2977.000000 0.209337 
2978.000000 0.209118 
2979.000000 0.208899 
2980.000000 0.208680 
2981.000000 0.208462 
2982.000000 0.208243 
2983.000000 0.208025 
2984.000000 0.207806 
2985.000000 0.207588 
2986.000000 0.207370 
2987.000000 0.207152 
2988.000000 0.206935 
2989.000000 0.206717 
2990.000000 0.206500 
2991.000000 0.206283 
2992.000000 0.206066 
2993.000000 0.205849 
2994.000000 0.205632 
2995.000000 0.205415 
2996.000000 0.205199 
2997.000000 0.204983 
2998.000000 0.204767 
2999.000000 0.204551 
3000.000000 0.204335 
3001.000000 0.204119 
3002.000000 0.203903 
3003.000000 0.203688 
3004.000000 0.203473 
3005.000000 0.203258 
3006.000000 0.203043 
3007.000000 0.202828 
3008.000000 0.202613 
3009.000000 0.202399 
3010.000000 0.202185 
3011.000000 0.201971 
3012.000000 0.201757 
3013.000000 0.201543 
3014.000000 0.201329 
3015.000000 0.201115 
3016.000000 0.200902 
3017.000000 0.200689 
3018.000000 0.200476 
3019.000000 0.200263 
3020.000000 0.200050 
3021.000000 0.199837 
3022.000000 0.199625 
3023.000000 0.199412 
3024.000000 0.199200 
3025.000000 0.198988 
3026.000000 0.198776 
3027.000000 0.198564 
3028.000000 0.198353 
3029.000000 0.198141 
3030.000000 0.197930 
3031.000000 0.197719 
3032.000000 0.197508 
3033.000000 0.197297 
3034.000000 0.197086 
3035.000000 0.196876 
3036.000000 0.196666 
3037.000000 0.196455 
3038.000000 0.196245 
3039.000000 0.196035 
3040.000000 0.195826 
3041.000000 0.195616 
3042.000000 0.195406 
3043.000000 0.195197 
3044.000000 0.194988 
3045.000000 0.194779 
3046.000000 0.194570 
3047.000000 0.194361 
3048.000000 0.194153 
3049.000000 0.193944 
3050.000000 0.193736 
3051.000000 0.193528 
3052.000000 0.193320 
3053.000000 0.193112 
3054.000000 0.192904 
3055.000000 0.192697 
3056.000000 0.192490 
3057.000000 0.192282 
3058.000000 0.192075 
3059.000000 0.191868 
3060.000000 0.191662 
3061.000000 0.191455 
3062.000000 0.191249 
3063.000000 0.191042 
3064.000000 0.190836 
3065.000000 0.190630 
3066.000000 0.190424 
3067.000000 0.190218 
3068.000000 0.190013 
3069.000000 0.189807 
3070.000000 0.189602 
3071.000000 0.189397 
3072.000000 0.189192 
3073.000000 0.188987 
3074.000000 0.188783 
3075.000000 0.188578 
3076.000000 0.188374 
3077.000000 0.188170 
3078.000000 0.187966 
3079.000000 0.187762 
3080.000000 0.187558 
3081.000000 0.187354 
3082.000000 0.187151 
3083.000000 0.186947 
3084.000000 0.186744 
3085.000000 0.186541 
3086.000000 0.186338 
3087.000000 0.186136 
3088.000000 0.185933 
3089.000000 0.185731 
3090.000000 0.185528 
3091.000000 0.185326 
3092.000000 0.185124 
3093.000000 0.184923 
3094.000000 0.184721 
3095.000000 0.184519 
3096.000000 0.184318 
3097.000000 0.184117 
3098.000000 0.183916 
3099.000000 0.183715 
3100.000000 0.183514 
3101.000000 0.183313 
3102.000000 0.183113 
3103.000000 0.182913 
3104.000000 0.182713 
3105.000000 0.182513 
3106.000000 0.182313 
3107.000000 0.182113 
3108.000000 0.181913 
3109.000000 0.181714 
3110.000000 0.181515 
3111.000000 0.181316 
3112.000000 0.181117 
3113.000000 0.180918 
3114.000000 0.180719 
3115.000000 0.180521 
3116.000000 0.180322 
3117.000000 0.180124 
3118.000000 0.179926 
3119.000000 0.179728 
3120.000000 0.179530 
3121.000000 0.179333 
3122.000000 0.179135 
3123.000000 0.178938 
3124.000000 0.178741 
3125.000000 0.178544 
3126.000000 0.178347 
3127.000000 0.178150 
3128.000000 0.177953 
3129.000000 0.177757 
3130.000000 0.177561 
3131.000000 0.177365 
3132.000000 0.177169 
3133.000000 0.176973 
3134.000000 0.176777 
3135.000000 0.176581 
3136.000000 0.176386 
3137.000000 0.176191 
3138.000000 0.175996 
3139.000000 0.175801 
3140.000000 0.175606 
3141.000000 0.175411 
3142.000000 0.175217 
3143.000000 0.175023 
3144.000000 0.174828 
3145.000000 0.174634 
3146.000000 0.174440 
3147.000000 0.174247 
3148.000000 0.174053 
3149.000000 0.173860 
3150.000000 0.173666 
3151.000000 0.173473 
3152.000000 0.173280 
3153.000000 0.173087 
3154.000000 0.172894 
3155.000000 0.172702 
3156.000000 0.172510 
3157.000000 0.172317 
3158.000000 0.172125 
3159.000000 0.171933 
3160.000000 0.171741 
3161.000000 0.171550 
3162.000000 0.171358 
3163.000000 0.171167 
3164.000000 0.170976 
3165.000000 0.170784 
3166.000000 0.170594 
3167.000000 0.170403 
3168.000000 0.170212 
3169.000000 0.170022 
3170.000000 0.169831 
3171.000000 0.169641 
3172.000000 0.169451 
3173.000000 0.169261 
3174.000000 0.169071 
3175.000000 0.168882 
3176.000000 0.168692 
3177.000000 0.168503 
3178.000000 0.168314 
3179.000000 0.168125 
3180.000000 0.167936 
3181.000000 0.167747 
3182.000000 0.167559 
3183.000000 0.167370 
3184.000000 0.167182 
3185.000000 0.166994 
3186.000000 0.166806 
3187.000000 0.166618 
3188.000000 0.166430 
3189.000000 0.166243 
3190.000000 0.166056 
3191.000000 0.165868 
3192.000000 0.165681 
3193.000000 0.165494 
3194.000000 0.165308 
3195.000000 0.165121 
3196.000000 0.164934 
3197.000000 0.164748 
3198.000000 0.164562 
3199.000000 0.164376 
3200.000000 0.164190 
3201.000000 0.164004 
3202.000000 0.163819 
3203.000000 0.163633 
3204.000000 0.163448 
3205.000000 0.163263 
3206.000000 0.163078 
3207.000000 0.162893 
3208.000000 0.162708 
3209.000000 0.162523 
3210.000000 0.162339 
3211.000000 0.162155 
3212.000000 0.161970 
3213.000000 0.161786 
3214.000000 0.161603 
3215.000000 0.161419 
3216.000000 0.161235 
3217.000000 0.161052 
3218.000000 0.160869 
3219.000000 0.160686 
3220.000000 0.160503 
3221.000000 0.160320 
3222.000000 0.160137 
3223.000000 0.159955 
3224.000000 0.159772 
3225.000000 0.159590 
3226.000000 0.159408 
3227.000000 0.159226 
3228.000000 0.159044 
3229.000000 0.158862 
3230.000000 0.158681 
3231.000000 0.158500 
3232.000000 0.158318 
3233.000000 0.158137 
3234.000000 0.157956 
3235.000000 0.157776 
3236.000000 0.157595 
3237.000000 0.157414 
3238.000000 0.157234 
3239.000000 0.157054 
3240.000000 0.156874 
3241.000000 0.156694 
3242.000000 0.156514 
3243.000000 0.156335 
3244.000000 0.156155 
3245.000000 0.155976 
3246.000000 0.155797 
3247.000000 0.155618 
3248.000000 0.155439 
3249.000000 0.155260 
3250.000000 0.155081 
3251.000000 0.154903 
3252.000000 0.154725 
3253.000000 0.154546 
3254.000000 0.154368 
3255.000000 0.154191 
3256.000000 0.154013 
3257.000000 0.153835 
3258.000000 0.153658 
3259.000000 0.153481 
3260.000000 0.153303 
3261.000000 0.153126 
3262.000000 0.152950 
3263.000000 0.152773 
3264.000000 0.152596 
3265.000000 0.152420 
3266.000000 0.152244 
3267.000000 0.152067 
3268.000000 0.151891 
3269.000000 0.151716 
3270.000000 0.151540 
3271.000000 0.151364 
3272.000000 0.151189 
3273.000000 0.151014 
3274.000000 0.150838 
3275.000000 0.150663 
3276.000000 0.150489 
3277.000000 0.150314 
3278.000000 0.150139 
3279.000000 0.149965 
3280.000000 0.149791 
3281.000000 0.149617 
3282.000000 0.149443 
3283.000000 0.149269 
3284.000000 0.149095 
3285.000000 0.148921 
3286.000000 0.148748 
3287.000000 0.148575 
3288.000000 0.148402 
3289.000000 0.148229 
3290.000000 0.148056 
3291.000000 0.147883 
3292.000000 0.147711 
3293.000000 0.147538 
3294.000000 0.147366 
3295.000000 0.147194 
3296.000000 0.147022 
3297.000000 0.146850 
3298.000000 0.146678 
3299.000000 0.146507 
3300.000000 0.146335 
3301.000000 0.146164 
3302.000000 0.145993 
3303.000000 0.145822 
3304.000000 0.145651 
3305.000000 0.145480 
3306.000000 0.145310 
3307.000000 0.145140 
3308.000000 0.144969 
3309.000000 0.144799 
3310.000000 0.144629 
3311.000000 0.144459 
3312.000000 0.144290 
3313.000000 0.144120 
3314.000000 0.143951 
3315.000000 0.143781 
3316.000000 0.143612 
3317.000000 0.143443 
3318.000000 0.143274 
3319.000000 0.143106 
3320.000000 0.142937 
3321.000000 0.142769 
3322.000000 0.142600 
3323.000000 0.142432 
3324.000000 0.142264 
3325.000000 0.142096 
3326.000000 0.141929 
3327.000000 0.141761 
3328.000000 0.141594 
3329.000000 0.141426 
3330.000000 0.141259 
3331.000000 0.141092 
3332.000000 0.140925 
3333.000000 0.140759 
3334.000000 0.140592 
3335.000000 0.140426 
3336.000000 0.140259 
3337.000000 0.140093 
3338.000000 0.139927 
3339.000000 0.139761 
3340.000000 0.139595 
3341.000000 0.139430 
3342.000000 0.139264 
3343.000000 0.139099 
3344.000000 0.138934 
3345.000000 0.138769 
3346.000000 0.138604 
3347.000000 0.138439 
3348.000000 0.138274 
3349.000000 0.138110 
3350.000000 0.137946 
3351.000000 0.137781 
3352.000000 0.137617 
3353.000000 0.137453 
3354.000000 0.137290 
3355.000000 0.137126 
3356.000000 0.136963 
3357.000000 0.136799 
3358.000000 0.136636 
3359.000000 0.136473 
3360.000000 0.136310 
3361.000000 0.136147 
3362.000000 0.135985 
3363.000000 0.135822 
3364.000000 0.135660 
3365.000000 0.135497 
3366.000000 0.135335 
3367.000000 0.135173 
3368.000000 0.135011 
3369.000000 0.134850 
3370.000000 0.134688 
3371.000000 0.134527 
3372.000000 0.134366 
3373.000000 0.134204 
3374.000000 0.134043 
3375.000000 0.133883 
3376.000000 0.133722 
3377.000000 0.133561 
3378.000000 0.133401 
3379.000000 0.133241 
3380.000000 0.133080 
3381.000000 0.132920 
3382.000000 0.132761 
3383.000000 0.132601 
3384.000000 0.132441 
3385.000000 0.132282 
3386.000000 0.132123 
3387.000000 0.131963 
3388.000000 0.131804 
3389.000000 0.131645 
3390.000000 0.131487 
3391.000000 0.131328 
3392.000000 0.131170 
3393.000000 0.131011 
3394.000000 0.130853 
3395.000000 0.130695 
3396.000000 0.130537 
3397.000000 0.130379 
3398.000000 0.130221 
3399.000000 0.130064 
3400.000000 0.129907 
3401.000000 0.129749 
3402.000000 0.129592 
3403.000000 0.129435 
3404.000000 0.129278 
3405.000000 0.129122 
3406.000000 0.128965 
3407.000000 0.128809 
3408.000000 0.128653 
3409.000000 0.128496 
3410.000000 0.128340 
3411.000000 0.128185 
3412.000000 0.128029 
3413.000000 0.127873 
3414.000000 0.127718 
3415.000000 0.127562 
3416.000000 0.127407 
3417.000000 0.127252 
3418.000000 0.127097 
3419.000000 0.126943 
3420.000000 0.126788 
3421.000000 0.126634 
3422.000000 0.126479 
3423.000000 0.126325 
3424.000000 0.126171 
3425.000000 0.126017 
3426.000000 0.125863 
3427.000000 0.125709 
3428.000000 0.125556 
3429.000000 0.125403 
3430.000000 0.125249 
3431.000000 0.125096 
3432.000000 0.124943 
3433.000000 0.124790 
3434.000000 0.124638 
3435.000000 0.124485 
3436.000000 0.124333 
3437.000000 0.124180 
3438.000000 0.124028 
3439.000000 0.123876 
3440.000000 0.123724 
3441.000000 0.123573 
3442.000000 0.123421 
3443.000000 0.123269 
3444.000000 0.123118 
3445.000000 0.122967 
3446.000000 0.122816 
3447.000000 0.122665 
3448.000000 0.122514 
3449.000000 0.122363 
3450.000000 0.122213 
3451.000000 0.122063 
3452.000000 0.121912 
3453.000000 0.121762 
3454.000000 0.121612 
3455.000000 0.121462 
3456.000000 0.121313 
3457.000000 0.121163 
3458.000000 0.121014 
3459.000000 0.120864 
3460.000000 0.120715 
3461.000000 0.120566 
3462.000000 0.120417 
3463.000000 0.120268 
3464.000000 0.120120 
3465.000000 0.119971 
3466.000000 0.119823 
3467.000000 0.119675 
3468.000000 0.119527 
3469.000000 0.119379 
3470.000000 0.119231 
3471.000000 0.119083 
3472.000000 0.118936 
3473.000000 0.118788 
3474.000000 0.118641 
3475.000000 0.118494 
3476.000000 0.118347 
3477.000000 0.118200 
3478.000000 0.118053 
3479.000000 0.117907 
3480.000000 0.117760 
3481.000000 0.117614 
3482.000000 0.117468 
3483.000000 0.117321 
3484.000000 0.117176 
3485.000000 0.117030 
3486.000000 0.116884 
3487.000000 0.116739 
3488.000000 0.116593 
3489.000000 0.116448 
3490.000000 0.116303 
3491.000000 0.116158 
3492.000000 0.116013 
3493.000000 0.115868 
3494.000000 0.115724 
3495.000000 0.115579 
3496.000000 0.115435 
3497.000000 0.115290 
3498.000000 0.115146 
3499.000000 0.115002 
3500.000000 0.114859 
3501.000000 0.114715 
3502.000000 0.114571 
3503.000000 0.114428 
3504.000000 0.114285 
3505.000000 0.114142 
3506.000000 0.113999 
3507.000000 0.113856 
3508.000000 0.113713 
3509.000000 0.113570 
3510.000000 0.113428 
3511.000000 0.113286 
3512.000000 0.113143 
3513.000000 0.113001 
3514.000000 0.112859 
3515.000000 0.112718 
3516.000000 0.112576 
3517.000000 0.112434 
3518.000000 0.112293 
3519.000000 0.112152 
3520.000000 0.112010 
3521.000000 0.111869 
3522.000000 0.111728 
3523.000000 0.111588 
3524.000000 0.111447 
3525.000000 0.111307 
3526.000000 0.111166 
3527.000000 0.111026 
3528.000000 0.110886 
3529.000000 0.110746 
3530.000000 0.110606 
3531.000000 0.110466 
3532.000000 0.110327 
3533.000000 0.110187 
3534.000000 0.110048 
3535.000000 0.109909 
3536.000000 0.109770 
3537.000000 0.109631 
3538.000000 0.109492 
3539.000000 0.109353 
3540.000000 0.109215 
3541.000000 0.109076 
3542.000000 0.108938 
3543.000000 0.108800 
3544.000000 0.108662 
3545.000000 0.108524 
3546.000000 0.108386 
3547.000000 0.108249 
3548.000000 0.108111 
3549.000000 0.107974 
3550.000000 0.107837 
3551.000000 0.107699 
3552.000000 0.107562 
3553.000000 0.107426 
3554.000000 0.107289 
3555.000000 0.107152 
3556.000000 0.107016 
3557.000000 0.106880 
3558.000000 0.106743 
3559.000000 0.106607 
3560.000000 0.106471 
3561.000000 0.106335 
3562.000000 0.106200 
3563.000000 0.106064 
3564.000000 0.105929 
3565.000000 0.105794 
3566.000000 0.105658 
3567.000000 0.105523 
3568.000000 0.105388 
3569.000000 0.105254 
3570.000000 0.105119 
3571.000000 0.104984 
3572.000000 0.104850 
3573.000000 0.104716 
3574.000000 0.104582 
3575.000000 0.104448 
3576.000000 0.104314 
3577.000000 0.104180 
3578.000000 0.104046 
3579.000000 0.103913 
3580.000000 0.103779 
3581.000000 0.103646 
3582.000000 0.103513 
3583.000000 0.103380 
3584.000000 0.103247 
3585.000000 0.103114 
3586.000000 0.102982 
3587.000000 0.102849 
3588.000000 0.102717 
3589.000000 0.102585 
3590.000000 0.102453 
3591.000000 0.102321 
3592.000000 0.102189 
3593.000000 0.102057 
3594.000000 0.101926 
3595.000000 0.101794 
3596.000000 0.101663 
3597.000000 0.101532 
3598.000000 0.101400 
3599.000000 0.101270 
3600.000000 0.101139 
3601.000000 0.101008 
3602.000000 0.100877 
3603.000000 0.100747 
3604.000000 0.100617 
3605.000000 0.100486 
3606.000000 0.100356 
3607.000000 0.100226 
3608.000000 0.100097 
3609.000000 0.099967 
3610.000000 0.099837 
3611.000000 0.099708 
3612.000000 0.099579 
3613.000000 0.099449 
3614.000000 0.099320 
3615.000000 0.099191 
3616.000000 0.099063 
3617.000000 0.098934 
3618.000000 0.098805 
3619.000000 0.098677 
3620.000000 0.098549 
3621.000000 0.098420 
3622.000000 0.098292 
3623.000000 0.098164 
3624.000000 0.098037 
3625.000000 0.097909 
3626.000000 0.097781 
3627.000000 0.097654 
3628.000000 0.097527 
3629.000000 0.097399 
3630.000000 0.097272 
3631.000000 0.097145 
3632.000000 0.097019 
3633.000000 0.096892 
3634.000000 0.096765 
3635.000000 0.096639 
3636.000000 0.096513 
3637.000000 0.096386 
3638.000000 0.096260 
3639.000000 0.096134 
3640.000000 0.096009 
3641.000000 0.095883 
3642.000000 0.095757 
3643.000000 0.095632 
3644.000000 0.095507 
3645.000000 0.095381 
3646.000000 0.095256 
3647.000000 0.095131 
3648.000000 0.095006 
3649.000000 0.094882 
3650.000000 0.094757 
3651.000000 0.094633 
3652.000000 0.094508 
3653.000000 0.094384 
3654.000000 0.094260 
3655.000000 0.094136 
3656.000000 0.094012 
3657.000000 0.093889 
3658.000000 0.093765 
3659.000000 0.093641 
3660.000000 0.093518 
3661.000000 0.093395 
3662.000000 0.093272 
3663.000000 0.093149 
3664.000000 0.093026 
3665.000000 0.092903 
3666.000000 0.092781 
3667.000000 0.092658 
3668.000000 0.092536 
3669.000000 0.092413 
3670.000000 0.092291 
3671.000000 0.092169 
3672.000000 0.092047 
3673.000000 0.091926 
3674.000000 0.091804 
3675.000000 0.091683 
3676.000000 0.091561 
3677.000000 0.091440 
3678.000000 0.091319 
3679.000000 0.091198 
3680.000000 0.091077 
3681.000000 0.090956 
3682.000000 0.090835 
3683.000000 0.090715 
3684.000000 0.090594 
3685.000000 0.090474 
3686.000000 0.090354 
3687.000000 0.090234 
3688.000000 0.090114 
3689.000000 0.089994 
3690.000000 0.089874 
3691.000000 0.089755 
3692.000000 0.089635 
3693.000000 0.089516 
3694.000000 0.089397 
3695.000000 0.089278 
3696.000000 0.089159 
3697.000000 0.089040 
3698.000000 0.088921 
3699.000000 0.088802 
3700.000000 0.088684 
3701.000000 0.088565 
3702.000000 0.088447 
3703.000000 0.088329 
3704.000000 0.088211 
3705.000000 0.088093 
3706.000000 0.087975 
3707.000000 0.087858 
3708.000000 0.087740 
3709.000000 0.087623 
3710.000000 0.087505 
3711.000000 0.087388 
3712.000000 0.087271 
3713.000000 0.087154 
3714.000000 0.087037 
3715.000000 0.086921 
3716.000000 0.086804 
3717.000000 0.086688 
3718.000000 0.086571 
3719.000000 0.086455 
3720.000000 0.086339 
3721.000000 0.086223 
3722.000000 0.086107 
3723.000000 0.085991 
3724.000000 0.085876 
3725.000000 0.085760 
3726.000000 0.085645 
3727.000000 0.085529 
3728.000000 0.085414 
3729.000000 0.085299 
3730.000000 0.085184 
3731.000000 0.085069 
3732.000000 0.084955 
3733.000000 0.084840 
3734.000000 0.084726 
3735.000000 0.084611 
3736.000000 0.084497 
3737.000000 0.084383 
3738.000000 0.084269 
3739.000000 0.084155 
3740.000000 0.084041 
3741.000000 0.083928 
3742.000000 0.083814 
3743.000000 0.083701 
3744.000000 0.083588 
3745.000000 0.083474 
3746.000000 0.083361 
3747.000000 0.083248 
3748.000000 0.083136 
3749.000000 0.083023 
3750.000000 0.082910 
3751.000000 0.082798 
3752.000000 0.082685 
3753.000000 0.082573 
3754.000000 0.082461 
3755.000000 0.082349 
3756.000000 0.082237 
3757.000000 0.082125 
3758.000000 0.082014 
3759.000000 0.081902 
3760.000000 0.081791 
3761.000000 0.081679 
3762.000000 0.081568 
3763.000000 0.081457 
3764.000000 0.081346 
3765.000000 0.081235 
3766.000000 0.081125 
3767.000000 0.081014 
3768.000000 0.080903 
3769.000000 0.080793 
3770.000000 0.080683 
3771.000000 0.080573 
3772.000000 0.080463 
3773.000000 0.080353 
3774.000000 0.080243 
3775.000000 0.080133 
3776.000000 0.080024 
3777.000000 0.079914 
3778.000000 0.079805 
3779.000000 0.079695 
3780.000000 0.079586 
3781.000000 0.079477 
3782.000000 0.079368 
3783.000000 0.079260 
3784.000000 0.079151 
3785.000000 0.079042 
3786.000000 0.078934 
3787.000000 0.078826 
3788.000000 0.078717 
3789.000000 0.078609 
3790.000000 0.078501 
3791.000000 0.078393 
3792.000000 0.078286 
3793.000000 0.078178 
3794.000000 0.078070 
3795.000000 0.077963 
3796.000000 0.077856 
3797.000000 0.077748 
3798.000000 0.077641 
3799.000000 0.077534 
3800.000000 0.077428 
3801.000000 0.077321 
3802.000000 0.077214 
3803.000000 0.077108 
3804.000000 0.077001 
3805.000000 0.076895 
3806.000000 0.076789 
3807.000000 0.076683 
3808.000000 0.076577 
3809.000000 0.076471 
3810.000000 0.076365 
3811.000000 0.076260 
3812.000000 0.076154 
3813.000000 0.076049 
3814.000000 0.075943 
3815.000000 0.075838 
3816.000000 0.075733 
3817.000000 0.075628 
3818.000000 0.075523 
3819.000000 0.075419 
3820.000000 0.075314 
3821.000000 0.075210 
3822.000000 0.075105 
3823.000000 0.075001 
3824.000000 0.074897 
3825.000000 0.074793 
3826.000000 0.074689 
3827.000000 0.074585 
3828.000000 0.074481 
3829.000000 0.074377 
3830.000000 0.074274 
3831.000000 0.074171 
3832.000000 0.074067 
3833.000000 0.073964 
3834.000000 0.073861 
3835.000000 0.073758 
3836.000000 0.073655 
3837.000000 0.073553 
3838.000000 0.073450 
3839.000000 0.073347 
3840.000000 0.073245 
3841.000000 0.073143 
3842.000000 0.073041 
3843.000000 0.072939 
3844.000000 0.072837 
3845.000000 0.072735 
3846.000000 0.072633 
3847.000000 0.072531 
3848.000000 0.072430 
3849.000000 0.072328 
3850.000000 0.072227 
3851.000000 0.072126 
3852.000000 0.072025 
3853.000000 0.071924 
3854.000000 0.071823 
3855.000000 0.071722 
3856.000000 0.071622 
3857.000000 0.071521 
3858.000000 0.071421 
3859.000000 0.071320 
3860.000000 0.071220 
3861.000000 0.071120 
3862.000000 0.071020 
3863.000000 0.070920 
3864.000000 0.070820 
3865.000000 0.070721 
3866.000000 0.070621 
3867.000000 0.070522 
3868.000000 0.070422 
3869.000000 0.070323 
3870.000000 0.070224 
3871.000000 0.070125 
3872.000000 0.070026 
3873.000000 0.069927 
3874.000000 0.069829 
3875.000000 0.069730 
3876.000000 0.069631 
3877.000000 0.069533 
3878.000000 0.069435 
3879.000000 0.069337 
3880.000000 0.069239 
3881.000000 0.069141 
3882.000000 0.069043 
3883.000000 0.068945 
3884.000000 0.068848 
3885.000000 0.068750 
3886.000000 0.068653 
3887.000000 0.068555 
3888.000000 0.068458 
3889.000000 0.068361 
3890.000000 0.068264 
3891.000000 0.068167 
3892.000000 0.068070 
3893.000000 0.067974 
3894.000000 0.067877 
3895.000000 0.067781 
3896.000000 0.067684 
3897.000000 0.067588 
3898.000000 0.067492 
3899.000000 0.067396 
3900.000000 0.067300 
3901.000000 0.067204 
3902.000000 0.067108 
3903.000000 0.067013 
3904.000000 0.066917 
3905.000000 0.066822 
3906.000000 0.066727 
3907.000000 0.066632 
3908.000000 0.066536 
3909.000000 0.066441 
3910.000000 0.066347 
3911.000000 0.066252 
3912.000000 0.066157 
3913.000000 0.066063 
3914.000000 0.065968 
3915.000000 0.065874 
3916.000000 0.065780 
3917.000000 0.065685 
3918.000000 0.065591 
3919.000000 0.065497 
3920.000000 0.065404 
3921.000000 0.065310 
3922.000000 0.065216 
3923.000000 0.065123 
3924.000000 0.065029 
3925.000000 0.064936 
3926.000000 0.064843 
3927.000000 0.064750 
3928.000000 0.064657 
3929.000000 0.064564 
3930.000000 0.064471 
3931.000000 0.064378 
3932.000000 0.064286 
3933.000000 0.064193 
3934.000000 0.064101 
3935.000000 0.064009 
3936.000000 0.063917 
3937.000000 0.063824 
3938.000000 0.063732 
3939.000000 0.063641 
3940.000000 0.063549 
3941.000000 0.063457 
3942.000000 0.063366 
3943.000000 0.063274 
3944.000000 0.063183 
3945.000000 0.063092 
3946.000000 0.063000 
3947.000000 0.062909 
3948.000000 0.062818 
3949.000000 0.062728 
3950.000000 0.062637 
3951.000000 0.062546 
3952.000000 0.062456 
3953.000000 0.062365 
3954.000000 0.062275 
3955.000000 0.062185 
3956.000000 0.062095 
3957.000000 0.062005 
3958.000000 0.061915 
3959.000000 0.061825 
3960.000000 0.061735 
3961.000000 0.061645 
3962.000000 0.061556 
3963.000000 0.061467 
3964.000000 0.061377 
3965.000000 0.061288 
3966.000000 0.061199 
3967.000000 0.061110 
3968.000000 0.061021 
3969.000000 0.060932 
3970.000000 0.060843 
3971.000000 0.060755 
3972.000000 0.060666 
3973.000000 0.060578 
3974.000000 0.060489 
3975.000000 0.060401 
3976.000000 0.060313 
3977.000000 0.060225 
3978.000000 0.060137 
3979.000000 0.060049 
3980.000000 0.059962 
3981.000000 0.059874 
3982.000000 0.059787 
3983.000000 0.059699 
3984.000000 0.059612 
3985.000000 0.059525 
3986.000000 0.059437 
3987.000000 0.059350 
3988.000000 0.059263 
3989.000000 0.059177 
3990.000000 0.059090 
3991.000000 0.059003 
3992.000000 0.058917 
3993.000000 0.058830 
3994.000000 0.058744 
3995.000000 0.058658 
3996.000000 0.058572 
3997.000000 0.058486 
3998.000000 0.058400 
3999.000000 0.058314 
4000.000000 0.058228 
