0.000000 1.000000 
1.000000 0.999999 
2.000000 0.999997 
3.000000 0.999994 
4.000000 0.999990 
5.000000 0.999985 
6.000000 0.999979 
7.000000 0.999972 
8.000000 0.999963 
9.000000 0.999954 
10.000000 0.999944 
11.000000 0.999933 
12.000000 0.999921 
13.000000 0.999908 
14.000000 0.999893 
15.000000 0.999878 
16.000000 0.999862 
17.000000 0.999845 
18.000000 0.999826 
19.000000 0.999807 
20.000000 0.999787 
21.000000 0.999766 
22.000000 0.999743 
23.000000 0.999720 
24.000000 0.999696 
25.000000 0.999671 
26.000000 0.999644 
27.000000 0.999617 
28.000000 0.999589 
29.000000 0.999559 
30.000000 0.999529 
31.000000 0.999498 
32.000000 0.999466 
33.000000 0.999432 
34.000000 0.999398 
35.000000 0.999363 
36.000000 0.999327 
37.000000 0.999290 
38.000000 0.999251 
39.000000 0.999212 
40.000000 0.999172 
41.000000 0.999131 
42.000000 0.999089 
43.000000 0.999045 
44.000000 0.999001 
45.000000 0.998956 
46.000000 0.998910 
47.000000 0.998863 
48.000000 0.998815 
49.000000 0.998766 
50.000000 0.998717 
51.000000 0.998666 
52.000000 0.998614 
53.000000 0.998561 
54.000000 0.998508 
55.000000 0.998453 
56.000000 0.998397 
57.000000 0.998340 
58.000000 0.998283 
59.000000 0.998224 
60.000000 0.998165 
61.000000 0.998105 
62.000000 0.998043 
63.000000 0.997981 
64.000000 0.997918 
65.000000 0.997854 
66.000000 0.997789 
67.000000 0.997723 
68.000000 0.997656 
69.000000 0.997588 
70.000000 0.997519 
71.000000 0.997450 
72.000000 0.997379 
73.000000 0.997307 
74.000000 0.997235 
75.000000 0.997162 
76.000000 0.997087 
77.000000 0.997012 
78.000000 0.996936 
79.000000 0.996859 
80.000000 0.996782 
81.000000 0.996703 
82.000000 0.996623 
83.000000 0.996543 
84.000000 0.996461 
85.000000 0.996379 
86.000000 0.996296 
87.000000 0.996212 
88.000000 0.996127 
89.000000 0.996041 
90.000000 0.995954 
91.000000 0.995867 
92.000000 0.995778 
93.000000 0.995689 
94.000000 0.995599 
95.000000 0.995508 
96.000000 0.995416 
97.000000 0.995323 
98.000000 0.995229 
99.000000 0.995135 
100.000000 0.995040 
101.000000 0.994943 
102.000000 0.994846 
103.000000 0.994749 
104.000000 0.994650 
105.000000 0.994550 
106.000000 0.994450 
107.000000 0.994349 
108.000000 0.994246 
109.000000 0.994144 
110.000000 0.994040 
111.000000 0.993935 
112.000000 0.993830 
113.000000 0.993724 
114.000000 0.993617 
115.000000 0.993509 
116.000000 0.993400 
117.000000 0.993291 
118.000000 0.993180 
119.000000 0.993069 
120.000000 0.992957 
121.000000 0.992844 
122.000000 0.992731 
123.000000 0.992616 
124.000000 0.992501 
125.000000 0.992385 
126.000000 0.992268 
127.000000 0.992151 
128.000000 0.992032 
129.000000 0.991913 
130.000000 0.991793 
131.000000 0.991673 
132.000000 0.991551 
133.000000 0.991429 
134.000000 0.991306 
135.000000 0.991182 
136.000000 0.991057 
137.000000 0.990931 
138.000000 0.990805 
139.000000 0.990678 
140.000000 0.990550 
141.000000 0.990422 
142.000000 0.990292 
143.000000 0.990162 
144.000000 0.990031 
145.000000 0.989899 
146.000000 0.989767 
147.000000 0.989634 
148.000000 0.989500 
149.000000 0.989365 
150.000000 0.989229 
151.000000 0.989093 
152.000000 0.988956 
153.000000 0.988818 
154.000000 0.988679 
155.000000 0.988540 
156.000000 0.988400 
157.000000 0.988259 
158.000000 0.988117 
159.000000 0.987975 
160.000000 0.987832 
161.000000 0.987688 
162.000000 0.987543 
163.000000 0.987398 
164.000000 0.987251 
165.000000 0.987104 
166.000000 0.986957 
167.000000 0.986808 
168.000000 0.986659 
169.000000 0.986509 
170.000000 0.986358 
171.000000 0.986206 
172.000000 0.986054 
173.000000 0.985901 
174.000000 0.985747 
175.000000 0.985593 
176.000000 0.985438 
177.000000 0.985282 
178.000000 0.985125 
179.000000 0.984967 
180.000000 0.984809 
181.000000 0.984650 
182.000000 0.984490 
183.000000 0.984330 
184.000000 0.984168 
185.000000 0.984006 
186.000000 0.983843 
187.000000 0.983680 
188.000000 0.983516 
189.000000 0.983351 
190.000000 0.983185 
191.000000 0.983018 
192.000000 0.982851 
193.000000 0.982683 
194.000000 0.982514 
195.000000 0.982345 
196.000000 0.982174 
197.000000 0.982003 
198.000000 0.981832 
199.000000 0.981659 
200.000000 0.981486 
201.000000 0.981312 
202.000000 0.981137 
203.000000 0.980961 
204.000000 0.980785 
205.000000 0.980608 
206.000000 0.980430 
207.000000 0.980252 
208.000000 0.980072 
209.000000 0.979892 
210.000000 0.979712 
211.000000 0.979530 
212.000000 0.979348 
213.000000 0.979165 
214.000000 0.978981 
215.000000 0.978796 
216.000000 0.978611 
217.000000 0.978425 
218.000000 0.978238 
219.000000 0.978050 
220.000000 0.977862 
221.000000 0.977673 
222.000000 0.977483 
223.000000 0.977293 
224.000000 0.977101 
225.000000 0.976909 
226.000000 0.976716 
227.000000 0.976523 
228.000000 0.976328 
229.000000 0.976133 
230.000000 0.975937 
231.000000 0.975741 
232.000000 0.975543 
233.000000 0.975345 
234.000000 0.975146 
235.000000 0.974946 
236.000000 0.974746 
237.000000 0.974545 
238.000000 0.974343 
239.000000 0.974140 
240.000000 0.973936 
241.000000 0.973732 
242.000000 0.973527 
243.000000 0.973321 
244.000000 0.973115 
245.000000 0.972908 
246.000000 0.972699 
247.000000 0.972491 
248.000000 0.972281 
249.000000 0.972071 
250.000000 0.971859 
251.000000 0.971648 
252.000000 0.971435 
253.000000 0.971222 
254.000000 0.971007 
255.000000 0.970792 
256.000000 0.970577 
257.000000 0.970360 
258.000000 0.970143 
259.000000 0.969925 
260.000000 0.969706 
261.000000 0.969487 
262.000000 0.969267 
263.000000 0.969045 
264.000000 0.968824 
265.000000 0.968601 
266.000000 0.968378 
267.000000 0.968153 
268.000000 0.967929 
269.000000 0.967703 
270.000000 0.967477 
271.000000 0.967249 
272.000000 0.967022 
273.000000 0.966793 
274.000000 0.966563 
275.000000 0.966333 
276.000000 0.966102 
277.000000 0.965870 
278.000000 0.965638 
279.000000 0.965405 
280.000000 0.965171 
281.000000 0.964936 
282.000000 0.964700 
283.000000 0.964464 
284.000000 0.964227 
285.000000 0.963989 
286.000000 0.963750 
287.000000 0.963511 
288.000000 0.963271 
289.000000 0.963030 
290.000000 0.962788 
291.000000 0.962546 
292.000000 0.962303 
293.000000 0.962059 
294.000000 0.961814 
295.000000 0.961569 
296.000000 0.961323 
297.000000 0.961076 
298.000000 0.960828 
299.000000 0.960580 
300.000000 0.960330 
301.000000 0.960080 
302.000000 0.959830 
303.000000 0.959578 
304.000000 0.959326 
305.000000 0.959073 
306.000000 0.958819 
307.000000 0.958565 
308.000000 0.958310 
309.000000 0.958054 
310.000000 0.957797 
311.000000 0.957540 
312.000000 0.957281 
313.000000 0.957022 
314.000000 0.956763 
315.000000 0.956502 
316.000000 0.956241 
317.000000 0.955979 
318.000000 0.955716 
319.000000 0.955453 
320.000000 0.955189 
321.000000 0.954924 
322.000000 0.954658 
323.000000 0.954392 
324.000000 0.954125 
325.000000 0.953857 
326.000000 0.953588 
327.000000 0.953319 
328.000000 0.953049 
329.000000 0.952778 
330.000000 0.952506 
331.000000 0.952234 
332.000000 0.951961 
333.000000 0.951687 
334.000000 0.951413 
335.000000 0.951138 
336.000000 0.950862 
337.000000 0.950585 
338.000000 0.950308 
339.000000 0.950030 
340.000000 0.949751 
341.000000 0.949472 
342.000000 0.949191 
343.000000 0.948910 
344.000000 0.948629 
345.000000 0.948346 
346.000000 0.948063 
347.000000 0.947779 
348.000000 0.947495 
349.000000 0.947209 
350.000000 0.946923 
351.000000 0.946637 
352.000000 0.946349 
353.000000 0.946061 
354.000000 0.945772 
355.000000 0.945483 
356.000000 0.945193 
357.000000 0.944902 
358.000000 0.944610 
359.000000 0.944318 
360.000000 0.944024 
361.000000 0.943731 
362.000000 0.943436 
363.000000 0.943141 
364.000000 0.942845 
365.000000 0.942549 
366.000000 0.942251 
367.000000 0.941953 
368.000000 0.941655 
369.000000 0.941355 
370.000000 0.941055 
371.000000 0.940754 
372.000000 0.940453 
373.000000 0.940151 
374.000000 0.939848 
375.000000 0.939545 
376.000000 0.939240 
377.000000 0.938935 
378.000000 0.938630 
379.000000 0.938324 
380.000000 0.938017 
381.000000 0.937709 
382.000000 0.937401 
383.000000 0.937092 
384.000000 0.936782 
385.000000 0.936472 
386.000000 0.936161 
387.000000 0.935849 
388.000000 0.935537 
389.000000 0.935224 
390.000000 0.934910 
391.000000 0.934595 
392.000000 0.934280 
393.000000 0.933964 
394.000000 0.933648 
395.000000 0.933331 
396.000000 0.933013 
397.000000 0.932695 
398.000000 0.932376 
399.000000 0.932056 
400.000000 0.931735 
401.000000 0.931414 
402.000000 0.931092 
403.000000 0.930770 
404.000000 0.930447 
405.000000 0.930123 
406.000000 0.929799 
407.000000 0.929474 
408.000000 0.929148 
409.000000 0.928821 
410.000000 0.928494 
411.000000 0.928167 
412.000000 0.927838 
413.000000 0.927509 
414.000000 0.927180 
415.000000 0.926849 
416.000000 0.926518 
417.000000 0.926187 
418.000000 0.925854 
419.000000 0.925521 
420.000000 0.925188 
421.000000 0.924854 
422.000000 0.924519 
423.000000 0.924183 
424.000000 0.923847 
425.000000 0.923510 
426.000000 0.923173 
427.000000 0.922834 
428.000000 0.922496 
429.000000 0.922156 
430.000000 0.921816 
431.000000 0.921475 
432.000000 0.921134 
433.000000 0.920792 
434.000000 0.920450 
435.000000 0.920106 
436.000000 0.919762 
437.000000 0.919418 
438.000000 0.919073 
439.000000 0.918727 
440.000000 0.918380 
441.000000 0.918033 
442.000000 0.917685 
443.000000 0.917337 
444.000000 0.916988 
445.000000 0.916638 
446.000000 0.916288 
447.000000 0.915937 
448.000000 0.915586 
449.000000 0.915234 
450.000000 0.914881 
451.000000 0.914528 
452.000000 0.914173 
453.000000 0.913819 
454.000000 0.913464 
455.000000 0.913108 
456.000000 0.912751 
457.000000 0.912394 
458.000000 0.912036 
459.000000 0.911678 
460.000000 0.911319 
461.000000 0.910959 
462.000000 0.910599 
463.000000 0.910238 
464.000000 0.909876 
465.000000 0.909514 
466.000000 0.909151 
467.000000 0.908788 
468.000000 0.908424 
469.000000 0.908059 
470.000000 0.907694 
471.000000 0.907328 
472.000000 0.906962 
473.000000 0.906595 
474.000000 0.906227 
475.000000 0.905859 
476.000000 0.905490 
477.000000 0.905120 
478.000000 0.904750 
479.000000 0.904379 
480.000000 0.904008 
481.000000 0.903636 
482.000000 0.903263 
483.000000 0.902890 
484.000000 0.902516 
485.000000 0.902142 
486.000000 0.901767 
487.000000 0.901391 
488.000000 0.901015 
489.000000 0.900638 
490.000000 0.900261 
491.000000 0.899883 
492.000000 0.899504 
493.000000 0.899125 
494.000000 0.898745 
495.000000 0.898365 
496.000000 0.897984 
497.000000 0.897602 
498.000000 0.897220 
499.000000 0.896837 
500.000000 0.896454 
501.000000 0.896070 
502.000000 0.895685 
503.000000 0.895300 
504.000000 0.894914 
505.000000 0.894528 
506.000000 0.894141 
507.000000 0.893753 
508.000000 0.893365 
509.000000 0.892976 
510.000000 0.892587 
511.000000 0.892197 
512.000000 0.891807 
513.000000 0.891416 
514.000000 0.891024 
515.000000 0.890632 
516.000000 0.890239 
517.000000 0.889845 
518.000000 0.889451 
519.000000 0.889057 
520.000000 0.888662 
521.000000 0.888266 
522.000000 0.887870 
523.000000 0.887473 
524.000000 0.887075 
525.000000 0.886677 
526.000000 0.886279 
527.000000 0.885879 
528.000000 0.885480 
529.000000 0.885079 
530.000000 0.884679 
531.000000 0.884277 
532.000000 0.883875 
533.000000 0.883472 
534.000000 0.883069 
535.000000 0.882666 
536.000000 0.882261 
537.000000 0.881856 
538.000000 0.881451 
539.000000 0.881045 
540.000000 0.880638 
541.000000 0.880231 
542.000000 0.879824 
543.000000 0.879415 
544.000000 0.879007 
545.000000 0.878597 
546.000000 0.878187 
547.000000 0.877777 
548.000000 0.877366 
549.000000 0.876954 
550.000000 0.876542 
551.000000 0.876130 
552.000000 0.875716 
553.000000 0.875303 
554.000000 0.874888 
555.000000 0.874473 
556.000000 0.874058 
557.000000 0.873642 
558.000000 0.873226 
559.000000 0.872809 
560.000000 0.872391 
561.000000 0.871973 
562.000000 0.871554 
563.000000 0.871135 
564.000000 0.870715 
565.000000 0.870295 
566.000000 0.869874 
567.000000 0.869453 
568.000000 0.869031 
569.000000 0.868609 
570.000000 0.868186 
571.000000 0.867762 
572.000000 0.867338 
573.000000 0.866914 
574.000000 0.866489 
575.000000 0.866063 
576.000000 0.865637 
577.000000 0.865211 
578.000000 0.864783 
579.000000 0.864356 
580.000000 0.863928 
581.000000 0.863499 
582.000000 0.863070 
583.000000 0.862640 
584.000000 0.862210 
585.000000 0.861779 
586.000000 0.861348 
587.000000 0.860916 
588.000000 0.860483 
589.000000 0.860051 
590.000000 0.859617 
591.000000 0.859184 
592.000000 0.858749 
593.000000 0.858314 
594.000000 0.857879 
595.000000 0.857443 
596.000000 0.857007 
597.000000 0.856570 
598.000000 0.856133 
599.000000 0.855695 
600.000000 0.855256 
601.000000 0.854817 
602.000000 0.854378 
603.000000 0.853938 
604.000000 0.853498 
605.000000 0.853057 
606.000000 0.852616 
607.000000 0.852174 
608.000000 0.851731 
609.000000 0.851289 
610.000000 0.850845 
611.000000 0.850401 
612.000000 0.849957 
613.000000 0.849512 
614.000000 0.849067 
615.000000 0.848621 
616.000000 0.848175 
617.000000 0.847728 
618.000000 0.847281 
619.000000 0.846833 
620.000000 0.846385 
621.000000 0.845937 
622.000000 0.845488 
623.000000 0.845038 
624.000000 0.844588 
625.000000 0.844137 
626.000000 0.843686 
627.000000 0.843235 
628.000000 0.842783 
629.000000 0.842330 
630.000000 0.841878 
631.000000 0.841424 
632.000000 0.840970 
633.000000 0.840516 
634.000000 0.840061 
635.000000 0.839606 
636.000000 0.839150 
637.000000 0.838694 
638.000000 0.838238 
639.000000 0.837780 
640.000000 0.837323 
641.000000 0.836865 
642.000000 0.836406 
643.000000 0.835948 
644.000000 0.835488 
645.000000 0.835028 
646.000000 0.834568 
647.000000 0.834107 
648.000000 0.833646 
649.000000 0.833184 
650.000000 0.832722 
651.000000 0.832260 
652.000000 0.831797 
653.000000 0.831333 
654.000000 0.830869 
655.000000 0.830405 
656.000000 0.829940 
657.000000 0.829475 
658.000000 0.829010 
659.000000 0.828543 
660.000000 0.828077 
661.000000 0.827610 
662.000000 0.827142 
663.000000 0.826675 
664.000000 0.826206 
665.000000 0.825737 
666.000000 0.825268 
667.000000 0.824799 
668.000000 0.824329 
669.000000 0.823858 
670.000000 0.823387 
671.000000 0.822916 
672.000000 0.822444 
673.000000 0.821972 
674.000000 0.821499 
675.000000 0.821026 
676.000000 0.820553 
677.000000 0.820079 
678.000000 0.819605 
679.000000 0.819130 
680.000000 0.818655 
681.000000 0.818179 
682.000000 0.817703 
683.000000 0.817227 
684.000000 0.816750 
685.000000 0.816272 
686.000000 0.815795 
687.000000 0.815317 
688.000000 0.814838 
689.000000 0.814359 
690.000000 0.813880 
691.000000 0.813400 
692.000000 0.812920 
693.000000 0.812439 
694.000000 0.811958 
695.000000 0.811477 
696.000000 0.810995 
697.000000 0.810513 
698.000000 0.810030 
699.000000 0.809547 
700.000000 0.809064 
701.000000 0.808580 
702.000000 0.808096 
703.000000 0.807611 
704.000000 0.807126 
705.000000 0.806640 
706.000000 0.806155 
707.000000 0.805668 
708.000000 0.805182 
709.000000 0.804695 
710.000000 0.804207 
711.000000 0.803719 
712.000000 0.803231 
713.000000 0.802743 
714.000000 0.802254 
715.000000 0.801764 
716.000000 0.801274 
717.000000 0.800784 
718.000000 0.800294 
719.000000 0.799803 
720.000000 0.799311 
721.000000 0.798820 
722.000000 0.798328 
723.000000 0.797835 
724.000000 0.797342 
725.000000 0.796849 
726.000000 0.796355 
727.000000 0.795861 
728.000000 0.795367 
729.000000 0.794872 
730.000000 0.794377 
731.000000 0.793882 
732.000000 0.793386 
733.000000 0.792889 
734.000000 0.792393 
735.000000 0.791896 
736.000000 0.791398 
737.000000 0.790901 
738.000000 0.790403 
739.000000 0.789904 
740.000000 0.789405 
741.000000 0.788906 
742.000000 0.788407 
743.000000 0.787907 
744.000000 0.787406 
745.000000 0.786906 
746.000000 0.786405 
747.000000 0.785903 
748.000000 0.785401 
749.000000 0.784899 
750.000000 0.784397 
751.000000 0.783894 
752.000000 0.783391 
753.000000 0.782888 
754.000000 0.782384 
755.000000 0.781880 
756.000000 0.781375 
757.000000 0.780870 
758.000000 0.780365 
759.000000 0.779859 
760.000000 0.779353 
761.000000 0.778847 
762.000000 0.778340 
763.000000 0.777833 
764.000000 0.777326 
765.000000 0.776818 
766.000000 0.776310 
767.000000 0.775802 
768.000000 0.775293 
769.000000 0.774784 
770.000000 0.774275 
771.000000 0.773765 
772.000000 0.773255 
773.000000 0.772745 
774.000000 0.772234 
775.000000 0.771723 
776.000000 0.771212 
777.000000 0.770700 
778.000000 0.770188 
779.000000 0.769676 
780.000000 0.769164 
781.000000 0.768651 
782.000000 0.768137 
783.000000 0.767624 
784.000000 0.767110 
785.000000 0.766596 
786.000000 0.766081 
787.000000 0.765566 
788.000000 0.765051 
789.000000 0.764535 
790.000000 0.764020 
791.000000 0.763504 
792.000000 0.762987 
793.000000 0.762470 
794.000000 0.761953 
795.000000 0.761436 
796.000000 0.760918 
797.000000 0.760400 
798.000000 0.759882 
799.000000 0.759363 
800.000000 0.758844 
801.000000 0.758325 
802.000000 0.757806 
803.000000 0.757286 
804.000000 0.756766 
805.000000 0.756245 
806.000000 0.755725 
807.000000 0.755204 
808.000000 0.754682 
809.000000 0.754161 
810.000000 0.753639 
811.000000 0.753117 
812.000000 0.752594 
813.000000 0.752072 
814.000000 0.751549 
815.000000 0.751025 
816.000000 0.750502 
817.000000 0.749978 
818.000000 0.749454 
819.000000 0.748929 
820.000000 0.748404 
821.000000 0.747879 
822.000000 0.747354 
823.000000 0.746829 
824.000000 0.746303 
825.000000 0.745777 
826.000000 0.745250 
827.000000 0.744723 
828.000000 0.744196 
829.000000 0.743669 
830.000000 0.743142 
831.000000 0.742614 
832.000000 0.742086 
833.000000 0.741558 
834.000000 0.741029 
835.000000 0.740500 
836.000000 0.739971 
837.000000 0.739442 
838.000000 0.738912 
839.000000 0.738382 
840.000000 0.737852 
841.000000 0.737322 
842.000000 0.736791 
843.000000 0.736260 
844.000000 0.735729 
845.000000 0.735197 
846.000000 0.734666 
847.000000 0.734134 
848.000000 0.733601 
849.000000 0.733069 
850.000000 0.732536 
851.000000 0.732003 
852.000000 0.731470 
853.000000 0.730937 
854.000000 0.730403 
855.000000 0.729869 
856.000000 0.729335 
857.000000 0.728800 
858.000000 0.728266 
859.000000 0.727731 
860.000000 0.727195 
861.000000 0.726660 
862.000000 0.726124 
863.000000 0.725588 
864.000000 0.725052 
865.000000 0.724516 
866.000000 0.723979 
867.000000 0.723443 
868.000000 0.722905 
869.000000 0.722368 
870.000000 0.721831 
871.000000 0.721293 
872.000000 0.720755 
873.000000 0.720217 
874.000000 0.719678 
875.000000 0.719139 
876.000000 0.718601 
877.000000 0.718061 
878.000000 0.717522 
879.000000 0.716982 
880.000000 0.716443 
881.000000 0.715903 
882.000000 0.715362 
883.000000 0.714822 
884.000000 0.714281 
885.000000 0.713740 
886.000000 0.713199 
887.000000 0.712658 
888.000000 0.712116 
889.000000 0.711575 
890.000000 0.711033 
891.000000 0.710491 
892.000000 0.709948 
893.000000 0.709406 
894.000000 0.708863 
895.000000 0.708320 
896.000000 0.707777 
897.000000 0.707233 
898.000000 0.706690 
899.000000 0.706146 
900.000000 0.705602 
901.000000 0.705058 
902.000000 0.704513 
903.000000 0.703969 
904.000000 0.703424 
905.000000 0.702879 
906.000000 0.702333 
907.000000 0.701788 
908.000000 0.701242 
909.000000 0.700697 
910.000000 0.700151 
911.000000 0.699604 
912.000000 0.699058 
913.000000 0.698512 
914.000000 0.697965 
915.000000 0.697418 
916.000000 0.696871 
917.000000 0.696323 
918.000000 0.695776 
919.000000 0.695228 
920.000000 0.694680 
921.000000 0.694132 
922.000000 0.693584 
923.000000 0.693036 
924.000000 0.692487 
925.000000 0.691938 
926.000000 0.691390 
927.000000 0.690840 
928.000000 0.690291 
929.000000 0.689742 
930.000000 0.689192 
931.000000 0.688642 
932.000000 0.688092 
933.000000 0.687542 
934.000000 0.686992 
935.000000 0.686441 
936.000000 0.685891 
937.000000 0.685340 
938.000000 0.684789 
939.000000 0.684238 
940.000000 0.683687 
941.000000 0.683135 
942.000000 0.682583 
943.000000 0.682032 
944.000000 0.681480 
945.000000 0.680928 
946.000000 0.680375 
947.000000 0.679823 
948.000000 0.679271 
949.000000 0.678718 
950.000000 0.678165 
951.000000 0.677612 
952.000000 0.677059 
953.000000 0.676505 
954.000000 0.675952 
955.000000 0.675398 
956.000000 0.674845 
957.000000 0.674291 
958.000000 0.673737 
959.000000 0.673182 
960.000000 0.672628 
961.000000 0.672074 
962.000000 0.671519 
963.000000 0.670964 
964.000000 0.670409 
965.000000 0.669854 
966.000000 0.669299 
967.000000 0.668744 
968.000000 0.668189 
969.000000 0.667633 
970.000000 0.667077 
971.000000 0.666521 
972.000000 0.665965 
973.000000 0.665409 
974.000000 0.664853 
975.000000 0.664297 
976.000000 0.663740 
977.000000 0.663184 
978.000000 0.662627 
979.000000 0.662070 
980.000000 0.661513 
981.000000 0.660956 
982.000000 0.660399 
983.000000 0.659842 
984.000000 0.659284 
985.000000 0.658727 
986.000000 0.658169 
987.000000 0.657611 
988.000000 0.657053 
989.000000 0.656495 
990.000000 0.655937 
991.000000 0.655379 
992.000000 0.654821 
993.000000 0.654262 
994.000000 0.653704 
995.000000 0.653145 
996.000000 0.652586 
997.000000 0.652027 
998.000000 0.651468 
999.000000 0.650909 
1000.000000 0.650350 
1001.000000 0.649791 
1002.000000 0.649232 
1003.000000 0.648672 
1004.000000 0.648112 
1005.000000 0.647553 
1006.000000 0.646993 
1007.000000 0.646433 
1008.000000 0.645873 
1009.000000 0.645313 
1010.000000 0.644753 
1011.000000 0.644193 
1012.000000 0.643633 
1013.000000 0.643072 
1014.000000 0.642512 
1015.000000 0.641951 
1016.000000 0.641391 
1017.000000 0.640830 
1018.000000 0.640269 
1019.000000 0.639708 
1020.000000 0.639147 
1021.000000 0.638586 
1022.000000 0.638025 
1023.000000 0.637464 
1024.000000 0.636902 
1025.000000 0.636341 
1026.000000 0.635780 
1027.000000 0.635218 
1028.000000 0.634657 
1029.000000 0.634095 
1030.000000 0.633533 
1031.000000 0.632971 
1032.000000 0.632409 
1033.000000 0.631847 
1034.000000 0.631285 
1035.000000 0.630723 
1036.000000 0.630161 
1037.000000 0.629599 
1038.000000 0.629037 
1039.000000 0.628474 
1040.000000 0.627912 
1041.000000 0.627350 
1042.000000 0.626787 
1043.000000 0.626225 
1044.000000 0.625662 
1045.000000 0.625099 
1046.000000 0.624537 
1047.000000 0.623974 
1048.000000 0.623411 
1049.000000 0.622848 
1050.000000 0.622285 
1051.000000 0.621722 
1052.000000 0.621159 
1053.000000 0.620596 
1054.000000 0.620033 
1055.000000 0.619470 
1056.000000 0.618907 
1057.000000 0.618343 
1058.000000 0.617780 
1059.000000 0.617217 
1060.000000 0.616653 
1061.000000 0.616090 
1062.000000 0.615526 
1063.000000 0.614963 
1064.000000 0.614399 
1065.000000 0.613836 
1066.000000 0.613272 
1067.000000 0.612708 
1068.000000 0.612145 
1069.000000 0.611581 
1070.000000 0.611017 
1071.000000 0.610453 
1072.000000 0.609890 
1073.000000 0.609326 
1074.000000 0.608762 
1075.000000 0.608198 
1076.000000 0.607634 
1077.000000 0.607070 
1078.000000 0.606506 
1079.000000 0.605942 
1080.000000 0.605378 
1081.000000 0.604814 
1082.000000 0.604250 
1083.000000 0.603686 
1084.000000 0.603122 
1085.000000 0.602558 
1086.000000 0.601993 
1087.000000 0.601429 
1088.000000 0.600865 
1089.000000 0.600301 
1090.000000 0.599737 
1091.000000 0.599173 
1092.000000 0.598608 
1093.000000 0.598044 
1094.000000 0.597480 
1095.000000 0.596916 
1096.000000 0.596351 
1097.000000 0.595787 
1098.000000 0.595223 
1099.000000 0.594658 
1100.000000 0.594094 
1101.000000 0.593530 
1102.000000 0.592965 
1103.000000 0.592401 
1104.000000 0.591837 
1105.000000 0.591273 
1106.000000 0.590708 
1107.000000 0.590144 
1108.000000 0.589580 
1109.000000 0.589015 
1110.000000 0.588451 
1111.000000 0.587887 
1112.000000 0.587322 
1113.000000 0.586758 
1114.000000 0.586194 
1115.000000 0.585629 
1116.000000 0.585065 
1117.000000 0.584501 
1118.000000 0.583937 
1119.000000 0.583372 
1120.000000 0.582808 
1121.000000 0.582244 
1122.000000 0.581680 
1123.000000 0.581116 
1124.000000 0.580552 
1125.000000 0.579987 
1126.000000 0.579423 
1127.000000 0.578859 
1128.000000 0.578295 
1129.000000 0.577731 
1130.000000 0.577167 
1131.000000 0.576603 
1132.000000 0.576039 
1133.000000 0.575475 
1134.000000 0.574911 
1135.000000 0.574347 
1136.000000 0.573783 
1137.000000 0.573219 
1138.000000 0.572655 
1139.000000 0.572092 
1140.000000 0.571528 
1141.000000 0.570964 
1142.000000 0.570400 
1143.000000 0.569837 
1144.000000 0.569273 
1145.000000 0.568709 
1146.000000 0.568146 
1147.000000 0.567582 
1148.000000 0.567019 
1149.000000 0.566455 
1150.000000 0.565892 
1151.000000 0.565328 
1152.000000 0.564765 
1153.000000 0.564201 
1154.000000 0.563638 
1155.000000 0.563075 
1156.000000 0.562512 
1157.000000 0.561949 
1158.000000 0.561385 
1159.000000 0.560822 
1160.000000 0.560259 
1161.000000 0.559696 
1162.000000 0.559133 
1163.000000 0.558571 
1164.000000 0.558008 
1165.000000 0.557445 
1166.000000 0.556882 
1167.000000 0.556320 
1168.000000 0.555757 
1169.000000 0.555194 
1170.000000 0.554632 
1171.000000 0.554069 
1172.000000 0.553507 
1173.000000 0.552945 
1174.000000 0.552382 
1175.000000 0.551820 
1176.000000 0.551258 
1177.000000 0.550696 
1178.000000 0.550134 
1179.000000 0.549572 
1180.000000 0.549010 
1181.000000 0.548448 
1182.000000 0.547886 
1183.000000 0.547325 
1184.000000 0.546763 
1185.000000 0.546201 
1186.000000 0.545640 
1187.000000 0.545078 
1188.000000 0.544517 
1189.000000 0.543956 
1190.000000 0.543395 
1191.000000 0.542833 
1192.000000 0.542272 
1193.000000 0.541711 
1194.000000 0.541150 
1195.000000 0.540590 
1196.000000 0.540029 
1197.000000 0.539468 
1198.000000 0.538907 
1199.000000 0.538347 
1200.000000 0.537786 
1201.000000 0.537226 
1202.000000 0.536666 
1203.000000 0.536106 
1204.000000 0.535545 
1205.000000 0.534985 
1206.000000 0.534426 
1207.000000 0.533866 
1208.000000 0.533306 
1209.000000 0.532746 
1210.000000 0.532186 
1211.000000 0.531627 
1212.000000 0.531068 
1213.000000 0.530508 
1214.000000 0.529949 
1215.000000 0.529390 
1216.000000 0.528831 
1217.000000 0.528272 
1218.000000 0.527713 
1219.000000 0.527154 
1220.000000 0.526596 
1221.000000 0.526037 
1222.000000 0.525479 
1223.000000 0.524920 
1224.000000 0.524362 
1225.000000 0.523804 
1226.000000 0.523246 
1227.000000 0.522688 
1228.000000 0.522130 
1229.000000 0.521572 
1230.000000 0.521014 
1231.000000 0.520457 
1232.000000 0.519899 
1233.000000 0.519342 
1234.000000 0.518785 
1235.000000 0.518228 
1236.000000 0.517671 
1237.000000 0.517114 
1238.000000 0.516557 
1239.000000 0.516000 
1240.000000 0.515444 
1241.000000 0.514887 
1242.000000 0.514331 
1243.000000 0.513775 
1244.000000 0.513219 
1245.000000 0.512663 
1246.000000 0.512107 
1247.000000 0.511551 
1248.000000 0.510996 
1249.000000 0.510440 
1250.000000 0.509885 
1251.000000 0.509329 
1252.000000 0.508774 
1253.000000 0.508219 
1254.000000 0.507664 
1255.000000 0.507110 
1256.000000 0.506555 
1257.000000 0.506001 
1258.000000 0.505446 
1259.000000 0.504892 
1260.000000 0.504338 
1261.000000 0.503784 
1262.000000 0.503230 
1263.000000 0.502676 
1264.000000 0.502123 
1265.000000 0.501569 
1266.000000 0.501016 
1267.000000 0.500463 
1268.000000 0.499909 
1269.000000 0.499357 
1270.000000 0.498804 
1271.000000 0.498251 
1272.000000 0.497698 
1273.000000 0.497146 
1274.000000 0.496594 
1275.000000 0.496042 
1276.000000 0.495490 
1277.000000 0.494938 
1278.000000 0.494386 
1279.000000 0.493835 
1280.000000 0.493283 
1281.000000 0.492732 
1282.000000 0.492181 
1283.000000 0.491630 
1284.000000 0.491079 
1285.000000 0.490528 
1286.000000 0.489978 
1287.000000 0.489427 
1288.000000 0.488877 
1289.000000 0.488327 
1290.000000 0.487777 
1291.000000 0.487227 
1292.000000 0.486678 
1293.000000 0.486128 
1294.000000 0.485579 
1295.000000 0.485030 
1296.000000 0.484481 
1297.000000 0.483932 
1298.000000 0.483383 
1299.000000 0.482835 
1300.000000 0.482286 
1301.000000 0.481738 
1302.000000 0.481190 
1303.000000 0.480642 
1304.000000 0.480094 
1305.000000 0.479546 
1306.000000 0.478999 
1307.000000 0.478452 
1308.000000 0.477905 
1309.000000 0.477358 
1310.000000 0.476811 
1311.000000 0.476264 
1312.000000 0.475718 
1313.000000 0.475171 
1314.000000 0.474625 
1315.000000 0.474079 
1316.000000 0.473533 
1317.000000 0.472988 
1318.000000 0.472442 
1319.000000 0.471897 
1320.000000 0.471352 
1321.000000 0.470807 
1322.000000 0.470262 
1323.000000 0.469717 
1324.000000 0.469173 
1325.000000 0.468629 
1326.000000 0.468085 
1327.000000 0.467541 
1328.000000 0.466997 
1329.000000 0.466453 
1330.000000 0.465910 
1331.000000 0.465367 
1332.000000 0.464824 
1333.000000 0.464281 
1334.000000 0.463738 
1335.000000 0.463196 
1336.000000 0.462653 
1337.000000 0.462111 
1338.000000 0.461569 
1339.000000 0.461027 
1340.000000 0.460486 
1341.000000 0.459944 
1342.000000 0.459403 
1343.000000 0.458862 
1344.000000 0.458321 
1345.000000 0.457781 
1346.000000 0.457240 
1347.000000 0.456700 
1348.000000 0.456160 
1349.000000 0.455620 
1350.000000 0.455080 
1351.000000 0.454541 
1352.000000 0.454001 
1353.000000 0.453462 
1354.000000 0.452923 
1355.000000 0.452384 
1356.000000 0.451846 
1357.000000 0.451307 
1358.000000 0.450769 
1359.000000 0.450231 
1360.000000 0.449693 
1361.000000 0.449156 
1362.000000 0.448618 
1363.000000 0.448081 
1364.000000 0.447544 
1365.000000 0.447007 
1366.000000 0.446471 
1367.000000 0.445934 
1368.000000 0.445398 
1369.000000 0.444862 
1370.000000 0.444326 
1371.000000 0.443791 
1372.000000 0.443255 
1373.000000 0.442720 
1374.000000 0.442185 
1375.000000 0.441650 
1376.000000 0.441116 
1377.000000 0.440581 
1378.000000 0.440047 
1379.000000 0.439513 
1380.000000 0.438979 
1381.000000 0.438446 
1382.000000 0.437913 
1383.000000 0.437380 
1384.000000 0.436847 
1385.000000 0.436314 
1386.000000 0.435781 
1387.000000 0.435249 
1388.000000 0.434717 
1389.000000 0.434185 
1390.000000 0.433654 
1391.000000 0.433122 
1392.000000 0.432591 
1393.000000 0.432060 
1394.000000 0.431530 
1395.000000 0.430999 
1396.000000 0.430469 
1397.000000 0.429939 
1398.000000 0.429409 
1399.000000 0.428879 
1400.000000 0.428350 
1401.000000 0.427821 
1402.000000 0.427292 
1403.000000 0.426763 
1404.000000 0.426234 
1405.000000 0.425706 
1406.000000 0.425178 
1407.000000 0.424650 
1408.000000 0.424123 
1409.000000 0.423595 
1410.000000 0.423068 
1411.000000 0.422541 
1412.000000 0.422015 
1413.000000 0.421488 
1414.000000 0.420962 
1415.000000 0.420436 
1416.000000 0.419910 
1417.000000 0.419385 
1418.000000 0.418859 
1419.000000 0.418334 
1420.000000 0.417810 
1421.000000 0.417285 
1422.000000 0.416761 
1423.000000 0.416237 
1424.000000 0.415713 
1425.000000 0.415189 
1426.000000 0.414666 
1427.000000 0.414143 
1428.000000 0.413620 
1429.000000 0.413097 
1430.000000 0.412575 
1431.000000 0.412052 
1432.000000 0.411531 
1433.000000 0.411009 
1434.000000 0.410487 
1435.000000 0.409966 
1436.000000 0.409445 
1437.000000 0.408925 
1438.000000 0.408404 
1439.000000 0.407884 
1440.000000 0.407364 
1441.000000 0.406844 
1442.000000 0.406325 
1443.000000 0.405806 
1444.000000 0.405287 
1445.000000 0.404768 
1446.000000 0.404249 
1447.000000 0.403731 
1448.000000 0.403213 
1449.000000 0.402696 
1450.000000 0.402178 
1451.000000 0.401661 
1452.000000 0.401144 
1453.000000 0.400627 
1454.000000 0.400111 
1455.000000 0.399595 
1456.000000 0.399079 
1457.000000 0.398563 
1458.000000 0.398048 
1459.000000 0.397533 
1460.000000 0.397018 
1461.000000 0.396503 
1462.000000 0.395989 
1463.000000 0.395475 
1464.000000 0.394961 
1465.000000 0.394448 
1466.000000 0.393934 
1467.000000 0.393421 
1468.000000 0.392909 
1469.000000 0.392396 
1470.000000 0.391884 
1471.000000 0.391372 
1472.000000 0.390860 
1473.000000 0.390349 
1474.000000 0.389838 
1475.000000 0.389327 
1476.000000 0.388816 
1477.000000 0.388306 
1478.000000 0.387796 
1479.000000 0.387286 
1480.000000 0.386776 
1481.000000 0.386267 
1482.000000 0.385758 
1483.000000 0.385249 
1484.000000 0.384741 
1485.000000 0.384233 
1486.000000 0.383725 
1487.000000 0.383217 
1488.000000 0.382710 
1489.000000 0.382203 
1490.000000 0.381696 
1491.000000 0.381189 
1492.000000 0.380683 
1493.000000 0.380177 
1494.000000 0.379671 
1495.000000 0.379166 
1496.000000 0.378661 
1497.000000 0.378156 
1498.000000 0.377651 
1499.000000 0.377147 
1500.000000 0.376643 
1501.000000 0.376139 
1502.000000 0.375636 
1503.000000 0.375133 
1504.000000 0.374630 
1505.000000 0.374127 
1506.000000 0.373625 
1507.000000 0.373123 
1508.000000 0.372621 
1509.000000 0.372119 
1510.000000 0.371618 
1511.000000 0.371117 
1512.000000 0.370617 
1513.000000 0.370116 
1514.000000 0.369616 
1515.000000 0.369116 
1516.000000 0.368617 
1517.000000 0.368118 
1518.000000 0.367619 
1519.000000 0.367120 
1520.000000 0.366622 
1521.000000 0.366124 
1522.000000 0.365626 
1523.000000 0.365129 
1524.000000 0.364631 
1525.000000 0.364135 
1526.000000 0.363638 
1527.000000 0.363142 
1528.000000 0.362646 
1529.000000 0.362150 
1530.000000 0.361654 
1531.000000 0.361159 
1532.000000 0.360664 
1533.000000 0.360170 
1534.000000 0.359676 
1535.000000 0.359182 
1536.000000 0.358688 
1537.000000 0.358195 
1538.000000 0.357702 
1539.000000 0.357209 
1540.000000 0.356716 
1541.000000 0.356224 
1542.000000 0.355732 
1543.000000 0.355241 
1544.000000 0.354749 
1545.000000 0.354258 
1546.000000 0.353767 
1547.000000 0.353277 
1548.000000 0.352787 
1549.000000 0.352297 
1550.000000 0.351808 
1551.000000 0.351318 
1552.000000 0.350830 
1553.000000 0.350341 
1554.000000 0.349853 
1555.000000 0.349365 
1556.000000 0.348877 
1557.000000 0.348389 
1558.000000 0.347902 
1559.000000 0.347416 
1560.000000 0.346929 
1561.000000 0.346443 
1562.000000 0.345957 
1563.000000 0.345471 
1564.000000 0.344986 
1565.000000 0.344501 
1566.000000 0.344016 
1567.000000 0.343532 
1568.000000 0.343048 
1569.000000 0.342564 
1570.000000 0.342081 
1571.000000 0.341598 
1572.000000 0.341115 
1573.000000 0.340632 
1574.000000 0.340150 
1575.000000 0.339668 
1576.000000 0.339187 
1577.000000 0.338705 
1578.000000 0.338224 
1579.000000 0.337744 
1580.000000 0.337263 
1581.000000 0.336783 
1582.000000 0.336304 
1583.000000 0.335824 
1584.000000 0.335345 
1585.000000 0.334866 
1586.000000 0.334388 
1587.000000 0.333910 
1588.000000 0.333432 
1589.000000 0.332954 
1590.000000 0.332477 
1591.000000 0.332000 
1592.000000 0.331523 
1593.000000 0.331047 
1594.000000 0.330571 
1595.000000 0.330096 
1596.000000 0.329620 
1597.000000 0.329145 
1598.000000 0.328671 
1599.000000 0.328196 
1600.000000 0.327722 
1601.000000 0.327248 
1602.000000 0.326775 
1603.000000 0.326302 
1604.000000 0.325829 
1605.000000 0.325357 
1606.000000 0.324884 
1607.000000 0.324413 
1608.000000 0.323941 
1609.000000 0.323470 
1610.000000 0.322999 
1611.000000 0.322529 
1612.000000 0.322058 
1613.000000 0.321588 
1614.000000 0.321119 
1615.000000 0.320650 
1616.000000 0.320181 
1617.000000 0.319712 
1618.000000 0.319244 
1619.000000 0.318776 
1620.000000 0.318308 
1621.000000 0.317841 
1622.000000 0.317374 
1623.000000 0.316908 
1624.000000 0.316441 
1625.000000 0.315975 
1626.000000 0.315510 
1627.000000 0.315044 
1628.000000 0.314579 
1629.000000 0.314115 
1630.000000 0.313650 
1631.000000 0.313186 
1632.000000 0.312723 
1633.000000 0.312259 
1634.000000 0.311796 
1635.000000 0.311334 
1636.000000 0.310871 
1637.000000 0.310409 
1638.000000 0.309948 
1639.000000 0.309486 
1640.000000 0.309025 
1641.000000 0.308565 
1642.000000 0.308104 
1643.000000 0.307645 
1644.000000 0.307185 
1645.000000 0.306726 
1646.000000 0.306267 
1647.000000 0.305808 
1648.000000 0.305350 
1649.000000 0.304892 
1650.000000 0.304434 
1651.000000 0.303977 
1652.000000 0.303520 
1653.000000 0.303063 
1654.000000 0.302607 
1655.000000 0.302151 
1656.000000 0.301696 
1657.000000 0.301240 
1658.000000 0.300786 
1659.000000 0.300331 
1660.000000 0.299877 
1661.000000 0.299423 
1662.000000 0.298969 
1663.000000 0.298516 
1664.000000 0.298063 
1665.000000 0.297611 
1666.000000 0.297159 
1667.000000 0.296707 
1668.000000 0.296256 
1669.000000 0.295805 
1670.000000 0.295354 
1671.000000 0.294903 
1672.000000 0.294453 
1673.000000 0.294004 
1674.000000 0.293554 
1675.000000 0.293105 
1676.000000 0.292657 
1677.000000 0.292208 
1678.000000 0.291760 
1679.000000 0.291313 
1680.000000 0.290866 
1681.000000 0.290419 
1682.000000 0.289972 
1683.000000 0.289526 
1684.000000 0.289080 
1685.000000 0.288635 
1686.000000 0.288190 
1687.000000 0.287745 
1688.000000 0.287300 
1689.000000 0.286856 
1690.000000 0.286413 
1691.000000 0.285969 
1692.000000 0.285526 
1693.000000 0.285084 
1694.000000 0.284641 
1695.000000 0.284199 
1696.000000 0.283758 
1697.000000 0.283317 
1698.000000 0.282876 
1699.000000 0.282435 
1700.000000 0.281995 
1701.000000 0.281555 
1702.000000 0.281116 
1703.000000 0.280677 
1704.000000 0.280238 
1705.000000 0.279800 
1706.000000 0.279362 
1707.000000 0.278924 
1708.000000 0.278487 
1709.000000 0.278050 
1710.000000 0.277613 
1711.000000 0.277177 
1712.000000 0.276741 
1713.000000 0.276306 
1714.000000 0.275871 
1715.000000 0.275436 
1716.000000 0.275002 
1717.000000 0.274568 
1718.000000 0.274134 
1719.000000 0.273701 
1720.000000 0.273268 
1721.000000 0.272835 
1722.000000 0.272403 
1723.000000 0.271971 
1724.000000 0.271540 
1725.000000 0.271109 
1726.000000 0.270678 
1727.000000 0.270247 
1728.000000 0.269817 
1729.000000 0.269388 
1730.000000 0.268958 
1731.000000 0.268530 
1732.000000 0.268101 
1733.000000 0.267673 
1734.000000 0.267245 
1735.000000 0.266818 
1736.000000 0.266390 
1737.000000 0.265964 
1738.000000 0.265537 
1739.000000 0.265111 
1740.000000 0.264686 
1741.000000 0.264261 
1742.000000 0.263836 
1743.000000 0.263411 
1744.000000 0.262987 
1745.000000 0.262563 
1746.000000 0.262140 
1747.000000 0.261717 
1748.000000 0.261294 
1749.000000 0.260872 
1750.000000 0.260450 
1751.000000 0.260028 
1752.000000 0.259607 
1753.000000 0.259186 
1754.000000 0.258766 
1755.000000 0.258346 
1756.000000 0.257926 
1757.000000 0.257507 
1758.000000 0.257088 
1759.000000 0.256669 
1760.000000 0.256251 
1761.000000 0.255833 
1762.000000 0.255416 
1763.000000 0.254998 
1764.000000 0.254582 
1765.000000 0.254165 
1766.000000 0.253749 
1767.000000 0.253334 
1768.000000 0.252918 
1769.000000 0.252503 
1770.000000 0.252089 
1771.000000 0.251675 
1772.000000 0.251261 
1773.000000 0.250848 
1774.000000 0.250435 
1775.000000 0.250022 
1776.000000 0.249610 
1777.000000 0.249198 
1778.000000 0.248786 
1779.000000 0.248375 
1780.000000 0.247964 
1781.000000 0.247554 
1782.000000 0.247144 
1783.000000 0.246734 
1784.000000 0.246325 
1785.000000 0.245916 
1786.000000 0.245507 
1787.000000 0.245099 
1788.000000 0.244691 
1789.000000 0.244284 
1790.000000 0.243877 
1791.000000 0.243470 
1792.000000 0.243064 
1793.000000 0.242658 
1794.000000 0.242252 
1795.000000 0.241847 
1796.000000 0.241442 
1797.000000 0.241038 
1798.000000 0.240634 
1799.000000 0.240230 
1800.000000 0.239827 
1801.000000 0.239424 
1802.000000 0.239021 
1803.000000 0.238619 
1804.000000 0.238217 
1805.000000 0.237816 
1806.000000 0.237415 
1807.000000 0.237014 
1808.000000 0.236614 
1809.000000 0.236214 
1810.000000 0.235814 
1811.000000 0.235415 
1812.000000 0.235016 
1813.000000 0.234618 
1814.000000 0.234220 
1815.000000 0.233822 
1816.000000 0.233425 
1817.000000 0.233028 
1818.000000 0.232631 
1819.000000 0.232235 
1820.000000 0.231839 
1821.000000 0.231444 
1822.000000 0.231049 
1823.000000 0.230654 
1824.000000 0.230260 
1825.000000 0.229866 
1826.000000 0.229472 
1827.000000 0.229079 
1828.000000 0.228686 
1829.000000 0.228294 
1830.000000 0.227902 
1831.000000 0.227510 
1832.000000 0.227119 
1833.000000 0.226728 
1834.000000 0.226337 
1835.000000 0.225947 
1836.000000 0.225558 
1837.000000 0.225168 
1838.000000 0.224779 
1839.000000 0.224391 
1840.000000 0.224002 
1841.000000 0.223614 
1842.000000 0.223227 
1843.000000 0.222840 
1844.000000 0.222453 
1845.000000 0.222067 
1846.000000 0.221681 
1847.000000 0.221295 
1848.000000 0.220910 
1849.000000 0.220525 
1850.000000 0.220141 
1851.000000 0.219757 
1852.000000 0.219373 
1853.000000 0.218990 
1854.000000 0.218607 
1855.000000 0.218224 
1856.000000 0.217842 
1857.000000 0.217460 
1858.000000 0.217079 
1859.000000 0.216698 
1860.000000 0.216317 
1861.000000 0.215937 
1862.000000 0.215557 
1863.000000 0.215177 
1864.000000 0.214798 
1865.000000 0.214420 
1866.000000 0.214041 
1867.000000 0.213663 
1868.000000 0.213286 
1869.000000 0.212908 
1870.000000 0.212532 
1871.000000 0.212155 
1872.000000 0.211779 
1873.000000 0.211403 
1874.000000 0.211028 
1875.000000 0.210653 
1876.000000 0.210279 
1877.000000 0.209905 
1878.000000 0.209531 
1879.000000 0.209157 
1880.000000 0.208785 
1881.000000 0.208412 
1882.000000 0.208040 
1883.000000 0.207668 
1884.000000 0.207296 
1885.000000 0.206925 
1886.000000 0.206555 
1887.000000 0.206184 
1888.000000 0.205814 
1889.000000 0.205445 
1890.000000 0.205076 
1891.000000 0.204707 
1892.000000 0.204339 
1893.000000 0.203971 
1894.000000 0.203603 
1895.000000 0.203236 
1896.000000 0.202869 
1897.000000 0.202503 
1898.000000 0.202137 
1899.000000 0.201771 
1900.000000 0.201406 
1901.000000 0.201041 
1902.000000 0.200676 
1903.000000 0.200312 
1904.000000 0.199948 
1905.000000 0.199585 
1906.000000 0.199222 
1907.000000 0.198860 
1908.000000 0.198497 
1909.000000 0.198136 
1910.000000 0.197774 
1911.000000 0.197413 
1912.000000 0.197052 
1913.000000 0.196692 
1914.000000 0.196332 
1915.000000 0.195973 
1916.000000 0.195614 
1917.000000 0.195255 
1918.000000 0.194897 
1919.000000 0.194539 
1920.000000 0.194181 
1921.000000 0.193824 
1922.000000 0.193467 
1923.000000 0.193111 
1924.000000 0.192755 
1925.000000 0.192400 
1926.000000 0.192044 
1927.000000 0.191690 
1928.000000 0.191335 
1929.000000 0.190981 
1930.000000 0.190627 
1931.000000 0.190274 
1932.000000 0.189921 
1933.000000 0.189569 
1934.000000 0.189217 
1935.000000 0.188865 
1936.000000 0.188514 
1937.000000 0.188163 
1938.000000 0.187812 
1939.000000 0.187462 
1940.000000 0.187112 
1941.000000 0.186763 
1942.000000 0.186414 
1943.000000 0.186065 
1944.000000 0.185717 
1945.000000 0.185369 
1946.000000 0.185022 
1947.000000 0.184675 
1948.000000 0.184328 
1949.000000 0.183982 
1950.000000 0.183636 
1951.000000 0.183291 
1952.000000 0.182946 
1953.000000 0.182601 
1954.000000 0.182257 
1955.000000 0.181913 
1956.000000 0.181569 
1957.000000 0.181226 
1958.000000 0.180883 
1959.000000 0.180541 
1960.000000 0.180199 
1961.000000 0.179858 
1962.000000 0.179516 
1963.000000 0.179176 
1964.000000 0.178835 
1965.000000 0.178495 
1966.000000 0.178155 
1967.000000 0.177816 
1968.000000 0.177477 
1969.000000 0.177139 
1970.000000 0.176801 
1971.000000 0.176463 
1972.000000 0.176126 
1973.000000 0.175789 
1974.000000 0.175452 
1975.000000 0.175116 
1976.000000 0.174781 
1977.000000 0.174445 
1978.000000 0.174110 
1979.000000 0.173776 
1980.000000 0.173441 
1981.000000 0.173108 
1982.000000 0.172774 
1983.000000 0.172441 
1984.000000 0.172109 
1985.000000 0.171776 
1986.000000 0.171444 
1987.000000 0.171113 
1988.000000 0.170782 
1989.000000 0.170451 
1990.000000 0.170121 
1991.000000 0.169791 
1992.000000 0.169461 
1993.000000 0.169132 
1994.000000 0.168804 
1995.000000 0.168475 
1996.000000 0.168147 
1997.000000 0.167820 
1998.000000 0.167492 
1999.000000 0.167166 
2000.000000 0.166839 
2001.000000 0.166513 
2002.000000 0.166187 
2003.000000 0.165862 
2004.000000 0.165537 
2005.000000 0.165213 
2006.000000 0.164889 
2007.000000 0.164565 
2008.000000 0.164242 
2009.000000 0.163919 
2010.000000 0.163596 
2011.000000 0.163274 
2012.000000 0.162952 
2013.000000 0.162631 
2014.000000 0.162310 
2015.000000 0.161989 
2016.000000 0.161669 
2017.000000 0.161349 
2018.000000 0.161029 
2019.000000 0.160710 
2020.000000 0.160391 
2021.000000 0.160073 
2022.000000 0.159755 
2023.000000 0.159438 
2024.000000 0.159120 
2025.000000 0.158804 
2026.000000 0.158487 
2027.000000 0.158171 
2028.000000 0.157856 
2029.000000 0.157540 
2030.000000 0.157225 
2031.000000 0.156911 
2032.000000 0.156597 
2033.000000 0.156283 
2034.000000 0.155970 
2035.000000 0.155657 
2036.000000 0.155344 
2037.000000 0.155032 
2038.000000 0.154720 
2039.000000 0.154409 
2040.000000 0.154098 
2041.000000 0.153787 
2042.000000 0.153477 
2043.000000 0.153167 
2044.000000 0.152858 
2045.000000 0.152548 
2046.000000 0.152240 
2047.000000 0.151931 
2048.000000 0.151623 
2049.000000 0.151316 
2050.000000 0.151009 
2051.000000 0.150702 
2052.000000 0.150395 
2053.000000 0.150089 
2054.000000 0.149784 
2055.000000 0.149478 
2056.000000 0.149173 
2057.000000 0.148869 
2058.000000 0.148565 
2059.000000 0.148261 
2060.000000 0.147958 
2061.000000 0.147655 
2062.000000 0.147352 
2063.000000 0.147050 
2064.000000 0.146748 
2065.000000 0.146446 
2066.000000 0.146145 
2067.000000 0.145845 
2068.000000 0.145544 
2069.000000 0.145244 
2070.000000 0.144945 
2071.000000 0.144645 
2072.000000 0.144347 
2073.000000 0.144048 
2074.000000 0.143750 
2075.000000 0.143453 
2076.000000 0.143155 
2077.000000 0.142858 
2078.000000 0.142562 
2079.000000 0.142266 
2080.000000 0.141970 
2081.000000 0.141675 
2082.000000 0.141380 
2083.000000 0.141085 
2084.000000 0.140791 
2085.000000 0.140497 
2086.000000 0.140203 
2087.000000 0.139910 
2088.000000 0.139618 
2089.000000 0.139325 
2090.000000 0.139033 
2091.000000 0.138742 
2092.000000 0.138450 
2093.000000 0.138160 
2094.000000 0.137869 
2095.000000 0.137579 
2096.000000 0.137289 
2097.000000 0.137000 
2098.000000 0.136711 
2099.000000 0.136423 
2100.000000 0.136135 
2101.000000 0.135847 
2102.000000 0.135559 
2103.000000 0.135272 
2104.000000 0.134986 
2105.000000 0.134699 
2106.000000 0.134413 
2107.000000 0.134128 
2108.000000 0.133843 
2109.000000 0.133558 
2110.000000 0.133274 
2111.000000 0.132990 
2112.000000 0.132706 
2113.000000 0.132423 
2114.000000 0.132140 
2115.000000 0.131858 
2116.000000 0.131575 
2117.000000 0.131294 
2118.000000 0.131012 
2119.000000 0.130731 
2120.000000 0.130451 
2121.000000 0.130171 
2122.000000 0.129891 
2123.000000 0.129611 
2124.000000 0.129332 
2125.000000 0.129054 
2126.000000 0.128775 
2127.000000 0.128497 
2128.000000 0.128220 
2129.000000 0.127943 
2130.000000 0.127666 
2131.000000 0.127389 
2132.000000 0.127113 
2133.000000 0.126838 
2134.000000 0.126562 
2135.000000 0.126287 
2136.000000 0.126013 
2137.000000 0.125739 
2138.000000 0.125465 
2139.000000 0.125191 
2140.000000 0.124918 
2141.000000 0.124646 
2142.000000 0.124373 
2143.000000 0.124101 
2144.000000 0.123830 
2145.000000 0.123559 
2146.000000 0.123288 
2147.000000 0.123018 
2148.000000 0.122748 
2149.000000 0.122478 
2150.000000 0.122209 
2151.000000 0.121940 
2152.000000 0.121671 
2153.000000 0.121403 
2154.000000 0.121135 
2155.000000 0.120868 
2156.000000 0.120601 
2157.000000 0.120334 
2158.000000 0.120068 
2159.000000 0.119802 
2160.000000 0.119536 
2161.000000 0.119271 
2162.000000 0.119006 
2163.000000 0.118742 
2164.000000 0.118478 
2165.000000 0.118214 
2166.000000 0.117951 
2167.000000 0.117688 
2168.000000 0.117426 
2169.000000 0.117163 
2170.000000 0.116902 
2171.000000 0.116640 
2172.000000 0.116379 
2173.000000 0.116118 
2174.000000 0.115858 
2175.000000 0.115598 
2176.000000 0.115338 
2177.000000 0.115079 
2178.000000 0.114820 
2179.000000 0.114562 
2180.000000 0.114304 
2181.000000 0.114046 
2182.000000 0.113789 
2183.000000 0.113532 
2184.000000 0.113275 
2185.000000 0.113019 
2186.000000 0.112763 
2187.000000 0.112508 
2188.000000 0.112252 
2189.000000 0.111998 
2190.000000 0.111743 
2191.000000 0.111489 
2192.000000 0.111236 
2193.000000 0.110982 
2194.000000 0.110729 
2195.000000 0.110477 
2196.000000 0.110225 
2197.000000 0.109973 
2198.000000 0.109721 
2199.000000 0.109470 
2200.000000 0.109220 
2201.000000 0.108969 
2202.000000 0.108719 
2203.000000 0.108470 
2204.000000 0.108220 
2205.000000 0.107971 
2206.000000 0.107723 
2207.000000 0.107475 
2208.000000 0.107227 
2209.000000 0.106980 
2210.000000 0.106732 
2211.000000 0.106486 
2212.000000 0.106239 
2213.000000 0.105993 
2214.000000 0.105748 
2215.000000 0.105503 
2216.000000 0.105258 
2217.000000 0.105013 
2218.000000 0.104769 
2219.000000 0.104525 
2220.000000 0.104282 
2221.000000 0.104039 
2222.000000 0.103796 
2223.000000 0.103554 
2224.000000 0.103312 
2225.000000 0.103070 
2226.000000 0.102829 
2227.000000 0.102588 
2228.000000 0.102347 
2229.000000 0.102107 
2230.000000 0.101867 
2231.000000 0.101628 
2232.000000 0.101389 
2233.000000 0.101150 
2234.000000 0.100912 
2235.000000 0.100674 
2236.000000 0.100436 
2237.000000 0.100199 
2238.000000 0.099962 
2239.000000 0.099725 
2240.000000 0.099489 
2241.000000 0.099253 
2242.000000 0.099018 
2243.000000 0.098782 
2244.000000 0.098548 
2245.000000 0.098313 
2246.000000 0.098079 
2247.000000 0.097845 
2248.000000 0.097612 
2249.000000 0.097379 
2250.000000 0.097146 
2251.000000 0.096914 
2252.000000 0.096682 
2253.000000 0.096451 
2254.000000 0.096219 
2255.000000 0.095988 
2256.000000 0.095758 
2257.000000 0.095528 
2258.000000 0.095298 
2259.000000 0.095068 
2260.000000 0.094839 
2261.000000 0.094611 
2262.000000 0.094382 
2263.000000 0.094154 
2264.000000 0.093926 
2265.000000 0.093699 
2266.000000 0.093472 
2267.000000 0.093246 
2268.000000 0.093019 
2269.000000 0.092793 
2270.000000 0.092568 
2271.000000 0.092343 
2272.000000 0.092118 
2273.000000 0.091893 
2274.000000 0.091669 
2275.000000 0.091445 
2276.000000 0.091222 
2277.000000 0.090999 
2278.000000 0.090776 
2279.000000 0.090553 
2280.000000 0.090331 
2281.000000 0.090110 
2282.000000 0.089888 
2283.000000 0.089667 
2284.000000 0.089447 
2285.000000 0.089226 
2286.000000 0.089006 
2287.000000 0.088787 
2288.000000 0.088567 
2289.000000 0.088349 
2290.000000 0.088130 
2291.000000 0.087912 
2292.000000 0.087694 
2293.000000 0.087476 
2294.000000 0.087259 
2295.000000 0.087042 
2296.000000 0.086826 
2297.000000 0.086610 
2298.000000 0.086394 
2299.000000 0.086179 
2300.000000 0.085964 
2301.000000 0.085749 
2302.000000 0.085534 
2303.000000 0.085320 
2304.000000 0.085107 
2305.000000 0.084893 
2306.000000 0.084680 
2307.000000 0.084468 
2308.000000 0.084255 
2309.000000 0.084043 
2310.000000 0.083832 
2311.000000 0.083621 
2312.000000 0.083410 
2313.000000 0.083199 
2314.000000 0.082989 
2315.000000 0.082779 
2316.000000 0.082569 
2317.000000 0.082360 
2318.000000 0.082151 
2319.000000 0.081943 
2320.000000 0.081735 
2321.000000 0.081527 
2322.000000 0.081319 
2323.000000 0.081112 
2324.000000 0.080905 
2325.000000 0.080699 
2326.000000 0.080493 
2327.000000 0.080287 
2328.000000 0.080082 
2329.000000 0.079877 
2330.000000 0.079672 
2331.000000 0.079467 
2332.000000 0.079263 
2333.000000 0.079060 
2334.000000 0.078856 
2335.000000 0.078653 
2336.000000 0.078451 
2337.000000 0.078248 
2338.000000 0.078046 
2339.000000 0.077845 
2340.000000 0.077643 
2341.000000 0.077442 
2342.000000 0.077242 
2343.000000 0.077041 
2344.000000 0.076842 
2345.000000 0.076642 
2346.000000 0.076443 
2347.000000 0.076244 
2348.000000 0.076045 
2349.000000 0.075847 
2350.000000 0.075649 
2351.000000 0.075451 
2352.000000 0.075254 
2353.000000 0.075057 
2354.000000 0.074861 
2355.000000 0.074664 
2356.000000 0.074469 
2357.000000 0.074273 
2358.000000 0.074078 
2359.000000 0.073883 
2360.000000 0.073688 
2361.000000 0.073494 
2362.000000 0.073300 
2363.000000 0.073107 
2364.000000 0.072914 
2365.000000 0.072721 
2366.000000 0.072528 
2367.000000 0.072336 
2368.000000 0.072144 
2369.000000 0.071953 
2370.000000 0.071761 
2371.000000 0.071571 
2372.000000 0.071380 
2373.000000 0.071190 
2374.000000 0.071000 
2375.000000 0.070810 
2376.000000 0.070621 
2377.000000 0.070432 
2378.000000 0.070244 
2379.000000 0.070056 
2380.000000 0.069868 
2381.000000 0.069680 
2382.000000 0.069493 
2383.000000 0.069306 
2384.000000 0.069120 
2385.000000 0.068934 
2386.000000 0.068748 
2387.000000 0.068562 
2388.000000 0.068377 
2389.000000 0.068192 
2390.000000 0.068007 
2391.000000 0.067823 
2392.000000 0.067639 
2393.000000 0.067456 
2394.000000 0.067272 
2395.000000 0.067090 
2396.000000 0.066907 
2397.000000 0.066725 
2398.000000 0.066543 
2399.000000 0.066361 
2400.000000 0.066180 
2401.000000 0.065999 
2402.000000 0.065818 
2403.000000 0.065638 
2404.000000 0.065458 
2405.000000 0.065278 
2406.000000 0.065099 
2407.000000 0.064920 
2408.000000 0.064741 
2409.000000 0.064563 
2410.000000 0.064385 
2411.000000 0.064207 
2412.000000 0.064029 
2413.000000 0.063852 
2414.000000 0.063675 
2415.000000 0.063499 
2416.000000 0.063323 
2417.000000 0.063147 
2418.000000 0.062972 
2419.000000 0.062796 
2420.000000 0.062621 
2421.000000 0.062447 
2422.000000 0.062273 
2423.000000 0.062099 
2424.000000 0.061925 
2425.000000 0.061752 
2426.000000 0.061579 
2427.000000 0.061406 
2428.000000 0.061234 
2429.000000 0.061062 
2430.000000 0.060890 
2431.000000 0.060719 
2432.000000 0.060548 
2433.000000 0.060377 
2434.000000 0.060206 
2435.000000 0.060036 
2436.000000 0.059866 
2437.000000 0.059697 
2438.000000 0.059527 
2439.000000 0.059359 
2440.000000 0.059190 
2441.000000 0.059022 
2442.000000 0.058854 
2443.000000 0.058686 
2444.000000 0.058519 
2445.000000 0.058352 
2446.000000 0.058185 
2447.000000 0.058018 
2448.000000 0.057852 
2449.000000 0.057686 
2450.000000 0.057521 
2451.000000 0.057356 
2452.000000 0.057191 
2453.000000 0.057026 
2454.000000 0.056862 
2455.000000 0.056698 
2456.000000 0.056534 
2457.000000 0.056371 
2458.000000 0.056208 
2459.000000 0.056045 
2460.000000 0.055882 
2461.000000 0.055720 
2462.000000 0.055558 
2463.000000 0.055397 
2464.000000 0.055235 
2465.000000 0.055074 
2466.000000 0.054914 
2467.000000 0.054753 
2468.000000 0.054593 
2469.000000 0.054433 
2470.000000 0.054274 
2471.000000 0.054115 
2472.000000 0.053956 
2473.000000 0.053797 
2474.000000 0.053639 
2475.000000 0.053481 
2476.000000 0.053323 
2477.000000 0.053166 
2478.000000 0.053009 
2479.000000 0.052852 
2480.000000 0.052695 
2481.000000 0.052539 
2482.000000 0.052383 
2483.000000 0.052228 
2484.000000 0.052072 
2485.000000 0.051917 
2486.000000 0.051762 
2487.000000 0.051608 
2488.000000 0.051454 
2489.000000 0.051300 
2490.000000 0.051146 
2491.000000 0.050993 
2492.000000 0.050840 
2493.000000 0.050687 
2494.000000 0.050535 
2495.000000 0.050383 
2496.000000 0.050231 
2497.000000 0.050080 
2498.000000 0.049928 
2499.000000 0.049777 
2500.000000 0.049627 
2501.000000 0.049476 
2502.000000 0.049326 
2503.000000 0.049177 
2504.000000 0.049027 
2505.000000 0.048878 
2506.000000 0.048729 
2507.000000 0.048580 
2508.000000 0.048432 
2509.000000 0.048284 
2510.000000 0.048136 
2511.000000 0.047989 
2512.000000 0.047841 
2513.000000 0.047695 
2514.000000 0.047548 
2515.000000 0.047402 
2516.000000 0.047256 
2517.000000 0.047110 
2518.000000 0.046964 
2519.000000 0.046819 
2520.000000 0.046674 
2521.000000 0.046530 
2522.000000 0.046385 
2523.000000 0.046241 
2524.000000 0.046098 
2525.000000 0.045954 
2526.000000 0.045811 
2527.000000 0.045668 
2528.000000 0.045526 
2529.000000 0.045383 
2530.000000 0.045241 
2531.000000 0.045100 
2532.000000 0.044958 
2533.000000 0.044817 
2534.000000 0.044676 
2535.000000 0.044535 
2536.000000 0.044395 
2537.000000 0.044255 
2538.000000 0.044115 
2539.000000 0.043976 
2540.000000 0.043837 
2541.000000 0.043698 
2542.000000 0.043559 
2543.000000 0.043421 
2544.000000 0.043283 
2545.000000 0.043145 
2546.000000 0.043008 
2547.000000 0.042870 
2548.000000 0.042734 
2549.000000 0.042597 
2550.000000 0.042461 
2551.000000 0.042325 
2552.000000 0.042189 
2553.000000 0.042053 
2554.000000 0.041918 
2555.000000 0.041783 
2556.000000 0.041649 
2557.000000 0.041514 
2558.000000 0.041380 
2559.000000 0.041246 
2560.000000 0.041113 
2561.000000 0.040980 
2562.000000 0.040847 
2563.000000 0.040714 
2564.000000 0.040582 
2565.000000 0.040450 
2566.000000 0.040318 
2567.000000 0.040186 
2568.000000 0.040055 
2569.000000 0.039924 
2570.000000 0.039793 
2571.000000 0.039663 
2572.000000 0.039533 
2573.000000 0.039403 
2574.000000 0.039273 
2575.000000 0.039144 
2576.000000 0.039015 
2577.000000 0.038886 
2578.000000 0.038758 
2579.000000 0.038630 
2580.000000 0.038502 
2581.000000 0.038374 
2582.000000 0.038247 
2583.000000 0.038120 
2584.000000 0.037993 
2585.000000 0.037867 
2586.000000 0.037740 
2587.000000 0.037614 
2588.000000 0.037489 
2589.000000 0.037363 
2590.000000 0.037238 
2591.000000 0.037114 
2592.000000 0.036989 
2593.000000 0.036865 
2594.000000 0.036741 
2595.000000 0.036617 
2596.000000 0.036494 
2597.000000 0.036370 
2598.000000 0.036248 
2599.000000 0.036125 
2600.000000 0.036003 
2601.000000 0.035881 
2602.000000 0.035759 
2603.000000 0.035637 
2604.000000 0.035516 
2605.000000 0.035395 
2606.000000 0.035275 
2607.000000 0.035154 
2608.000000 0.035034 
2609.000000 0.034914 
2610.000000 0.034795 
2611.000000 0.034675 
2612.000000 0.034556 
2613.000000 0.034438 
2614.000000 0.034319 
2615.000000 0.034201 
2616.000000 0.034083 
2617.000000 0.033965 
2618.000000 0.033848 
2619.000000 0.033731 
2620.000000 0.033614 
2621.000000 0.033497 
2622.000000 0.033381 
2623.000000 0.033265 
2624.000000 0.033149 
2625.000000 0.033034 
2626.000000 0.032919 
2627.000000 0.032804 
2628.000000 0.032689 
2629.000000 0.032574 
2630.000000 0.032460 
2631.000000 0.032346 
2632.000000 0.032233 
2633.000000 0.032119 
2634.000000 0.032006 
2635.000000 0.031893 
2636.000000 0.031781 
2637.000000 0.031669 
2638.000000 0.031557 
2639.000000 0.031445 
2640.000000 0.031333 
2641.000000 0.031222 
2642.000000 0.031111 
2643.000000 0.031000 
2644.000000 0.030890 
2645.000000 0.030780 
2646.000000 0.030670 
2647.000000 0.030560 
2648.000000 0.030451 
2649.000000 0.030341 
2650.000000 0.030232 
2651.000000 0.030124 
2652.000000 0.030015 
2653.000000 0.029907 
2654.000000 0.029799 
2655.000000 0.029692 
2656.000000 0.029584 
2657.000000 0.029477 
2658.000000 0.029370 
2659.000000 0.029264 
2660.000000 0.029157 
2661.000000 0.029051 
2662.000000 0.028946 
2663.000000 0.028840 
2664.000000 0.028735 
2665.000000 0.028630 
2666.000000 0.028525 
2667.000000 0.028420 
2668.000000 0.028316 
2669.000000 0.028212 
2670.000000 0.028108 
2671.000000 0.028004 
2672.000000 0.027901 
2673.000000 0.027798 
2674.000000 0.027695 
2675.000000 0.027592 
2676.000000 0.027490 
2677.000000 0.027388 
2678.000000 0.027286 
2679.000000 0.027184 
2680.000000 0.027083 
2681.000000 0.026982 
2682.000000 0.026881 
2683.000000 0.026780 
2684.000000 0.026680 
2685.000000 0.026580 
2686.000000 0.026480 
2687.000000 0.026380 
2688.000000 0.026280 
2689.000000 0.026181 
2690.000000 0.026082 
2691.000000 0.025983 
2692.000000 0.025885 
2693.000000 0.025787 
2694.000000 0.025689 
2695.000000 0.025591 
2696.000000 0.025493 
2697.000000 0.025396 
2698.000000 0.025299 
2699.000000 0.025202 
2700.000000 0.025105 
2701.000000 0.025009 
2702.000000 0.024913 
2703.000000 0.024817 
2704.000000 0.024721 
2705.000000 0.024626 
2706.000000 0.024530 
2707.000000 0.024435 
2708.000000 0.024340 
2709.000000 0.024246 
2710.000000 0.024152 
2711.000000 0.024057 
2712.000000 0.023964 
2713.000000 0.023870 
2714.000000 0.023777 
2715.000000 0.023683 
2716.000000 0.023590 
2717.000000 0.023498 
2718.000000 0.023405 
2719.000000 0.023313 
2720.000000 0.023221 
2721.000000 0.023129 
2722.000000 0.023037 
2723.000000 0.022946 
2724.000000 0.022855 
2725.000000 0.022764 
2726.000000 0.022673 
2727.000000 0.022582 
2728.000000 0.022492 
2729.000000 0.022402 
2730.000000 0.022312 
2731.000000 0.022223 
2732.000000 0.022133 
2733.000000 0.022044 
2734.000000 0.021955 
2735.000000 0.021866 
2736.000000 0.021778 
2737.000000 0.021689 
2738.000000 0.021601 
2739.000000 0.021513 
2740.000000 0.021426 
2741.000000 0.021338 
2742.000000 0.021251 
2743.000000 0.021164 
2744.000000 0.021077 
2745.000000 0.020991 
2746.000000 0.020904 
2747.000000 0.020818 
2748.000000 0.020732 
2749.000000 0.020647 
2750.000000 0.020561 
2751.000000 0.020476 
2752.000000 0.020391 
2753.000000 0.020306 
2754.000000 0.020221 
2755.000000 0.020137 
2756.000000 0.020053 
2757.000000 0.019969 
2758.000000 0.019885 
2759.000000 0.019801 
2760.000000 0.019718 
2761.000000 0.019635 
2762.000000 0.019552 
2763.000000 0.019469 
2764.000000 0.019387 
2765.000000 0.019304 
2766.000000 0.019222 
2767.000000 0.019141 
2768.000000 0.019059 
2769.000000 0.018977 
2770.000000 0.018896 
2771.000000 0.018815 
2772.000000 0.018734 
2773.000000 0.018654 
2774.000000 0.018574 
2775.000000 0.018493 
2776.000000 0.018413 
2777.000000 0.018334 
2778.000000 0.018254 
2779.000000 0.018175 
2780.000000 0.018096 
2781.000000 0.018017 
2782.000000 0.017938 
2783.000000 0.017860 
2784.000000 0.017782 
2785.000000 0.017704 
2786.000000 0.017626 
2787.000000 0.017548 
2788.000000 0.017471 
2789.000000 0.017394 
2790.000000 0.017317 
2791.000000 0.017240 
2792.000000 0.017164 
2793.000000 0.017087 
2794.000000 0.017011 
2795.000000 0.016936 
2796.000000 0.016860 
2797.000000 0.016784 
2798.000000 0.016709 
2799.000000 0.016634 
2800.000000 0.016559 
2801.000000 0.016485 
2802.000000 0.016411 
2803.000000 0.016336 
2804.000000 0.016262 
2805.000000 0.016189 
2806.000000 0.016115 
2807.000000 0.016042 
2808.000000 0.015969 
2809.000000 0.015896 
2810.000000 0.015823 
2811.000000 0.015751 
2812.000000 0.015679 
2813.000000 0.015607 
2814.000000 0.015535 
2815.000000 0.015464 
2816.000000 0.015392 
2817.000000 0.015321 
2818.000000 0.015250 
2819.000000 0.015179 
2820.000000 0.015109 
2821.000000 0.015039 
2822.000000 0.014969 
2823.000000 0.014899 
2824.000000 0.014829 
2825.000000 0.014760 
2826.000000 0.014691 
2827.000000 0.014622 
2828.000000 0.014553 
2829.000000 0.014485 
2830.000000 0.014416 
2831.000000 0.014348 
2832.000000 0.014280 
2833.000000 0.014213 
2834.000000 0.014145 
2835.000000 0.014078 
2836.000000 0.014011 
2837.000000 0.013944 
2838.000000 0.013878 
2839.000000 0.013812 
2840.000000 0.013745 
2841.000000 0.013680 
2842.000000 0.013614 
2843.000000 0.013548 
2844.000000 0.013483 
2845.000000 0.013418 
2846.000000 0.013353 
2847.000000 0.013289 
2848.000000 0.013224 
2849.000000 0.013160 
2850.000000 0.013096 
2851.000000 0.013033 
2852.000000 0.012969 
2853.000000 0.012906 
2854.000000 0.012843 
2855.000000 0.012780 
2856.000000 0.012718 
2857.000000 0.012655 
2858.000000 0.012593 
2859.000000 0.012531 
2860.000000 0.012469 
2861.000000 0.012408 
2862.000000 0.012347 
2863.000000 0.012286 
2864.000000 0.012225 
2865.000000 0.012164 
2866.000000 0.012104 
2867.000000 0.012044 
2868.000000 0.011984 
2869.000000 0.011924 
2870.000000 0.011864 
2871.000000 0.011805 
2872.000000 0.011746 
2873.000000 0.011687 
2874.000000 0.011629 
2875.000000 0.011570 
2876.000000 0.011512 
2877.000000 0.011454 
2878.000000 0.011396 
2879.000000 0.011339 
2880.000000 0.011281 
2881.000000 0.011224 
2882.000000 0.011167 
2883.000000 0.011111 
2884.000000 0.011054 
2885.000000 0.010998 
2886.000000 0.010942 
2887.000000 0.010886 
2888.000000 0.010830 
2889.000000 0.010775 
2890.000000 0.010720 
2891.000000 0.010665 
2892.000000 0.010610 
2893.000000 0.010556 
2894.000000 0.010501 
2895.000000 0.010447 
2896.000000 0.010394 
2897.000000 0.010340 
2898.000000 0.010287 
2899.000000 0.010233 
2900.000000 0.010180 
2901.000000 0.010128 
2902.000000 0.010075 
2903.000000 0.010023 
2904.000000 0.009971 
2905.000000 0.009919 
2906.000000 0.009867 
2907.000000 0.009815 
2908.000000 0.009764 
2909.000000 0.009713 
2910.000000 0.009662 
2911.000000 0.009612 
2912.000000 0.009561 
2913.000000 0.009511 
2914.000000 0.009461 
2915.000000 0.009411 
2916.000000 0.009362 
2917.000000 0.009312 
2918.000000 0.009263 
2919.000000 0.009214 
2920.000000 0.009165 
2921.000000 0.009117 
2922.000000 0.009069 
2923.000000 0.009021 
2924.000000 0.008973 
2925.000000 0.008925 
2926.000000 0.008878 
2927.000000 0.008830 
2928.000000 0.008783 
2929.000000 0.008736 
2930.000000 0.008690 
2931.000000 0.008643 
2932.000000 0.008597 
2933.000000 0.008551 
2934.000000 0.008505 
2935.000000 0.008460 
2936.000000 0.008415 
2937.000000 0.008369 
2938.000000 0.008324 
2939.000000 0.008280 
2940.000000 0.008235 
2941.000000 0.008191 
2942.000000 0.008147 
2943.000000 0.008103 
2944.000000 0.008059 
2945.000000 0.008016 
2946.000000 0.007972 
2947.000000 0.007929 
2948.000000 0.007886 
2949.000000 0.007844 
2950.000000 0.007801 
2951.000000 0.007759 
2952.000000 0.007717 
2953.000000 0.007675 
2954.000000 0.007634 
2955.000000 0.007592 
2956.000000 0.007551 
2957.000000 0.007510 
2958.000000 0.007469 
2959.000000 0.007429 
2960.000000 0.007388 
2961.000000 0.007348 
2962.000000 0.007308 
2963.000000 0.007268 
2964.000000 0.007229 
2965.000000 0.007189 
2966.000000 0.007150 
2967.000000 0.007111 
2968.000000 0.007073 
2969.000000 0.007034 
2970.000000 0.006996 
2971.000000 0.006958 
2972.000000 0.006920 
2973.000000 0.006882 
2974.000000 0.006845 
2975.000000 0.006807 
2976.000000 0.006770 
2977.000000 0.006733 
2978.000000 0.006697 
2979.000000 0.006660 
2980.000000 0.006624 
2981.000000 0.006588 
2982.000000 0.006552 
2983.000000 0.006517 
2984.000000 0.006481 
2985.000000 0.006446 
2986.000000 0.006411 
2987.000000 0.006377 
2988.000000 0.006342 
2989.000000 0.006308 
2990.000000 0.006274 
2991.000000 0.006240 
2992.000000 0.006206 
2993.000000 0.006173 
2994.000000 0.006139 
2995.000000 0.006106 
2996.000000 0.006073 
2997.000000 0.006041 
2998.000000 0.006008 
2999.000000 0.005976 
3000.000000 0.005944 
3001.000000 0.005913 
3002.000000 0.005881 
3003.000000 0.005850 
3004.000000 0.005819 
3005.000000 0.005788 
3006.000000 0.005757 
3007.000000 0.005727 
3008.000000 0.005696 
3009.000000 0.005666 
3010.000000 0.005637 
3011.000000 0.005607 
3012.000000 0.005578 
3013.000000 0.005549 
3014.000000 0.005520 
3015.000000 0.005491 
3016.000000 0.005463 
3017.000000 0.005435 
3018.000000 0.005407 
3019.000000 0.005379 
3020.000000 0.005351 
3021.000000 0.005324 
3022.000000 0.005297 
3023.000000 0.005270 
3024.000000 0.005243 
3025.000000 0.005217 
3026.000000 0.005191 
3027.000000 0.005165 
3028.000000 0.005139 
3029.000000 0.005114 
3030.000000 0.005088 
3031.000000 0.005063 
3032.000000 0.005039 
3033.000000 0.005014 
3034.000000 0.004990 
3035.000000 0.004966 
3036.000000 0.004942 
3037.000000 0.004918 
3038.000000 0.004895 
3039.000000 0.004872 
3040.000000 0.004849 
3041.000000 0.004826 
3042.000000 0.004804 
3043.000000 0.004782 
3044.000000 0.004760 
3045.000000 0.004738 
3046.000000 0.004716 
3047.000000 0.004695 
3048.000000 0.004674 
3049.000000 0.004654 
3050.000000 0.004633 
3051.000000 0.004613 
3052.000000 0.004593 
3053.000000 0.004573 
3054.000000 0.004553 
3055.000000 0.004534 
3056.000000 0.004515 
3057.000000 0.004496 
3058.000000 0.004478 
3059.000000 0.004459 
3060.000000 0.004441 
3061.000000 0.004423 
3062.000000 0.004406 
3063.000000 0.004388 
3064.000000 0.004371 
3065.000000 0.004354 
3066.000000 0.004338 
3067.000000 0.004321 
3068.000000 0.004305 
3069.000000 0.004289 
3070.000000 0.004273 
3071.000000 0.004258 
3072.000000 0.004243 
3073.000000 0.004228 
3074.000000 0.004213 
3075.000000 0.004198 
3076.000000 0.004184 
3077.000000 0.004170 
3078.000000 0.004156 
3079.000000 0.004143 
3080.000000 0.004130 
3081.000000 0.004117 
3082.000000 0.004104 
3083.000000 0.004091 
3084.000000 0.004079 
3085.000000 0.004067 
3086.000000 0.004055 
3087.000000 0.004043 
3088.000000 0.004032 
3089.000000 0.004020 
3090.000000 0.004009 
3091.000000 0.003999 
3092.000000 0.003988 
3093.000000 0.003978 
3094.000000 0.003968 
3095.000000 0.003958 
3096.000000 0.003948 
3097.000000 0.003939 
3098.000000 0.003930 
3099.000000 0.003921 
3100.000000 0.003912 
3101.000000 0.003904 
3102.000000 0.003895 
3103.000000 0.003887 
3104.000000 0.003879 
3105.000000 0.003872 
3106.000000 0.003864 
3107.000000 0.003857 
3108.000000 0.003850 
3109.000000 0.003843 
3110.000000 0.003836 
3111.000000 0.003830 
3112.000000 0.003824 
3113.000000 0.003817 
3114.000000 0.003812 
3115.000000 0.003806 
3116.000000 0.003800 
3117.000000 0.003795 
3118.000000 0.003790 
3119.000000 0.003785 
3120.000000 0.003780 
3121.000000 0.003776 
3122.000000 0.003771 
3123.000000 0.003767 
3124.000000 0.003763 
3125.000000 0.003759 
3126.000000 0.003756 
3127.000000 0.003752 
3128.000000 0.003749 
3129.000000 0.003746 
3130.000000 0.003743 
3131.000000 0.003740 
3132.000000 0.003737 
3133.000000 0.003735 
3134.000000 0.003732 
3135.000000 0.003730 
3136.000000 0.003728 
3137.000000 0.003726 
3138.000000 0.003724 
3139.000000 0.003723 
3140.000000 0.003721 
3141.000000 0.003720 
3142.000000 0.003719 
3143.000000 0.003718 
3144.000000 0.003717 
3145.000000 0.003716 
3146.000000 0.003715 
3147.000000 0.003715 
3148.000000 0.003715 
3149.000000 0.003714 
3150.000000 0.003714 
3151.000000 0.003714 
3152.000000 0.003714 
3153.000000 0.003714 
3154.000000 0.003715 
3155.000000 0.003715 
3156.000000 0.003716 
3157.000000 0.003716 
3158.000000 0.003717 
3159.000000 0.003718 
3160.000000 0.003719 
3161.000000 0.003720 
3162.000000 0.003721 
3163.000000 0.003722 
3164.000000 0.003724 
3165.000000 0.003725 
3166.000000 0.003726 
3167.000000 0.003728 
3168.000000 0.003730 
3169.000000 0.003732 
3170.000000 0.003733 
3171.000000 0.003735 
3172.000000 0.003737 
3173.000000 0.003739 
3174.000000 0.003742 
3175.000000 0.003744 
3176.000000 0.003746 
3177.000000 0.003749 
3178.000000 0.003751 
3179.000000 0.003754 
3180.000000 0.003756 
3181.000000 0.003759 
3182.000000 0.003761 
3183.000000 0.003764 
3184.000000 0.003767 
3185.000000 0.003770 
3186.000000 0.003773 
3187.000000 0.003776 
3188.000000 0.003779 
3189.000000 0.003782 
3190.000000 0.003785 
3191.000000 0.003788 
3192.000000 0.003792 
3193.000000 0.003795 
3194.000000 0.003798 
3195.000000 0.003801 
3196.000000 0.003805 
3197.000000 0.003808 
3198.000000 0.003812 
3199.000000 0.003815 
3200.000000 0.003819 
3201.000000 0.003822 
3202.000000 0.003826 
3203.000000 0.003830 
3204.000000 0.003833 
3205.000000 0.003837 
3206.000000 0.003841 
3207.000000 0.003845 
3208.000000 0.003848 
3209.000000 0.003852 
3210.000000 0.003856 
3211.000000 0.003860 
3212.000000 0.003864 
3213.000000 0.003868 
3214.000000 0.003872 
3215.000000 0.003876 
3216.000000 0.003880 
3217.000000 0.003884 
3218.000000 0.003888 
3219.000000 0.003892 
3220.000000 0.003896 
3221.000000 0.003900 
3222.000000 0.003904 
3223.000000 0.003908 
3224.000000 0.003912 
3225.000000 0.003916 
3226.000000 0.003920 
3227.000000 0.003924 
3228.000000 0.003928 
3229.000000 0.003932 
3230.000000 0.003937 
3231.000000 0.003941 
3232.000000 0.003945 
3233.000000 0.003949 
3234.000000 0.003953 
3235.000000 0.003957 
3236.000000 0.003961 
3237.000000 0.003966 
3238.000000 0.003970 
3239.000000 0.003974 
3240.000000 0.003978 
3241.000000 0.003982 
3242.000000 0.003986 
3243.000000 0.003990 
3244.000000 0.003995 
3245.000000 0.003999 
3246.000000 0.004003 
3247.000000 0.004007 
3248.000000 0.004011 
3249.000000 0.004015 
3250.000000 0.004019 
3251.000000 0.004023 
3252.000000 0.004028 
3253.000000 0.004032 
3254.000000 0.004036 
3255.000000 0.004040 
3256.000000 0.004044 
3257.000000 0.004048 
3258.000000 0.004052 
3259.000000 0.004056 
3260.000000 0.004060 
3261.000000 0.004064 
3262.000000 0.004068 
3263.000000 0.004072 
3264.000000 0.004076 
3265.000000 0.004080 
3266.000000 0.004084 
3267.000000 0.004088 
3268.000000 0.004091 
3269.000000 0.004095 
3270.000000 0.004099 
3271.000000 0.004103 
3272.000000 0.004107 
3273.000000 0.004111 
3274.000000 0.004114 
3275.000000 0.004118 
3276.000000 0.004122 
3277.000000 0.004126 
3278.000000 0.004129 
3279.000000 0.004133 
3280.000000 0.004137 
3281.000000 0.004140 
3282.000000 0.004144 
3283.000000 0.004148 
3284.000000 0.004151 
3285.000000 0.004155 
3286.000000 0.004158 
3287.000000 0.004162 
3288.000000 0.004165 
3289.000000 0.004169 
3290.000000 0.004172 
3291.000000 0.004176 
3292.000000 0.004179 
3293.000000 0.004183 
3294.000000 0.004186 
3295.000000 0.004189 
3296.000000 0.004193 
3297.000000 0.004196 
3298.000000 0.004199 
3299.000000 0.004202 
3300.000000 0.004206 
3301.000000 0.004209 
3302.000000 0.004212 
3303.000000 0.004215 
3304.000000 0.004218 
3305.000000 0.004221 
3306.000000 0.004224 
3307.000000 0.004227 
3308.000000 0.004230 
3309.000000 0.004233 
3310.000000 0.004236 
3311.000000 0.004239 
3312.000000 0.004242 
3313.000000 0.004245 
3314.000000 0.004247 
3315.000000 0.004250 
3316.000000 0.004253 
3317.000000 0.004256 
3318.000000 0.004258 
3319.000000 0.004261 
3320.000000 0.004264 
3321.000000 0.004266 
3322.000000 0.004269 
3323.000000 0.004271 
3324.000000 0.004274 
3325.000000 0.004276 
3326.000000 0.004279 
3327.000000 0.004281 
3328.000000 0.004283 
3329.000000 0.004286 
3330.000000 0.004288 
3331.000000 0.004290 
3332.000000 0.004292 
3333.000000 0.004295 
3334.000000 0.004297 
3335.000000 0.004299 
3336.000000 0.004301 
3337.000000 0.004303 
3338.000000 0.004305 
3339.000000 0.004307 
3340.000000 0.004309 
3341.000000 0.004311 
3342.000000 0.004313 
3343.000000 0.004314 
3344.000000 0.004316 
3345.000000 0.004318 
3346.000000 0.004320 
3347.000000 0.004321 
3348.000000 0.004323 
3349.000000 0.004325 
3350.000000 0.004326 
3351.000000 0.004328 
3352.000000 0.004329 
3353.000000 0.004331 
3354.000000 0.004332 
3355.000000 0.004334 
3356.000000 0.004335 
3357.000000 0.004336 
3358.000000 0.004338 
3359.000000 0.004339 
3360.000000 0.004340 
3361.000000 0.004341 
3362.000000 0.004342 
3363.000000 0.004343 
3364.000000 0.004344 
3365.000000 0.004345 
3366.000000 0.004346 
3367.000000 0.004347 
3368.000000 0.004348 
3369.000000 0.004349 
3370.000000 0.004350 
3371.000000 0.004351 
3372.000000 0.004351 
3373.000000 0.004352 
3374.000000 0.004353 
3375.000000 0.004353 
3376.000000 0.004354 
3377.000000 0.004354 
3378.000000 0.004355 
3379.000000 0.004355 
3380.000000 0.004356 
3381.000000 0.004356 
3382.000000 0.004357 
3383.000000 0.004357 
3384.000000 0.004357 
3385.000000 0.004357 
3386.000000 0.004358 
3387.000000 0.004358 
3388.000000 0.004358 
3389.000000 0.004358 
3390.000000 0.004358 
3391.000000 0.004358 
3392.000000 0.004358 
3393.000000 0.004358 
3394.000000 0.004358 
3395.000000 0.004358 
3396.000000 0.004358 
3397.000000 0.004357 
3398.000000 0.004357 
3399.000000 0.004357 
3400.000000 0.004356 
3401.000000 0.004356 
3402.000000 0.004356 
3403.000000 0.004355 
3404.000000 0.004355 
3405.000000 0.004354 
3406.000000 0.004354 
3407.000000 0.004353 
3408.000000 0.004352 
3409.000000 0.004352 
3410.000000 0.004351 
3411.000000 0.004350 
3412.000000 0.004349 
3413.000000 0.004349 
3414.000000 0.004348 
3415.000000 0.004347 
3416.000000 0.004346 
3417.000000 0.004345 
3418.000000 0.004344 
3419.000000 0.004343 
3420.000000 0.004342 
3421.000000 0.004341 
3422.000000 0.004340 
3423.000000 0.004338 
3424.000000 0.004337 
3425.000000 0.004336 
3426.000000 0.004335 
3427.000000 0.004333 
3428.000000 0.004332 
3429.000000 0.004330 
3430.000000 0.004329 
3431.000000 0.004328 
3432.000000 0.004326 
3433.000000 0.004325 
3434.000000 0.004323 
3435.000000 0.004321 
3436.000000 0.004320 
3437.000000 0.004318 
3438.000000 0.004316 
3439.000000 0.004315 
3440.000000 0.004313 
3441.000000 0.004311 
3442.000000 0.004309 
3443.000000 0.004307 
3444.000000 0.004305 
3445.000000 0.004304 
3446.000000 0.004302 
3447.000000 0.004300 
3448.000000 0.004298 
3449.000000 0.004295 
3450.000000 0.004293 
3451.000000 0.004291 
3452.000000 0.004289 
3453.000000 0.004287 
3454.000000 0.004285 
3455.000000 0.004282 
3456.000000 0.004280 
3457.000000 0.004278 
3458.000000 0.004275 
3459.000000 0.004273 
3460.000000 0.004271 
3461.000000 0.004268 
3462.000000 0.004266 
3463.000000 0.004263 
3464.000000 0.004261 
3465.000000 0.004258 
3466.000000 0.004256 
3467.000000 0.004253 
3468.000000 0.004250 
3469.000000 0.004248 
3470.000000 0.004245 
3471.000000 0.004242 
3472.000000 0.004240 
3473.000000 0.004237 
3474.000000 0.004234 
3475.000000 0.004231 
3476.000000 0.004228 
3477.000000 0.004225 
3478.000000 0.004222 
3479.000000 0.004220 
3480.000000 0.004217 
3481.000000 0.004214 
3482.000000 0.004211 
3483.000000 0.004207 
3484.000000 0.004204 
3485.000000 0.004201 
3486.000000 0.004198 
3487.000000 0.004195 
3488.000000 0.004192 
3489.000000 0.004189 
3490.000000 0.004185 
3491.000000 0.004182 
3492.000000 0.004179 
3493.000000 0.004175 
3494.000000 0.004172 
3495.000000 0.004169 
3496.000000 0.004165 
3497.000000 0.004162 
3498.000000 0.004158 
3499.000000 0.004155 
3500.000000 0.004152 
3501.000000 0.004148 
3502.000000 0.004144 
3503.000000 0.004141 
3504.000000 0.004137 
3505.000000 0.004134 
3506.000000 0.004130 
3507.000000 0.004126 
3508.000000 0.004123 
3509.000000 0.004119 
3510.000000 0.004115 
3511.000000 0.004111 
3512.000000 0.004108 
3513.000000 0.004104 
3514.000000 0.004100 
3515.000000 0.004096 
3516.000000 0.004092 
3517.000000 0.004088 
3518.000000 0.004084 
3519.000000 0.004080 
3520.000000 0.004076 
3521.000000 0.004072 
3522.000000 0.004068 
3523.000000 0.004064 
3524.000000 0.004060 
3525.000000 0.004056 
3526.000000 0.004052 
3527.000000 0.004048 
3528.000000 0.004044 
3529.000000 0.004039 
3530.000000 0.004035 
3531.000000 0.004031 
3532.000000 0.004027 
3533.000000 0.004022 
3534.000000 0.004018 
3535.000000 0.004014 
3536.000000 0.004009 
3537.000000 0.004005 
3538.000000 0.004001 
3539.000000 0.003996 
3540.000000 0.003992 
3541.000000 0.003987 
3542.000000 0.003983 
3543.000000 0.003978 
3544.000000 0.003974 
3545.000000 0.003969 
3546.000000 0.003965 
3547.000000 0.003960 
3548.000000 0.003955 
3549.000000 0.003951 
3550.000000 0.003946 
3551.000000 0.003941 
3552.000000 0.003937 
3553.000000 0.003932 
3554.000000 0.003927 
3555.000000 0.003922 
3556.000000 0.003917 
3557.000000 0.003913 
3558.000000 0.003908 
3559.000000 0.003903 
3560.000000 0.003898 
3561.000000 0.003893 
3562.000000 0.003888 
3563.000000 0.003883 
3564.000000 0.003878 
3565.000000 0.003873 
3566.000000 0.003868 
3567.000000 0.003863 
3568.000000 0.003858 
3569.000000 0.003853 
3570.000000 0.003848 
3571.000000 0.003842 
3572.000000 0.003837 
3573.000000 0.003832 
3574.000000 0.003827 
3575.000000 0.003822 
3576.000000 0.003816 
3577.000000 0.003811 
3578.000000 0.003806 
3579.000000 0.003800 
3580.000000 0.003795 
3581.000000 0.003790 
3582.000000 0.003784 
3583.000000 0.003779 
3584.000000 0.003773 
3585.000000 0.003768 
3586.000000 0.003762 
3587.000000 0.003757 
3588.000000 0.003751 
3589.000000 0.003746 
3590.000000 0.003740 
3591.000000 0.003734 
3592.000000 0.003729 
3593.000000 0.003723 
3594.000000 0.003717 
3595.000000 0.003712 
3596.000000 0.003706 
3597.000000 0.003700 
3598.000000 0.003695 
3599.000000 0.003689 
3600.000000 0.003683 
3601.000000 0.003677 
3602.000000 0.003671 
3603.000000 0.003665 
3604.000000 0.003659 
3605.000000 0.003654 
3606.000000 0.003648 
3607.000000 0.003642 
3608.000000 0.003636 
3609.000000 0.003630 
3610.000000 0.003624 
3611.000000 0.003618 
3612.000000 0.003611 
3613.000000 0.003605 
3614.000000 0.003599 
3615.000000 0.003593 
3616.000000 0.003587 
3617.000000 0.003581 
3618.000000 0.003575 
3619.000000 0.003568 
3620.000000 0.003562 
3621.000000 0.003556 
3622.000000 0.003549 
3623.000000 0.003543 
3624.000000 0.003537 
3625.000000 0.003530 
3626.000000 0.003524 
3627.000000 0.003518 
3628.000000 0.003511 
3629.000000 0.003505 
3630.000000 0.003498 
3631.000000 0.003492 
3632.000000 0.003485 
3633.000000 0.003479 
3634.000000 0.003472 
3635.000000 0.003466 
3636.000000 0.003459 
3637.000000 0.003453 
3638.000000 0.003446 
3639.000000 0.003439 
3640.000000 0.003433 
3641.000000 0.003426 
3642.000000 0.003419 
3643.000000 0.003412 
3644.000000 0.003406 
3645.000000 0.003399 
3646.000000 0.003392 
3647.000000 0.003385 
3648.000000 0.003378 
3649.000000 0.003372 
3650.000000 0.003365 
3651.000000 0.003358 
3652.000000 0.003351 
3653.000000 0.003344 
3654.000000 0.003337 
3655.000000 0.003330 
3656.000000 0.003323 
3657.000000 0.003316 
3658.000000 0.003309 
3659.000000 0.003302 
3660.000000 0.003295 
3661.000000 0.003288 
3662.000000 0.003281 
3663.000000 0.003273 
3664.000000 0.003266 
3665.000000 0.003259 
3666.000000 0.003252 
3667.000000 0.003245 
3668.000000 0.003237 
3669.000000 0.003230 
3670.000000 0.003223 
3671.000000 0.003216 
3672.000000 0.003208 
3673.000000 0.003201 
3674.000000 0.003194 
3675.000000 0.003186 
3676.000000 0.003179 
3677.000000 0.003171 
3678.000000 0.003164 
3679.000000 0.003156 
3680.000000 0.003149 
3681.000000 0.003142 
3682.000000 0.003134 
3683.000000 0.003126 
3684.000000 0.003119 
3685.000000 0.003111 
3686.000000 0.003104 
3687.000000 0.003096 
3688.000000 0.003089 
3689.000000 0.003081 
3690.000000 0.003073 
3691.000000 0.003066 
3692.000000 0.003058 
3693.000000 0.003050 
3694.000000 0.003042 
3695.000000 0.003035 
3696.000000 0.003027 
3697.000000 0.003019 
3698.000000 0.003011 
3699.000000 0.003004 
3700.000000 0.002996 
3701.000000 0.002988 
3702.000000 0.002980 
3703.000000 0.002972 
3704.000000 0.002964 
3705.000000 0.002956 
3706.000000 0.002948 
3707.000000 0.002940 
3708.000000 0.002932 
3709.000000 0.002924 
3710.000000 0.002916 
3711.000000 0.002908 
3712.000000 0.002900 
3713.000000 0.002892 
3714.000000 0.002884 
3715.000000 0.002876 
3716.000000 0.002868 
3717.000000 0.002859 
3718.000000 0.002851 
3719.000000 0.002843 
3720.000000 0.002835 
3721.000000 0.002827 
3722.000000 0.002818 
3723.000000 0.002810 
3724.000000 0.002802 
3725.000000 0.002793 
3726.000000 0.002785 
3727.000000 0.002777 
3728.000000 0.002768 
3729.000000 0.002760 
3730.000000 0.002751 
3731.000000 0.002743 
3732.000000 0.002735 
3733.000000 0.002726 
3734.000000 0.002718 
3735.000000 0.002709 
3736.000000 0.002700 
3737.000000 0.002692 
3738.000000 0.002683 
3739.000000 0.002675 
3740.000000 0.002666 
3741.000000 0.002657 
3742.000000 0.002649 
3743.000000 0.002640 
3744.000000 0.002631 
3745.000000 0.002622 
3746.000000 0.002614 
3747.000000 0.002605 
3748.000000 0.002596 
3749.000000 0.002587 
3750.000000 0.002578 
3751.000000 0.002570 
3752.000000 0.002561 
3753.000000 0.002552 
3754.000000 0.002543 
3755.000000 0.002534 
3756.000000 0.002525 
3757.000000 0.002516 
3758.000000 0.002507 
3759.000000 0.002498 
3760.000000 0.002488 
3761.000000 0.002479 
3762.000000 0.002470 
3763.000000 0.002461 
3764.000000 0.002452 
3765.000000 0.002443 
3766.000000 0.002433 
3767.000000 0.002424 
3768.000000 0.002415 
3769.000000 0.002405 
3770.000000 0.002396 
3771.000000 0.002387 
3772.000000 0.002377 
3773.000000 0.002368 
3774.000000 0.002358 
3775.000000 0.002349 
3776.000000 0.002339 
3777.000000 0.002330 
3778.000000 0.002320 
3779.000000 0.002310 
3780.000000 0.002301 
3781.000000 0.002291 
3782.000000 0.002281 
3783.000000 0.002272 
3784.000000 0.002262 
3785.000000 0.002252 
3786.000000 0.002242 
3787.000000 0.002232 
3788.000000 0.002222 
3789.000000 0.002212 
3790.000000 0.002202 
3791.000000 0.002192 
3792.000000 0.002182 
3793.000000 0.002172 
3794.000000 0.002162 
3795.000000 0.002152 
3796.000000 0.002142 
3797.000000 0.002131 
3798.000000 0.002121 
3799.000000 0.002111 
3800.000000 0.002100 
3801.000000 0.002090 
3802.000000 0.002080 
3803.000000 0.002069 
3804.000000 0.002059 
3805.000000 0.002048 
3806.000000 0.002037 
3807.000000 0.002027 
3808.000000 0.002016 
3809.000000 0.002005 
3810.000000 0.001994 
3811.000000 0.001984 
3812.000000 0.001973 
3813.000000 0.001962 
3814.000000 0.001951 
3815.000000 0.001940 
3816.000000 0.001929 
3817.000000 0.001918 
3818.000000 0.001906 
3819.000000 0.001895 
3820.000000 0.001884 
3821.000000 0.001873 
3822.000000 0.001861 
3823.000000 0.001850 
3824.000000 0.001838 
3825.000000 0.001827 
3826.000000 0.001815 
3827.000000 0.001803 
3828.000000 0.001792 
3829.000000 0.001780 
3830.000000 0.001768 
3831.000000 0.001756 
3832.000000 0.001744 
3833.000000 0.001732 
3834.000000 0.001720 
3835.000000 0.001708 
3836.000000 0.001695 
3837.000000 0.001683 
3838.000000 0.001671 
3839.000000 0.001658 
3840.000000 0.001645 
3841.000000 0.001633 
3842.000000 0.001620 
3843.000000 0.001607 
3844.000000 0.001594 
3845.000000 0.001581 
3846.000000 0.001568 
3847.000000 0.001555 
3848.000000 0.001542 
3849.000000 0.001529 
3850.000000 0.001515 
3851.000000 0.001502 
3852.000000 0.001488 
3853.000000 0.001474 
3854.000000 0.001460 
3855.000000 0.001446 
3856.000000 0.001432 
3857.000000 0.001418 
3858.000000 0.001404 
3859.000000 0.001389 
3860.000000 0.001375 
3861.000000 0.001360 
3862.000000 0.001345 
3863.000000 0.001330 
3864.000000 0.001315 
3865.000000 0.001300 
3866.000000 0.001284 
3867.000000 0.001269 
3868.000000 0.001253 
3869.000000 0.001237 
3870.000000 0.001221 
3871.000000 0.001205 
3872.000000 0.001188 
3873.000000 0.001171 
3874.000000 0.001155 
3875.000000 0.001137 
3876.000000 0.001120 
3877.000000 0.001103 
3878.000000 0.001085 
3879.000000 0.001067 
3880.000000 0.001048 
3881.000000 0.001030 
3882.000000 0.001011 
3883.000000 0.000991 
3884.000000 0.000972 
3885.000000 0.000952 
3886.000000 0.000931 
3887.000000 0.000911 
3888.000000 0.000889 
3889.000000 0.000868 
3890.000000 0.000845 
3891.000000 0.000823 
3892.000000 0.000799 
3893.000000 0.000775 
3894.000000 0.000750 
3895.000000 0.000725 
3896.000000 0.000699 
3897.000000 0.000671 
3898.000000 0.000643 
3899.000000 0.000613 
3900.000000 0.000582 
3901.000000 0.000549 
3902.000000 0.000514 
3903.000000 0.000477 
3904.000000 0.000436 
3905.000000 0.000392 
3906.000000 0.000342 
3907.000000 0.000283 
3908.000000 0.000209 
3909.000000 0.000085 
3910.000000 0.000171 
3911.000000 0.000256 
3912.000000 0.000319 
3913.000000 0.000371 
3914.000000 0.000417 
3915.000000 0.000458 
3916.000000 0.000495 
3917.000000 0.000530 
3918.000000 0.000563 
3919.000000 0.000594 
3920.000000 0.000623 
3921.000000 0.000651 
3922.000000 0.000677 
3923.000000 0.000703 
3924.000000 0.000727 
3925.000000 0.000751 
3926.000000 0.000774 
3927.000000 0.000796 
3928.000000 0.000818 
3929.000000 0.000838 
3930.000000 0.000859 
3931.000000 0.000879 
3932.000000 0.000898 
3933.000000 0.000917 
3934.000000 0.000935 
3935.000000 0.000953 
3936.000000 0.000971 
3937.000000 0.000988 
3938.000000 0.001005 
3939.000000 0.001022 
3940.000000 0.001038 
3941.000000 0.001054 
3942.000000 0.001070 
3943.000000 0.001085 
3944.000000 0.001100 
3945.000000 0.001115 
3946.000000 0.001130 
3947.000000 0.001144 
3948.000000 0.001159 
3949.000000 0.001173 
3950.000000 0.001186 
3951.000000 0.001200 
3952.000000 0.001213 
3953.000000 0.001227 
3954.000000 0.001240 
3955.000000 0.001253 
3956.000000 0.001265 
3957.000000 0.001278 
3958.000000 0.001290 
3959.000000 0.001302 
3960.000000 0.001314 
3961.000000 0.001326 
3962.000000 0.001338 
3963.000000 0.001350 
3964.000000 0.001361 
3965.000000 0.001373 
3966.000000 0.001384 
3967.000000 0.001395 
3968.000000 0.001406 
3969.000000 0.001417 
3970.000000 0.001427 
3971.000000 0.001438 
3972.000000 0.001449 
3973.000000 0.001459 
3974.000000 0.001469 
3975.000000 0.001479 
3976.000000 0.001489 
3977.000000 0.001499 
3978.000000 0.001509 
3979.000000 0.001519 
3980.000000 0.001529 
3981.000000 0.001538 
3982.000000 0.001548 
3983.000000 0.001557 
3984.000000 0.001567 
3985.000000 0.001576 
3986.000000 0.001585 
3987.000000 0.001594 
3988.000000 0.001603 
3989.000000 0.001612 
3990.000000 0.001621 
3991.000000 0.001629 
3992.000000 0.001638 
3993.000000 0.001646 
3994.000000 0.001655 
3995.000000 0.001663 
3996.000000 0.001672 
3997.000000 0.001680 
3998.000000 0.001688 
3999.000000 0.001696 
4000.000000 0.001704 
