0.000000 1.000000 
1.000000 0.999999 
2.000000 0.999998 
3.000000 0.999996 
4.000000 0.999993 
5.000000 0.999989 
6.000000 0.999985 
7.000000 0.999980 
8.000000 0.999974 
9.000000 0.999968 
10.000000 0.999960 
11.000000 0.999952 
12.000000 0.999944 
13.000000 0.999934 
14.000000 0.999924 
15.000000 0.999913 
16.000000 0.999902 
17.000000 0.999890 
18.000000 0.999877 
19.000000 0.999863 
20.000000 0.999849 
21.000000 0.999833 
22.000000 0.999818 
23.000000 0.999801 
24.000000 0.999784 
25.000000 0.999766 
26.000000 0.999747 
27.000000 0.999728 
28.000000 0.999708 
29.000000 0.999687 
30.000000 0.999665 
31.000000 0.999643 
32.000000 0.999620 
33.000000 0.999597 
34.000000 0.999572 
35.000000 0.999547 
36.000000 0.999522 
37.000000 0.999495 
38.000000 0.999468 
39.000000 0.999440 
40.000000 0.999411 
41.000000 0.999382 
42.000000 0.999352 
43.000000 0.999322 
44.000000 0.999290 
45.000000 0.999258 
46.000000 0.999226 
47.000000 0.999192 
48.000000 0.999158 
49.000000 0.999123 
50.000000 0.999088 
51.000000 0.999052 
52.000000 0.999015 
53.000000 0.998978 
54.000000 0.998940 
55.000000 0.998901 
56.000000 0.998861 
57.000000 0.998821 
58.000000 0.998780 
59.000000 0.998738 
60.000000 0.998696 
61.000000 0.998653 
62.000000 0.998610 
63.000000 0.998565 
64.000000 0.998521 
65.000000 0.998475 
66.000000 0.998429 
67.000000 0.998382 
68.000000 0.998335 
69.000000 0.998286 
70.000000 0.998238 
71.000000 0.998188 
72.000000 0.998138 
73.000000 0.998087 
74.000000 0.998036 
75.000000 0.997984 
76.000000 0.997931 
77.000000 0.997877 
78.000000 0.997823 
79.000000 0.997769 
80.000000 0.997714 
81.000000 0.997658 
82.000000 0.997601 
83.000000 0.997544 
84.000000 0.997486 
85.000000 0.997428 
86.000000 0.997369 
87.000000 0.997309 
88.000000 0.997249 
89.000000 0.997188 
90.000000 0.997126 
91.000000 0.997064 
92.000000 0.997001 
93.000000 0.996938 
94.000000 0.996874 
95.000000 0.996809 
96.000000 0.996744 
97.000000 0.996678 
98.000000 0.996612 
99.000000 0.996545 
100.000000 0.996477 
101.000000 0.996409 
102.000000 0.996340 
103.000000 0.996270 
104.000000 0.996200 
105.000000 0.996130 
106.000000 0.996058 
107.000000 0.995986 
108.000000 0.995914 
109.000000 0.995841 
110.000000 0.995767 
111.000000 0.995693 
112.000000 0.995618 
113.000000 0.995543 
114.000000 0.995467 
115.000000 0.995391 
116.000000 0.995314 
117.000000 0.995236 
118.000000 0.995158 
119.000000 0.995079 
120.000000 0.995000 
121.000000 0.994920 
122.000000 0.994839 
123.000000 0.994758 
124.000000 0.994676 
125.000000 0.994594 
126.000000 0.994511 
127.000000 0.994428 
128.000000 0.994344 
129.000000 0.994260 
130.000000 0.994175 
131.000000 0.994089 
132.000000 0.994003 
133.000000 0.993916 
134.000000 0.993829 
135.000000 0.993741 
136.000000 0.993653 
137.000000 0.993564 
138.000000 0.993474 
139.000000 0.993384 
140.000000 0.993294 
141.000000 0.993203 
142.000000 0.993111 
143.000000 0.993019 
144.000000 0.992926 
145.000000 0.992833 
146.000000 0.992739 
147.000000 0.992645 
148.000000 0.992550 
149.000000 0.992455 
150.000000 0.992359 
151.000000 0.992262 
152.000000 0.992165 
153.000000 0.992067 
154.000000 0.991969 
155.000000 0.991871 
156.000000 0.991772 
157.000000 0.991672 
158.000000 0.991572 
159.000000 0.991471 
160.000000 0.991370 
161.000000 0.991268 
162.000000 0.991166 
163.000000 0.991063 
164.000000 0.990959 
165.000000 0.990855 
166.000000 0.990751 
167.000000 0.990646 
168.000000 0.990540 
169.000000 0.990434 
170.000000 0.990328 
171.000000 0.990221 
172.000000 0.990113 
173.000000 0.990005 
174.000000 0.989896 
175.000000 0.989787 
176.000000 0.989678 
177.000000 0.989567 
178.000000 0.989457 
179.000000 0.989346 
180.000000 0.989234 
181.000000 0.989122 
182.000000 0.989009 
183.000000 0.988895 
184.000000 0.988782 
185.000000 0.988667 
186.000000 0.988552 
187.000000 0.988437 
188.000000 0.988321 
189.000000 0.988204 
190.000000 0.988088 
191.000000 0.987970 
192.000000 0.987852 
193.000000 0.987734 
194.000000 0.987615 
195.000000 0.987495 
196.000000 0.987375 
197.000000 0.987254 
198.000000 0.987133 
199.000000 0.987012 
200.000000 0.986890 
201.000000 0.986767 
202.000000 0.986644 
203.000000 0.986520 
204.000000 0.986396 
205.000000 0.986271 
206.000000 0.986146 
207.000000 0.986020 
208.000000 0.985894 
209.000000 0.985767 
210.000000 0.985640 
211.000000 0.985512 
212.000000 0.985384 
213.000000 0.985255 
214.000000 0.985125 
215.000000 0.984995 
216.000000 0.984865 
217.000000 0.984734 
218.000000 0.984602 
219.000000 0.984470 
220.000000 0.984338 
221.000000 0.984205 
222.000000 0.984071 
223.000000 0.983937 
224.000000 0.983803 
225.000000 0.983668 
226.000000 0.983532 
227.000000 0.983396 
228.000000 0.983259 
229.000000 0.983122 
230.000000 0.982984 
231.000000 0.982846 
232.000000 0.982707 
233.000000 0.982568 
234.000000 0.982428 
235.000000 0.982288 
236.000000 0.982147 
237.000000 0.982006 
238.000000 0.981864 
239.000000 0.981721 
240.000000 0.981578 
241.000000 0.981435 
242.000000 0.981291 
243.000000 0.981146 
244.000000 0.981001 
245.000000 0.980856 
246.000000 0.980710 
247.000000 0.980563 
248.000000 0.980416 
249.000000 0.980268 
250.000000 0.980120 
251.000000 0.979971 
252.000000 0.979822 
253.000000 0.979672 
254.000000 0.979522 
255.000000 0.979371 
256.000000 0.979220 
257.000000 0.979068 
258.000000 0.978916 
259.000000 0.978763 
260.000000 0.978610 
261.000000 0.978456 
262.000000 0.978301 
263.000000 0.978146 
264.000000 0.977991 
265.000000 0.977834 
266.000000 0.977678 
267.000000 0.977521 
268.000000 0.977363 
269.000000 0.977205 
270.000000 0.977046 
271.000000 0.976887 
272.000000 0.976727 
273.000000 0.976567 
274.000000 0.976406 
275.000000 0.976245 
276.000000 0.976083 
277.000000 0.975921 
278.000000 0.975758 
279.000000 0.975594 
280.000000 0.975430 
281.000000 0.975266 
282.000000 0.975101 
283.000000 0.974935 
284.000000 0.974769 
285.000000 0.974602 
286.000000 0.974435 
287.000000 0.974268 
288.000000 0.974099 
289.000000 0.973931 
290.000000 0.973762 
291.000000 0.973592 
292.000000 0.973422 
293.000000 0.973251 
294.000000 0.973080 
295.000000 0.972908 
296.000000 0.972735 
297.000000 0.972562 
298.000000 0.972389 
299.000000 0.972215 
300.000000 0.972040 
301.000000 0.971865 
302.000000 0.971690 
303.000000 0.971514 
304.000000 0.971337 
305.000000 0.971160 
306.000000 0.970983 
307.000000 0.970805 
308.000000 0.970626 
309.000000 0.970447 
310.000000 0.970267 
311.000000 0.970087 
312.000000 0.969906 
313.000000 0.969725 
314.000000 0.969543 
315.000000 0.969361 
316.000000 0.969178 
317.000000 0.968995 
318.000000 0.968811 
319.000000 0.968627 
320.000000 0.968442 
321.000000 0.968256 
322.000000 0.968071 
323.000000 0.967884 
324.000000 0.967697 
325.000000 0.967510 
326.000000 0.967322 
327.000000 0.967133 
328.000000 0.966944 
329.000000 0.966755 
330.000000 0.966565 
331.000000 0.966374 
332.000000 0.966183 
333.000000 0.965992 
334.000000 0.965800 
335.000000 0.965607 
336.000000 0.965414 
337.000000 0.965221 
338.000000 0.965026 
339.000000 0.964832 
340.000000 0.964637 
341.000000 0.964441 
342.000000 0.964245 
343.000000 0.964049 
344.000000 0.963851 
345.000000 0.963654 
346.000000 0.963456 
347.000000 0.963257 
348.000000 0.963058 
349.000000 0.962858 
350.000000 0.962658 
351.000000 0.962458 
352.000000 0.962256 
353.000000 0.962055 
354.000000 0.961853 
355.000000 0.961650 
356.000000 0.961447 
357.000000 0.961243 
358.000000 0.961039 
359.000000 0.960835 
360.000000 0.960629 
361.000000 0.960424 
362.000000 0.960218 
363.000000 0.960011 
364.000000 0.959804 
365.000000 0.959596 
366.000000 0.959388 
367.000000 0.959180 
368.000000 0.958971 
369.000000 0.958761 
370.000000 0.958551 
371.000000 0.958341 
372.000000 0.958130 
373.000000 0.957918 
374.000000 0.957706 
375.000000 0.957494 
376.000000 0.957281 
377.000000 0.957067 
378.000000 0.956853 
379.000000 0.956639 
380.000000 0.956424 
381.000000 0.956209 
382.000000 0.955993 
383.000000 0.955776 
384.000000 0.955560 
385.000000 0.955342 
386.000000 0.955125 
387.000000 0.954906 
388.000000 0.954688 
389.000000 0.954468 
390.000000 0.954249 
391.000000 0.954028 
392.000000 0.953808 
393.000000 0.953587 
394.000000 0.953365 
395.000000 0.953143 
396.000000 0.952920 
397.000000 0.952697 
398.000000 0.952474 
399.000000 0.952250 
400.000000 0.952025 
401.000000 0.951800 
402.000000 0.951575 
403.000000 0.951349 
404.000000 0.951123 
405.000000 0.950896 
406.000000 0.950669 
407.000000 0.950441 
408.000000 0.950213 
409.000000 0.949984 
410.000000 0.949755 
411.000000 0.949525 
412.000000 0.949295 
413.000000 0.949064 
414.000000 0.948833 
415.000000 0.948602 
416.000000 0.948370 
417.000000 0.948137 
418.000000 0.947905 
419.000000 0.947671 
420.000000 0.947437 
421.000000 0.947203 
422.000000 0.946968 
423.000000 0.946733 
424.000000 0.946497 
425.000000 0.946261 
426.000000 0.946025 
427.000000 0.945788 
428.000000 0.945550 
429.000000 0.945312 
430.000000 0.945074 
431.000000 0.944835 
432.000000 0.944596 
433.000000 0.944356 
434.000000 0.944116 
435.000000 0.943875 
436.000000 0.943634 
437.000000 0.943392 
438.000000 0.943150 
439.000000 0.942907 
440.000000 0.942664 
441.000000 0.942421 
442.000000 0.942177 
443.000000 0.941933 
444.000000 0.941688 
445.000000 0.941442 
446.000000 0.941197 
447.000000 0.940951 
448.000000 0.940704 
449.000000 0.940457 
450.000000 0.940209 
451.000000 0.939961 
452.000000 0.939713 
453.000000 0.939464 
454.000000 0.939215 
455.000000 0.938965 
456.000000 0.938715 
457.000000 0.938464 
458.000000 0.938213 
459.000000 0.937961 
460.000000 0.937709 
461.000000 0.937457 
462.000000 0.937204 
463.000000 0.936951 
464.000000 0.936697 
465.000000 0.936443 
466.000000 0.936188 
467.000000 0.935933 
468.000000 0.935677 
469.000000 0.935421 
470.000000 0.935165 
471.000000 0.934908 
472.000000 0.934651 
473.000000 0.934393 
474.000000 0.934135 
475.000000 0.933876 
476.000000 0.933617 
477.000000 0.933357 
478.000000 0.933097 
479.000000 0.932837 
480.000000 0.932576 
481.000000 0.932315 
482.000000 0.932053 
483.000000 0.931791 
484.000000 0.931528 
485.000000 0.931265 
486.000000 0.931002 
487.000000 0.930738 
488.000000 0.930474 
489.000000 0.930209 
490.000000 0.929943 
491.000000 0.929678 
492.000000 0.929412 
493.000000 0.929145 
494.000000 0.928878 
495.000000 0.928611 
496.000000 0.928343 
497.000000 0.928075 
498.000000 0.927806 
499.000000 0.927537 
500.000000 0.927267 
501.000000 0.926997 
502.000000 0.926727 
503.000000 0.926456 
504.000000 0.926185 
505.000000 0.925913 
506.000000 0.925641 
507.000000 0.925368 
508.000000 0.925095 
509.000000 0.924822 
510.000000 0.924548 
511.000000 0.924274 
512.000000 0.923999 
513.000000 0.923724 
514.000000 0.923449 
515.000000 0.923173 
516.000000 0.922896 
517.000000 0.922620 
518.000000 0.922342 
519.000000 0.922065 
520.000000 0.921787 
521.000000 0.921508 
522.000000 0.921229 
523.000000 0.920950 
524.000000 0.920670 
525.000000 0.920390 
526.000000 0.920109 
527.000000 0.919828 
528.000000 0.919547 
529.000000 0.919265 
530.000000 0.918983 
531.000000 0.918700 
532.000000 0.918417 
533.000000 0.918133 
534.000000 0.917850 
535.000000 0.917565 
536.000000 0.917280 
537.000000 0.916995 
538.000000 0.916709 
539.000000 0.916424 
540.000000 0.916137 
541.000000 0.915850 
542.000000 0.915563 
543.000000 0.915275 
544.000000 0.914987 
545.000000 0.914699 
546.000000 0.914410 
547.000000 0.914121 
548.000000 0.913831 
549.000000 0.913541 
550.000000 0.913251 
551.000000 0.912960 
552.000000 0.912668 
553.000000 0.912376 
554.000000 0.912084 
555.000000 0.911792 
556.000000 0.911499 
557.000000 0.911206 
558.000000 0.910912 
559.000000 0.910618 
560.000000 0.910323 
561.000000 0.910028 
562.000000 0.909733 
563.000000 0.909437 
564.000000 0.909141 
565.000000 0.908844 
566.000000 0.908548 
567.000000 0.908250 
568.000000 0.907952 
569.000000 0.907654 
570.000000 0.907356 
571.000000 0.907057 
572.000000 0.906757 
573.000000 0.906458 
574.000000 0.906158 
575.000000 0.905857 
576.000000 0.905556 
577.000000 0.905255 
578.000000 0.904953 
579.000000 0.904651 
580.000000 0.904349 
581.000000 0.904046 
582.000000 0.903743 
583.000000 0.903439 
584.000000 0.903135 
585.000000 0.902831 
586.000000 0.902526 
587.000000 0.902221 
588.000000 0.901915 
589.000000 0.901609 
590.000000 0.901303 
591.000000 0.900996 
592.000000 0.900689 
593.000000 0.900382 
594.000000 0.900074 
595.000000 0.899765 
596.000000 0.899457 
597.000000 0.899148 
598.000000 0.898838 
599.000000 0.898529 
600.000000 0.898218 
601.000000 0.897908 
602.000000 0.897597 
603.000000 0.897286 
604.000000 0.896974 
605.000000 0.896662 
606.000000 0.896350 
607.000000 0.896037 
608.000000 0.895724 
609.000000 0.895410 
610.000000 0.895096 
611.000000 0.894782 
612.000000 0.894467 
613.000000 0.894152 
614.000000 0.893837 
615.000000 0.893521 
616.000000 0.893205 
617.000000 0.892888 
618.000000 0.892571 
619.000000 0.892254 
620.000000 0.891936 
621.000000 0.891618 
622.000000 0.891300 
623.000000 0.890981 
624.000000 0.890662 
625.000000 0.890343 
626.000000 0.890023 
627.000000 0.889703 
628.000000 0.889382 
629.000000 0.889061 
630.000000 0.888740 
631.000000 0.888418 
632.000000 0.888096 
633.000000 0.887774 
634.000000 0.887451 
635.000000 0.887128 
636.000000 0.886804 
637.000000 0.886480 
638.000000 0.886156 
639.000000 0.885832 
640.000000 0.885507 
641.000000 0.885182 
642.000000 0.884856 
643.000000 0.884530 
644.000000 0.884204 
645.000000 0.883877 
646.000000 0.883550 
647.000000 0.883222 
648.000000 0.882895 
649.000000 0.882566 
650.000000 0.882238 
651.000000 0.881909 
652.000000 0.881580 
653.000000 0.881250 
654.000000 0.880920 
655.000000 0.880590 
656.000000 0.880260 
657.000000 0.879929 
658.000000 0.879597 
659.000000 0.879266 
660.000000 0.878934 
661.000000 0.878601 
662.000000 0.878269 
663.000000 0.877936 
664.000000 0.877602 
665.000000 0.877268 
666.000000 0.876934 
667.000000 0.876600 
668.000000 0.876265 
669.000000 0.875930 
670.000000 0.875594 
671.000000 0.875259 
672.000000 0.874922 
673.000000 0.874586 
674.000000 0.874249 
675.000000 0.873912 
676.000000 0.873574 
677.000000 0.873236 
678.000000 0.872898 
679.000000 0.872560 
680.000000 0.872221 
681.000000 0.871881 
682.000000 0.871542 
683.000000 0.871202 
684.000000 0.870862 
685.000000 0.870521 
686.000000 0.870180 
687.000000 0.869839 
688.000000 0.869497 
689.000000 0.869155 
690.000000 0.868813 
691.000000 0.868470 
692.000000 0.868127 
693.000000 0.867784 
694.000000 0.867440 
695.000000 0.867096 
696.000000 0.866752 
697.000000 0.866407 
698.000000 0.866062 
699.000000 0.865717 
700.000000 0.865371 
701.000000 0.865025 
702.000000 0.864679 
703.000000 0.864333 
704.000000 0.863986 
705.000000 0.863638 
706.000000 0.863291 
707.000000 0.862943 
708.000000 0.862595 
709.000000 0.862246 
710.000000 0.861897 
711.000000 0.861548 
712.000000 0.861198 
713.000000 0.860848 
714.000000 0.860498 
715.000000 0.860147 
716.000000 0.859797 
717.000000 0.859445 
718.000000 0.859094 
719.000000 0.858742 
720.000000 0.858390 
721.000000 0.858037 
722.000000 0.857685 
723.000000 0.857331 
724.000000 0.856978 
725.000000 0.856624 
726.000000 0.856270 
727.000000 0.855916 
728.000000 0.855561 
729.000000 0.855206 
730.000000 0.854850 
731.000000 0.854495 
732.000000 0.854139 
733.000000 0.853782 
734.000000 0.853426 
735.000000 0.853069 
736.000000 0.852712 
737.000000 0.852354 
738.000000 0.851996 
739.000000 0.851638 
740.000000 0.851279 
741.000000 0.850921 
742.000000 0.850561 
743.000000 0.850202 
744.000000 0.849842 
745.000000 0.849482 
746.000000 0.849122 
747.000000 0.848761 
748.000000 0.848400 
749.000000 0.848039 
750.000000 0.847677 
751.000000 0.847315 
752.000000 0.846953 
753.000000 0.846590 
754.000000 0.846228 
755.000000 0.845864 
756.000000 0.845501 
757.000000 0.845137 
758.000000 0.844773 
759.000000 0.844409 
760.000000 0.844044 
761.000000 0.843679 
762.000000 0.843314 
763.000000 0.842948 
764.000000 0.842583 
765.000000 0.842216 
766.000000 0.841850 
767.000000 0.841483 
768.000000 0.841116 
769.000000 0.840749 
770.000000 0.840381 
771.000000 0.840013 
772.000000 0.839645 
773.000000 0.839276 
774.000000 0.838908 
775.000000 0.838539 
776.000000 0.838169 
777.000000 0.837799 
778.000000 0.837429 
779.000000 0.837059 
780.000000 0.836688 
781.000000 0.836318 
782.000000 0.835946 
783.000000 0.835575 
784.000000 0.835203 
785.000000 0.834831 
786.000000 0.834459 
787.000000 0.834086 
788.000000 0.833713 
789.000000 0.833340 
790.000000 0.832967 
791.000000 0.832593 
792.000000 0.832219 
793.000000 0.831845 
794.000000 0.831470 
795.000000 0.831095 
796.000000 0.830720 
797.000000 0.830345 
798.000000 0.829969 
799.000000 0.829593 
800.000000 0.829217 
801.000000 0.828840 
802.000000 0.828463 
803.000000 0.828086 
804.000000 0.827709 
805.000000 0.827331 
806.000000 0.826953 
807.000000 0.826575 
808.000000 0.826196 
809.000000 0.825818 
810.000000 0.825439 
811.000000 0.825059 
812.000000 0.824680 
813.000000 0.824300 
814.000000 0.823920 
815.000000 0.823539 
816.000000 0.823159 
817.000000 0.822778 
818.000000 0.822396 
819.000000 0.822015 
820.000000 0.821633 
821.000000 0.821251 
822.000000 0.820869 
823.000000 0.820486 
824.000000 0.820103 
825.000000 0.819720 
826.000000 0.819337 
827.000000 0.818953 
828.000000 0.818569 
829.000000 0.818185 
830.000000 0.817801 
831.000000 0.817416 
832.000000 0.817031 
833.000000 0.816646 
834.000000 0.816261 
835.000000 0.815875 
836.000000 0.815489 
837.000000 0.815103 
838.000000 0.814716 
839.000000 0.814330 
840.000000 0.813943 
841.000000 0.813555 
842.000000 0.813168 
843.000000 0.812780 
844.000000 0.812392 
845.000000 0.812004 
846.000000 0.811615 
847.000000 0.811226 
848.000000 0.810837 
849.000000 0.810448 
850.000000 0.810058 
851.000000 0.809669 
852.000000 0.809279 
853.000000 0.808888 
854.000000 0.808498 
855.000000 0.808107 
856.000000 0.807716 
857.000000 0.807325 
858.000000 0.806933 
859.000000 0.806541 
860.000000 0.806149 
861.000000 0.805757 
862.000000 0.805365 
863.000000 0.804972 
864.000000 0.804579 
865.000000 0.804186 
866.000000 0.803792 
867.000000 0.803398 
868.000000 0.803004 
869.000000 0.802610 
870.000000 0.802216 
871.000000 0.801821 
872.000000 0.801426 
873.000000 0.801031 
874.000000 0.800635 
875.000000 0.800240 
876.000000 0.799844 
877.000000 0.799448 
878.000000 0.799051 
879.000000 0.798655 
880.000000 0.798258 
881.000000 0.797861 
882.000000 0.797464 
883.000000 0.797066 
884.000000 0.796668 
885.000000 0.796270 
886.000000 0.795872 
887.000000 0.795474 
888.000000 0.795075 
889.000000 0.794676 
890.000000 0.794277 
891.000000 0.793877 
892.000000 0.793478 
893.000000 0.793078 
894.000000 0.792678 
895.000000 0.792277 
896.000000 0.791877 
897.000000 0.791476 
898.000000 0.791075 
899.000000 0.790674 
900.000000 0.790273 
901.000000 0.789871 
902.000000 0.789469 
903.000000 0.789067 
904.000000 0.788665 
905.000000 0.788262 
906.000000 0.787859 
907.000000 0.787456 
908.000000 0.787053 
909.000000 0.786650 
910.000000 0.786246 
911.000000 0.785842 
912.000000 0.785438 
913.000000 0.785034 
914.000000 0.784629 
915.000000 0.784225 
916.000000 0.783820 
917.000000 0.783414 
918.000000 0.783009 
919.000000 0.782604 
920.000000 0.782198 
921.000000 0.781792 
922.000000 0.781385 
923.000000 0.780979 
924.000000 0.780572 
925.000000 0.780165 
926.000000 0.779758 
927.000000 0.779351 
928.000000 0.778943 
929.000000 0.778536 
930.000000 0.778128 
931.000000 0.777720 
932.000000 0.777311 
933.000000 0.776903 
934.000000 0.776494 
935.000000 0.776085 
936.000000 0.775676 
937.000000 0.775267 
938.000000 0.774857 
939.000000 0.774447 
940.000000 0.774037 
941.000000 0.773627 
942.000000 0.773217 
943.000000 0.772806 
944.000000 0.772395 
945.000000 0.771984 
946.000000 0.771573 
947.000000 0.771162 
948.000000 0.770750 
949.000000 0.770338 
950.000000 0.769927 
951.000000 0.769514 
952.000000 0.769102 
953.000000 0.768689 
954.000000 0.768277 
955.000000 0.767864 
956.000000 0.767450 
957.000000 0.767037 
958.000000 0.766624 
959.000000 0.766210 
960.000000 0.765796 
961.000000 0.765382 
962.000000 0.764968 
963.000000 0.764553 
964.000000 0.764138 
965.000000 0.763724 
966.000000 0.763308 
967.000000 0.762893 
968.000000 0.762478 
969.000000 0.762062 
970.000000 0.761646 
971.000000 0.761230 
972.000000 0.760814 
973.000000 0.760398 
974.000000 0.759981 
975.000000 0.759564 
976.000000 0.759147 
977.000000 0.758730 
978.000000 0.758313 
979.000000 0.757896 
980.000000 0.757478 
981.000000 0.757060 
982.000000 0.756642 
983.000000 0.756224 
984.000000 0.755806 
985.000000 0.755387 
986.000000 0.754968 
987.000000 0.754549 
988.000000 0.754130 
989.000000 0.753711 
990.000000 0.753292 
991.000000 0.752872 
992.000000 0.752452 
993.000000 0.752032 
994.000000 0.751612 
995.000000 0.751192 
996.000000 0.750772 
997.000000 0.750351 
998.000000 0.749930 
999.000000 0.749509 
1000.000000 0.749088 
1001.000000 0.748667 
1002.000000 0.748245 
1003.000000 0.747823 
1004.000000 0.747402 
1005.000000 0.746980 
1006.000000 0.746558 
1007.000000 0.746135 
1008.000000 0.745713 
1009.000000 0.745290 
1010.000000 0.744867 
1011.000000 0.744444 
1012.000000 0.744021 
1013.000000 0.743598 
1014.000000 0.743175 
1015.000000 0.742751 
1016.000000 0.742327 
1017.000000 0.741903 
1018.000000 0.741479 
1019.000000 0.741055 
1020.000000 0.740630 
1021.000000 0.740206 
1022.000000 0.739781 
1023.000000 0.739356 
1024.000000 0.738931 
1025.000000 0.738506 
1026.000000 0.738081 
1027.000000 0.737655 
1028.000000 0.737230 
1029.000000 0.736804 
1030.000000 0.736378 
1031.000000 0.735952 
1032.000000 0.735525 
1033.000000 0.735099 
1034.000000 0.734672 
1035.000000 0.734246 
1036.000000 0.733819 
1037.000000 0.733392 
1038.000000 0.732965 
1039.000000 0.732537 
1040.000000 0.732110 
1041.000000 0.731682 
1042.000000 0.731254 
1043.000000 0.730827 
1044.000000 0.730399 
1045.000000 0.729970 
1046.000000 0.729542 
1047.000000 0.729114 
1048.000000 0.728685 
1049.000000 0.728256 
1050.000000 0.727827 
1051.000000 0.727398 
1052.000000 0.726969 
1053.000000 0.726540 
1054.000000 0.726110 
1055.000000 0.725681 
1056.000000 0.725251 
1057.000000 0.724821 
1058.000000 0.724391 
1059.000000 0.723961 
1060.000000 0.723531 
1061.000000 0.723100 
1062.000000 0.722670 
1063.000000 0.722239 
1064.000000 0.721808 
1065.000000 0.721377 
1066.000000 0.720946 
1067.000000 0.720515 
1068.000000 0.720084 
1069.000000 0.719652 
1070.000000 0.719221 
1071.000000 0.718789 
1072.000000 0.718357 
1073.000000 0.717925 
1074.000000 0.717493 
1075.000000 0.717061 
1076.000000 0.716628 
1077.000000 0.716196 
1078.000000 0.715763 
1079.000000 0.715330 
1080.000000 0.714897 
1081.000000 0.714464 
1082.000000 0.714031 
1083.000000 0.713598 
1084.000000 0.713165 
1085.000000 0.712731 
1086.000000 0.712297 
1087.000000 0.711864 
1088.000000 0.711430 
1089.000000 0.710996 
1090.000000 0.710562 
1091.000000 0.710127 
1092.000000 0.709693 
1093.000000 0.709259 
1094.000000 0.708824 
1095.000000 0.708389 
1096.000000 0.707955 
1097.000000 0.707519 
1098.000000 0.707084 
1099.000000 0.706649 
1100.000000 0.706214 
1101.000000 0.705779 
1102.000000 0.705343 
1103.000000 0.704907 
1104.000000 0.704472 
1105.000000 0.704036 
1106.000000 0.703600 
1107.000000 0.703164 
1108.000000 0.702728 
1109.000000 0.702291 
1110.000000 0.701855 
1111.000000 0.701418 
1112.000000 0.700982 
1113.000000 0.700545 
1114.000000 0.700108 
1115.000000 0.699671 
1116.000000 0.699234 
1117.000000 0.698797 
1118.000000 0.698360 
1119.000000 0.697922 
1120.000000 0.697485 
1121.000000 0.697047 
1122.000000 0.696609 
1123.000000 0.696172 
1124.000000 0.695734 
1125.000000 0.695296 
1126.000000 0.694858 
1127.000000 0.694419 
1128.000000 0.693981 
1129.000000 0.693543 
1130.000000 0.693104 
1131.000000 0.692665 
1132.000000 0.692227 
1133.000000 0.691788 
1134.000000 0.691349 
1135.000000 0.690910 
1136.000000 0.690471 
1137.000000 0.690032 
1138.000000 0.689592 
1139.000000 0.689153 
1140.000000 0.688713 
1141.000000 0.688274 
1142.000000 0.687834 
1143.000000 0.687394 
1144.000000 0.686954 
1145.000000 0.686514 
1146.000000 0.686074 
1147.000000 0.685634 
1148.000000 0.685194 
1149.000000 0.684754 
1150.000000 0.684313 
1151.000000 0.683873 
1152.000000 0.683432 
1153.000000 0.682991 
1154.000000 0.682551 
1155.000000 0.682110 
1156.000000 0.681669 
1157.000000 0.681228 
1158.000000 0.680787 
1159.000000 0.680345 
1160.000000 0.679904 
1161.000000 0.679463 
1162.000000 0.679021 
1163.000000 0.678580 
1164.000000 0.678138 
1165.000000 0.677696 
1166.000000 0.677254 
1167.000000 0.676812 
1168.000000 0.676370 
1169.000000 0.675928 
1170.000000 0.675486 
1171.000000 0.675044 
1172.000000 0.674602 
1173.000000 0.674159 
1174.000000 0.673717 
1175.000000 0.673274 
1176.000000 0.672832 
1177.000000 0.672389 
1178.000000 0.671946 
1179.000000 0.671503 
1180.000000 0.671060 
1181.000000 0.670617 
1182.000000 0.670174 
1183.000000 0.669731 
1184.000000 0.669288 
1185.000000 0.668845 
1186.000000 0.668401 
1187.000000 0.667958 
1188.000000 0.667514 
1189.000000 0.667071 
1190.000000 0.666627 
1191.000000 0.666184 
1192.000000 0.665740 
1193.000000 0.665296 
1194.000000 0.664852 
1195.000000 0.664408 
1196.000000 0.663964 
1197.000000 0.663520 
1198.000000 0.663075 
1199.000000 0.662631 
1200.000000 0.662187 
1201.000000 0.661742 
1202.000000 0.661298 
1203.000000 0.660853 
1204.000000 0.660409 
1205.000000 0.659964 
1206.000000 0.659519 
1207.000000 0.659075 
1208.000000 0.658630 
1209.000000 0.658185 
1210.000000 0.657740 
1211.000000 0.657295 
1212.000000 0.656850 
1213.000000 0.656405 
1214.000000 0.655959 
1215.000000 0.655514 
1216.000000 0.655069 
1217.000000 0.654623 
1218.000000 0.654178 
1219.000000 0.653732 
1220.000000 0.653287 
1221.000000 0.652841 
1222.000000 0.652396 
1223.000000 0.651950 
1224.000000 0.651504 
1225.000000 0.651058 
1226.000000 0.650612 
1227.000000 0.650166 
1228.000000 0.649720 
1229.000000 0.649274 
1230.000000 0.648828 
1231.000000 0.648382 
1232.000000 0.647936 
1233.000000 0.647490 
1234.000000 0.647043 
1235.000000 0.646597 
1236.000000 0.646151 
1237.000000 0.645704 
1238.000000 0.645258 
1239.000000 0.644811 
1240.000000 0.644365 
1241.000000 0.643918 
1242.000000 0.643471 
1243.000000 0.643025 
1244.000000 0.642578 
1245.000000 0.642131 
1246.000000 0.641684 
1247.000000 0.641237 
1248.000000 0.640790 
1249.000000 0.640344 
1250.000000 0.639897 
1251.000000 0.639449 
1252.000000 0.639002 
1253.000000 0.638555 
1254.000000 0.638108 
1255.000000 0.637661 
1256.000000 0.637214 
1257.000000 0.636766 
1258.000000 0.636319 
1259.000000 0.635872 
1260.000000 0.635424 
1261.000000 0.634977 
1262.000000 0.634529 
1263.000000 0.634082 
1264.000000 0.633634 
1265.000000 0.633187 
1266.000000 0.632739 
1267.000000 0.632291 
1268.000000 0.631844 
1269.000000 0.631396 
1270.000000 0.630948 
1271.000000 0.630501 
1272.000000 0.630053 
1273.000000 0.629605 
1274.000000 0.629157 
1275.000000 0.628709 
1276.000000 0.628261 
1277.000000 0.627813 
1278.000000 0.627365 
1279.000000 0.626917 
1280.000000 0.626469 
1281.000000 0.626021 
1282.000000 0.625573 
1283.000000 0.625125 
1284.000000 0.624677 
1285.000000 0.624229 
1286.000000 0.623781 
1287.000000 0.623332 
1288.000000 0.622884 
1289.000000 0.622436 
1290.000000 0.621988 
1291.000000 0.621539 
1292.000000 0.621091 
1293.000000 0.620643 
1294.000000 0.620194 
1295.000000 0.619746 
1296.000000 0.619298 
1297.000000 0.618849 
1298.000000 0.618401 
1299.000000 0.617952 
1300.000000 0.617504 
1301.000000 0.617055 
1302.000000 0.616607 
1303.000000 0.616158 
1304.000000 0.615710 
1305.000000 0.615261 
1306.000000 0.614812 
1307.000000 0.614364 
1308.000000 0.613915 
1309.000000 0.613467 
1310.000000 0.613018 
1311.000000 0.612569 
1312.000000 0.612121 
1313.000000 0.611672 
1314.000000 0.611223 
1315.000000 0.610775 
1316.000000 0.610326 
1317.000000 0.609877 
1318.000000 0.609429 
1319.000000 0.608980 
1320.000000 0.608531 
1321.000000 0.608082 
1322.000000 0.607634 
1323.000000 0.607185 
1324.000000 0.606736 
1325.000000 0.606287 
1326.000000 0.605839 
1327.000000 0.605390 
1328.000000 0.604941 
1329.000000 0.604492 
1330.000000 0.604043 
1331.000000 0.603595 
1332.000000 0.603146 
1333.000000 0.602697 
1334.000000 0.602248 
1335.000000 0.601799 
1336.000000 0.601350 
1337.000000 0.600902 
1338.000000 0.600453 
1339.000000 0.600004 
1340.000000 0.599555 
1341.000000 0.599106 
1342.000000 0.598657 
1343.000000 0.598209 
1344.000000 0.597760 
1345.000000 0.597311 
1346.000000 0.596862 
1347.000000 0.596413 
1348.000000 0.595965 
1349.000000 0.595516 
1350.000000 0.595067 
1351.000000 0.594618 
1352.000000 0.594169 
1353.000000 0.593721 
1354.000000 0.593272 
1355.000000 0.592823 
1356.000000 0.592374 
1357.000000 0.591925 
1358.000000 0.591477 
1359.000000 0.591028 
1360.000000 0.590579 
1361.000000 0.590130 
1362.000000 0.589682 
1363.000000 0.589233 
1364.000000 0.588784 
1365.000000 0.588336 
1366.000000 0.587887 
1367.000000 0.587438 
1368.000000 0.586990 
1369.000000 0.586541 
1370.000000 0.586092 
1371.000000 0.585644 
1372.000000 0.585195 
1373.000000 0.584747 
1374.000000 0.584298 
1375.000000 0.583849 
1376.000000 0.583401 
1377.000000 0.582952 
1378.000000 0.582504 
1379.000000 0.582055 
1380.000000 0.581607 
1381.000000 0.581158 
1382.000000 0.580710 
1383.000000 0.580262 
1384.000000 0.579813 
1385.000000 0.579365 
1386.000000 0.578916 
1387.000000 0.578468 
1388.000000 0.578020 
1389.000000 0.577571 
1390.000000 0.577123 
1391.000000 0.576675 
1392.000000 0.576227 
1393.000000 0.575778 
1394.000000 0.575330 
1395.000000 0.574882 
1396.000000 0.574434 
1397.000000 0.573986 
1398.000000 0.573538 
1399.000000 0.573090 
1400.000000 0.572642 
1401.000000 0.572194 
1402.000000 0.571746 
1403.000000 0.571298 
1404.000000 0.570850 
1405.000000 0.570402 
1406.000000 0.569954 
1407.000000 0.569506 
1408.000000 0.569058 
1409.000000 0.568610 
1410.000000 0.568163 
1411.000000 0.567715 
1412.000000 0.567267 
1413.000000 0.566820 
1414.000000 0.566372 
1415.000000 0.565924 
1416.000000 0.565477 
1417.000000 0.565029 
1418.000000 0.564582 
1419.000000 0.564134 
1420.000000 0.563687 
1421.000000 0.563239 
1422.000000 0.562792 
1423.000000 0.562345 
1424.000000 0.561897 
1425.000000 0.561450 
1426.000000 0.561003 
1427.000000 0.560556 
1428.000000 0.560109 
1429.000000 0.559662 
1430.000000 0.559214 
1431.000000 0.558767 
1432.000000 0.558320 
1433.000000 0.557873 
1434.000000 0.557426 
1435.000000 0.556980 
1436.000000 0.556533 
1437.000000 0.556086 
1438.000000 0.555639 
1439.000000 0.555193 
1440.000000 0.554746 
1441.000000 0.554299 
1442.000000 0.553853 
1443.000000 0.553406 
1444.000000 0.552960 
1445.000000 0.552513 
1446.000000 0.552067 
1447.000000 0.551621 
1448.000000 0.551174 
1449.000000 0.550728 
1450.000000 0.550282 
1451.000000 0.549836 
1452.000000 0.549390 
1453.000000 0.548944 
1454.000000 0.548498 
1455.000000 0.548052 
1456.000000 0.547606 
1457.000000 0.547160 
1458.000000 0.546714 
1459.000000 0.546268 
1460.000000 0.545823 
1461.000000 0.545377 
1462.000000 0.544931 
1463.000000 0.544486 
1464.000000 0.544040 
1465.000000 0.543595 
1466.000000 0.543149 
1467.000000 0.542704 
1468.000000 0.542259 
1469.000000 0.541814 
1470.000000 0.541369 
1471.000000 0.540923 
1472.000000 0.540478 
1473.000000 0.540033 
1474.000000 0.539588 
1475.000000 0.539144 
1476.000000 0.538699 
1477.000000 0.538254 
1478.000000 0.537809 
1479.000000 0.537365 
1480.000000 0.536920 
1481.000000 0.536476 
1482.000000 0.536031 
1483.000000 0.535587 
1484.000000 0.535142 
1485.000000 0.534698 
1486.000000 0.534254 
1487.000000 0.533810 
1488.000000 0.533366 
1489.000000 0.532922 
1490.000000 0.532478 
1491.000000 0.532034 
1492.000000 0.531590 
1493.000000 0.531146 
1494.000000 0.530703 
1495.000000 0.530259 
1496.000000 0.529815 
1497.000000 0.529372 
1498.000000 0.528928 
1499.000000 0.528485 
1500.000000 0.528042 
1501.000000 0.527598 
1502.000000 0.527155 
1503.000000 0.526712 
1504.000000 0.526269 
1505.000000 0.525826 
1506.000000 0.525383 
1507.000000 0.524941 
1508.000000 0.524498 
1509.000000 0.524055 
1510.000000 0.523613 
1511.000000 0.523170 
1512.000000 0.522728 
1513.000000 0.522285 
1514.000000 0.521843 
1515.000000 0.521401 
1516.000000 0.520959 
1517.000000 0.520516 
1518.000000 0.520074 
1519.000000 0.519633 
1520.000000 0.519191 
1521.000000 0.518749 
1522.000000 0.518307 
1523.000000 0.517866 
1524.000000 0.517424 
1525.000000 0.516983 
1526.000000 0.516541 
1527.000000 0.516100 
1528.000000 0.515659 
1529.000000 0.515217 
1530.000000 0.514776 
1531.000000 0.514335 
1532.000000 0.513895 
1533.000000 0.513454 
1534.000000 0.513013 
1535.000000 0.512572 
1536.000000 0.512132 
1537.000000 0.511691 
1538.000000 0.511251 
1539.000000 0.510810 
1540.000000 0.510370 
1541.000000 0.509930 
1542.000000 0.509490 
1543.000000 0.509050 
1544.000000 0.508610 
1545.000000 0.508170 
1546.000000 0.507730 
1547.000000 0.507291 
1548.000000 0.506851 
1549.000000 0.506412 
1550.000000 0.505972 
1551.000000 0.505533 
1552.000000 0.505094 
1553.000000 0.504655 
1554.000000 0.504216 
1555.000000 0.503777 
1556.000000 0.503338 
1557.000000 0.502899 
1558.000000 0.502460 
1559.000000 0.502022 
1560.000000 0.501583 
1561.000000 0.501145 
1562.000000 0.500706 
1563.000000 0.500268 
1564.000000 0.499830 
1565.000000 0.499392 
1566.000000 0.498954 
1567.000000 0.498516 
1568.000000 0.498078 
1569.000000 0.497641 
1570.000000 0.497203 
1571.000000 0.496766 
1572.000000 0.496328 
1573.000000 0.495891 
1574.000000 0.495454 
1575.000000 0.495017 
1576.000000 0.494580 
1577.000000 0.494143 
1578.000000 0.493706 
1579.000000 0.493269 
1580.000000 0.492833 
1581.000000 0.492396 
1582.000000 0.491960 
1583.000000 0.491523 
1584.000000 0.491087 
1585.000000 0.490651 
1586.000000 0.490215 
1587.000000 0.489779 
1588.000000 0.489343 
1589.000000 0.488908 
1590.000000 0.488472 
1591.000000 0.488037 
1592.000000 0.487601 
1593.000000 0.487166 
1594.000000 0.486731 
1595.000000 0.486295 
1596.000000 0.485861 
1597.000000 0.485426 
1598.000000 0.484991 
1599.000000 0.484556 
1600.000000 0.484122 
1601.000000 0.483687 
1602.000000 0.483253 
1603.000000 0.482819 
1604.000000 0.482384 
1605.000000 0.481950 
1606.000000 0.481516 
1607.000000 0.481083 
1608.000000 0.480649 
1609.000000 0.480215 
1610.000000 0.479782 
1611.000000 0.479348 
1612.000000 0.478915 
1613.000000 0.478482 
1614.000000 0.478049 
1615.000000 0.477616 
1616.000000 0.477183 
1617.000000 0.476750 
1618.000000 0.476318 
1619.000000 0.475885 
1620.000000 0.475453 
1621.000000 0.475021 
1622.000000 0.474588 
1623.000000 0.474156 
1624.000000 0.473724 
1625.000000 0.473292 
1626.000000 0.472861 
1627.000000 0.472429 
1628.000000 0.471998 
1629.000000 0.471566 
1630.000000 0.471135 
1631.000000 0.470704 
1632.000000 0.470273 
1633.000000 0.469842 
1634.000000 0.469411 
1635.000000 0.468981 
1636.000000 0.468550 
1637.000000 0.468120 
1638.000000 0.467689 
1639.000000 0.467259 
1640.000000 0.466829 
1641.000000 0.466399 
1642.000000 0.465969 
1643.000000 0.465540 
1644.000000 0.465110 
1645.000000 0.464681 
1646.000000 0.464251 
1647.000000 0.463822 
1648.000000 0.463393 
1649.000000 0.462964 
1650.000000 0.462535 
1651.000000 0.462106 
1652.000000 0.461678 
1653.000000 0.461249 
1654.000000 0.460821 
1655.000000 0.460393 
1656.000000 0.459964 
1657.000000 0.459536 
1658.000000 0.459109 
1659.000000 0.458681 
1660.000000 0.458253 
1661.000000 0.457826 
1662.000000 0.457398 
1663.000000 0.456971 
1664.000000 0.456544 
1665.000000 0.456117 
1666.000000 0.455690 
1667.000000 0.455264 
1668.000000 0.454837 
1669.000000 0.454411 
1670.000000 0.453984 
1671.000000 0.453558 
1672.000000 0.453132 
1673.000000 0.452706 
1674.000000 0.452280 
1675.000000 0.451855 
1676.000000 0.451429 
1677.000000 0.451004 
1678.000000 0.450578 
1679.000000 0.450153 
1680.000000 0.449728 
1681.000000 0.449303 
1682.000000 0.448879 
1683.000000 0.448454 
1684.000000 0.448029 
1685.000000 0.447605 
1686.000000 0.447181 
1687.000000 0.446757 
1688.000000 0.446333 
1689.000000 0.445909 
1690.000000 0.445485 
1691.000000 0.445062 
1692.000000 0.444638 
1693.000000 0.444215 
1694.000000 0.443792 
1695.000000 0.443369 
1696.000000 0.442946 
1697.000000 0.442524 
1698.000000 0.442101 
1699.000000 0.441679 
1700.000000 0.441256 
1701.000000 0.440834 
1702.000000 0.440412 
1703.000000 0.439990 
1704.000000 0.439569 
1705.000000 0.439147 
1706.000000 0.438726 
1707.000000 0.438304 
1708.000000 0.437883 
1709.000000 0.437462 
1710.000000 0.437041 
1711.000000 0.436620 
1712.000000 0.436200 
1713.000000 0.435779 
1714.000000 0.435359 
1715.000000 0.434939 
1716.000000 0.434519 
1717.000000 0.434099 
1718.000000 0.433679 
1719.000000 0.433260 
1720.000000 0.432840 
1721.000000 0.432421 
1722.000000 0.432002 
1723.000000 0.431583 
1724.000000 0.431164 
1725.000000 0.430745 
1726.000000 0.430327 
1727.000000 0.429908 
1728.000000 0.429490 
1729.000000 0.429072 
1730.000000 0.428654 
1731.000000 0.428236 
1732.000000 0.427819 
1733.000000 0.427401 
1734.000000 0.426984 
1735.000000 0.426567 
1736.000000 0.426150 
1737.000000 0.425733 
1738.000000 0.425316 
1739.000000 0.424899 
1740.000000 0.424483 
1741.000000 0.424067 
1742.000000 0.423650 
1743.000000 0.423234 
1744.000000 0.422819 
1745.000000 0.422403 
1746.000000 0.421987 
1747.000000 0.421572 
1748.000000 0.421157 
1749.000000 0.420742 
1750.000000 0.420327 
1751.000000 0.419912 
1752.000000 0.419497 
1753.000000 0.419083 
1754.000000 0.418668 
1755.000000 0.418254 
1756.000000 0.417840 
1757.000000 0.417427 
1758.000000 0.417013 
1759.000000 0.416599 
1760.000000 0.416186 
1761.000000 0.415773 
1762.000000 0.415360 
1763.000000 0.414947 
1764.000000 0.414534 
1765.000000 0.414122 
1766.000000 0.413709 
1767.000000 0.413297 
1768.000000 0.412885 
1769.000000 0.412473 
1770.000000 0.412061 
1771.000000 0.411649 
1772.000000 0.411238 
1773.000000 0.410827 
1774.000000 0.410415 
1775.000000 0.410005 
1776.000000 0.409594 
1777.000000 0.409183 
1778.000000 0.408773 
1779.000000 0.408362 
1780.000000 0.407952 
1781.000000 0.407542 
1782.000000 0.407132 
1783.000000 0.406723 
1784.000000 0.406313 
1785.000000 0.405904 
1786.000000 0.405495 
1787.000000 0.405086 
1788.000000 0.404677 
1789.000000 0.404268 
1790.000000 0.403859 
1791.000000 0.403451 
1792.000000 0.403043 
1793.000000 0.402635 
1794.000000 0.402227 
1795.000000 0.401819 
1796.000000 0.401412 
1797.000000 0.401004 
1798.000000 0.400597 
1799.000000 0.400190 
1800.000000 0.399783 
1801.000000 0.399377 
1802.000000 0.398970 
1803.000000 0.398564 
1804.000000 0.398158 
1805.000000 0.397752 
1806.000000 0.397346 
1807.000000 0.396940 
1808.000000 0.396535 
1809.000000 0.396129 
1810.000000 0.395724 
1811.000000 0.395319 
1812.000000 0.394914 
1813.000000 0.394510 
1814.000000 0.394105 
1815.000000 0.393701 
1816.000000 0.393297 
1817.000000 0.392893 
1818.000000 0.392489 
1819.000000 0.392085 
1820.000000 0.391682 
1821.000000 0.391279 
1822.000000 0.390876 
1823.000000 0.390473 
1824.000000 0.390070 
1825.000000 0.389667 
1826.000000 0.389265 
1827.000000 0.388863 
1828.000000 0.388461 
1829.000000 0.388059 
1830.000000 0.387657 
1831.000000 0.387256 
1832.000000 0.386854 
1833.000000 0.386453 
1834.000000 0.386052 
1835.000000 0.385651 
1836.000000 0.385251 
1837.000000 0.384850 
1838.000000 0.384450 
1839.000000 0.384050 
1840.000000 0.383650 
1841.000000 0.383250 
1842.000000 0.382851 
1843.000000 0.382451 
1844.000000 0.382052 
1845.000000 0.381653 
1846.000000 0.381254 
1847.000000 0.380855 
1848.000000 0.380457 
1849.000000 0.380059 
1850.000000 0.379660 
1851.000000 0.379263 
1852.000000 0.378865 
1853.000000 0.378467 
1854.000000 0.378070 
1855.000000 0.377673 
1856.000000 0.377276 
1857.000000 0.376879 
1858.000000 0.376482 
1859.000000 0.376086 
1860.000000 0.375689 
1861.000000 0.375293 
1862.000000 0.374897 
1863.000000 0.374501 
1864.000000 0.374106 
1865.000000 0.373710 
1866.000000 0.373315 
1867.000000 0.372920 
1868.000000 0.372525 
1869.000000 0.372131 
1870.000000 0.371736 
1871.000000 0.371342 
1872.000000 0.370948 
1873.000000 0.370554 
1874.000000 0.370160 
1875.000000 0.369767 
1876.000000 0.369373 
1877.000000 0.368980 
1878.000000 0.368587 
1879.000000 0.368194 
1880.000000 0.367802 
1881.000000 0.367409 
1882.000000 0.367017 
1883.000000 0.366625 
1884.000000 0.366233 
1885.000000 0.365842 
1886.000000 0.365450 
1887.000000 0.365059 
1888.000000 0.364668 
1889.000000 0.364277 
1890.000000 0.363886 
1891.000000 0.363496 
1892.000000 0.363105 
1893.000000 0.362715 
1894.000000 0.362325 
1895.000000 0.361935 
1896.000000 0.361546 
1897.000000 0.361157 
1898.000000 0.360767 
1899.000000 0.360378 
1900.000000 0.359990 
1901.000000 0.359601 
1902.000000 0.359213 
1903.000000 0.358824 
1904.000000 0.358436 
1905.000000 0.358048 
1906.000000 0.357661 
1907.000000 0.357273 
1908.000000 0.356886 
1909.000000 0.356499 
1910.000000 0.356112 
1911.000000 0.355726 
1912.000000 0.355339 
1913.000000 0.354953 
1914.000000 0.354567 
1915.000000 0.354181 
1916.000000 0.353795 
1917.000000 0.353410 
1918.000000 0.353024 
1919.000000 0.352639 
1920.000000 0.352254 
1921.000000 0.351870 
1922.000000 0.351485 
1923.000000 0.351101 
1924.000000 0.350717 
1925.000000 0.350333 
1926.000000 0.349949 
1927.000000 0.349565 
1928.000000 0.349182 
1929.000000 0.348799 
1930.000000 0.348416 
1931.000000 0.348033 
1932.000000 0.347651 
1933.000000 0.347268 
1934.000000 0.346886 
1935.000000 0.346504 
1936.000000 0.346123 
1937.000000 0.345741 
1938.000000 0.345360 
1939.000000 0.344979 
1940.000000 0.344598 
1941.000000 0.344217 
1942.000000 0.343836 
1943.000000 0.343456 
1944.000000 0.343076 
1945.000000 0.342696 
1946.000000 0.342316 
1947.000000 0.341937 
1948.000000 0.341557 
1949.000000 0.341178 
1950.000000 0.340799 
1951.000000 0.340421 
1952.000000 0.340042 
1953.000000 0.339664 
1954.000000 0.339286 
1955.000000 0.338908 
1956.000000 0.338530 
1957.000000 0.338152 
1958.000000 0.337775 
1959.000000 0.337398 
1960.000000 0.337021 
1961.000000 0.336644 
1962.000000 0.336268 
1963.000000 0.335892 
1964.000000 0.335516 
1965.000000 0.335140 
1966.000000 0.334764 
1967.000000 0.334389 
1968.000000 0.334013 
1969.000000 0.333638 
1970.000000 0.333263 
1971.000000 0.332889 
1972.000000 0.332514 
1973.000000 0.332140 
1974.000000 0.331766 
1975.000000 0.331392 
1976.000000 0.331019 
1977.000000 0.330645 
1978.000000 0.330272 
1979.000000 0.329899 
1980.000000 0.329526 
1981.000000 0.329154 
1982.000000 0.328781 
1983.000000 0.328409 
1984.000000 0.328037 
1985.000000 0.327666 
1986.000000 0.327294 
1987.000000 0.326923 
1988.000000 0.326552 
1989.000000 0.326181 
1990.000000 0.325810 
1991.000000 0.325440 
1992.000000 0.325069 
1993.000000 0.324699 
1994.000000 0.324329 
1995.000000 0.323960 
1996.000000 0.323590 
1997.000000 0.323221 
1998.000000 0.322852 
1999.000000 0.322483 
2000.000000 0.322115 
2001.000000 0.321746 
2002.000000 0.321378 
2003.000000 0.321010 
2004.000000 0.320642 
2005.000000 0.320275 
2006.000000 0.319908 
2007.000000 0.319541 
2008.000000 0.319174 
2009.000000 0.318807 
2010.000000 0.318440 
2011.000000 0.318074 
2012.000000 0.317708 
2013.000000 0.317342 
2014.000000 0.316977 
2015.000000 0.316611 
2016.000000 0.316246 
2017.000000 0.315881 
2018.000000 0.315516 
2019.000000 0.315152 
2020.000000 0.314787 
2021.000000 0.314423 
2022.000000 0.314059 
2023.000000 0.313696 
2024.000000 0.313332 
2025.000000 0.312969 
2026.000000 0.312606 
2027.000000 0.312243 
2028.000000 0.311880 
2029.000000 0.311518 
2030.000000 0.311156 
2031.000000 0.310794 
2032.000000 0.310432 
2033.000000 0.310071 
2034.000000 0.309709 
2035.000000 0.309348 
2036.000000 0.308987 
2037.000000 0.308627 
2038.000000 0.308266 
2039.000000 0.307906 
2040.000000 0.307546 
2041.000000 0.307186 
2042.000000 0.306826 
2043.000000 0.306467 
2044.000000 0.306108 
2045.000000 0.305749 
2046.000000 0.305390 
2047.000000 0.305032 
2048.000000 0.304673 
2049.000000 0.304315 
2050.000000 0.303958 
2051.000000 0.303600 
2052.000000 0.303242 
2053.000000 0.302885 
2054.000000 0.302528 
2055.000000 0.302172 
2056.000000 0.301815 
2057.000000 0.301459 
2058.000000 0.301103 
2059.000000 0.300747 
2060.000000 0.300391 
2061.000000 0.300036 
2062.000000 0.299680 
2063.000000 0.299325 
2064.000000 0.298971 
2065.000000 0.298616 
2066.000000 0.298262 
2067.000000 0.297908 
2068.000000 0.297554 
2069.000000 0.297200 
2070.000000 0.296847 
2071.000000 0.296493 
2072.000000 0.296140 
2073.000000 0.295788 
2074.000000 0.295435 
2075.000000 0.295083 
2076.000000 0.294731 
2077.000000 0.294379 
2078.000000 0.294027 
2079.000000 0.293676 
2080.000000 0.293324 
2081.000000 0.292973 
2082.000000 0.292622 
2083.000000 0.292272 
2084.000000 0.291922 
2085.000000 0.291571 
2086.000000 0.291222 
2087.000000 0.290872 
2088.000000 0.290522 
2089.000000 0.290173 
2090.000000 0.289824 
2091.000000 0.289475 
2092.000000 0.289127 
2093.000000 0.288779 
2094.000000 0.288430 
2095.000000 0.288083 
2096.000000 0.287735 
2097.000000 0.287387 
2098.000000 0.287040 
2099.000000 0.286693 
2100.000000 0.286347 
2101.000000 0.286000 
2102.000000 0.285654 
2103.000000 0.285308 
2104.000000 0.284962 
2105.000000 0.284616 
2106.000000 0.284271 
2107.000000 0.283926 
2108.000000 0.283581 
2109.000000 0.283236 
2110.000000 0.282891 
2111.000000 0.282547 
2112.000000 0.282203 
2113.000000 0.281859 
2114.000000 0.281516 
2115.000000 0.281172 
2116.000000 0.280829 
2117.000000 0.280486 
2118.000000 0.280144 
2119.000000 0.279801 
2120.000000 0.279459 
2121.000000 0.279117 
2122.000000 0.278775 
2123.000000 0.278434 
2124.000000 0.278092 
2125.000000 0.277751 
2126.000000 0.277410 
2127.000000 0.277070 
2128.000000 0.276729 
2129.000000 0.276389 
2130.000000 0.276049 
2131.000000 0.275709 
2132.000000 0.275370 
2133.000000 0.275031 
2134.000000 0.274692 
2135.000000 0.274353 
2136.000000 0.274014 
2137.000000 0.273676 
2138.000000 0.273338 
2139.000000 0.273000 
2140.000000 0.272662 
2141.000000 0.272325 
2142.000000 0.271988 
2143.000000 0.271651 
2144.000000 0.271314 
2145.000000 0.270977 
2146.000000 0.270641 
2147.000000 0.270305 
2148.000000 0.269969 
2149.000000 0.269634 
2150.000000 0.269298 
2151.000000 0.268963 
2152.000000 0.268628 
2153.000000 0.268294 
2154.000000 0.267959 
2155.000000 0.267625 
2156.000000 0.267291 
2157.000000 0.266957 
2158.000000 0.266624 
2159.000000 0.266291 
2160.000000 0.265958 
2161.000000 0.265625 
2162.000000 0.265292 
2163.000000 0.264960 
2164.000000 0.264628 
2165.000000 0.264296 
2166.000000 0.263964 
2167.000000 0.263633 
2168.000000 0.263302 
2169.000000 0.262971 
2170.000000 0.262640 
2171.000000 0.262309 
2172.000000 0.261979 
2173.000000 0.261649 
2174.000000 0.261319 
2175.000000 0.260990 
2176.000000 0.260661 
2177.000000 0.260332 
2178.000000 0.260003 
2179.000000 0.259674 
2180.000000 0.259346 
2181.000000 0.259018 
2182.000000 0.258690 
2183.000000 0.258362 
2184.000000 0.258035 
2185.000000 0.257707 
2186.000000 0.257380 
2187.000000 0.257054 
2188.000000 0.256727 
2189.000000 0.256401 
2190.000000 0.256075 
2191.000000 0.255749 
2192.000000 0.255423 
2193.000000 0.255098 
2194.000000 0.254773 
2195.000000 0.254448 
2196.000000 0.254123 
2197.000000 0.253799 
2198.000000 0.253475 
2199.000000 0.253151 
2200.000000 0.252827 
2201.000000 0.252504 
2202.000000 0.252181 
2203.000000 0.251858 
2204.000000 0.251535 
2205.000000 0.251212 
2206.000000 0.250890 
2207.000000 0.250568 
2208.000000 0.250246 
2209.000000 0.249925 
2210.000000 0.249603 
2211.000000 0.249282 
2212.000000 0.248962 
2213.000000 0.248641 
2214.000000 0.248321 
2215.000000 0.248000 
2216.000000 0.247680 
2217.000000 0.247361 
2218.000000 0.247041 
2219.000000 0.246722 
2220.000000 0.246403 
2221.000000 0.246085 
2222.000000 0.245766 
2223.000000 0.245448 
2224.000000 0.245130 
2225.000000 0.244812 
2226.000000 0.244495 
2227.000000 0.244177 
2228.000000 0.243860 
2229.000000 0.243543 
2230.000000 0.243227 
2231.000000 0.242910 
2232.000000 0.242594 
2233.000000 0.242278 
2234.000000 0.241963 
2235.000000 0.241647 
2236.000000 0.241332 
2237.000000 0.241017 
2238.000000 0.240703 
2239.000000 0.240388 
2240.000000 0.240074 
2241.000000 0.239760 
2242.000000 0.239446 
2243.000000 0.239133 
2244.000000 0.238820 
2245.000000 0.238507 
2246.000000 0.238194 
2247.000000 0.237882 
2248.000000 0.237569 
2249.000000 0.237257 
2250.000000 0.236945 
2251.000000 0.236634 
2252.000000 0.236323 
2253.000000 0.236011 
2254.000000 0.235701 
2255.000000 0.235390 
2256.000000 0.235080 
2257.000000 0.234770 
2258.000000 0.234460 
2259.000000 0.234150 
2260.000000 0.233841 
2261.000000 0.233531 
2262.000000 0.233223 
2263.000000 0.232914 
2264.000000 0.232605 
2265.000000 0.232297 
2266.000000 0.231989 
2267.000000 0.231682 
2268.000000 0.231374 
2269.000000 0.231067 
2270.000000 0.230760 
2271.000000 0.230453 
2272.000000 0.230147 
2273.000000 0.229840 
2274.000000 0.229534 
2275.000000 0.229229 
2276.000000 0.228923 
2277.000000 0.228618 
2278.000000 0.228313 
2279.000000 0.228008 
2280.000000 0.227703 
2281.000000 0.227399 
2282.000000 0.227095 
2283.000000 0.226791 
2284.000000 0.226487 
2285.000000 0.226184 
2286.000000 0.225881 
2287.000000 0.225578 
2288.000000 0.225275 
2289.000000 0.224973 
2290.000000 0.224671 
2291.000000 0.224369 
2292.000000 0.224067 
2293.000000 0.223766 
2294.000000 0.223465 
2295.000000 0.223164 
2296.000000 0.222863 
2297.000000 0.222562 
2298.000000 0.222262 
2299.000000 0.221962 
2300.000000 0.221663 
2301.000000 0.221363 
2302.000000 0.221064 
2303.000000 0.220765 
2304.000000 0.220466 
2305.000000 0.220168 
2306.000000 0.219869 
2307.000000 0.219571 
2308.000000 0.219273 
2309.000000 0.218976 
2310.000000 0.218679 
2311.000000 0.218382 
2312.000000 0.218085 
2313.000000 0.217788 
2314.000000 0.217492 
2315.000000 0.217196 
2316.000000 0.216900 
2317.000000 0.216604 
2318.000000 0.216309 
2319.000000 0.216014 
2320.000000 0.215719 
2321.000000 0.215424 
2322.000000 0.215130 
2323.000000 0.214836 
2324.000000 0.214542 
2325.000000 0.214248 
2326.000000 0.213955 
2327.000000 0.213662 
2328.000000 0.213369 
2329.000000 0.213076 
2330.000000 0.212784 
2331.000000 0.212491 
2332.000000 0.212199 
2333.000000 0.211908 
2334.000000 0.211616 
2335.000000 0.211325 
2336.000000 0.211034 
2337.000000 0.210743 
2338.000000 0.210453 
2339.000000 0.210163 
2340.000000 0.209873 
2341.000000 0.209583 
2342.000000 0.209293 
2343.000000 0.209004 
2344.000000 0.208715 
2345.000000 0.208426 
2346.000000 0.208138 
2347.000000 0.207849 
2348.000000 0.207561 
2349.000000 0.207273 
2350.000000 0.206986 
2351.000000 0.206699 
2352.000000 0.206412 
2353.000000 0.206125 
2354.000000 0.205838 
2355.000000 0.205552 
2356.000000 0.205266 
2357.000000 0.204980 
2358.000000 0.204694 
2359.000000 0.204409 
2360.000000 0.204124 
2361.000000 0.203839 
2362.000000 0.203554 
2363.000000 0.203270 
2364.000000 0.202986 
2365.000000 0.202702 
2366.000000 0.202418 
2367.000000 0.202135 
2368.000000 0.201852 
2369.000000 0.201569 
2370.000000 0.201286 
2371.000000 0.201003 
2372.000000 0.200721 
2373.000000 0.200439 
2374.000000 0.200158 
2375.000000 0.199876 
2376.000000 0.199595 
2377.000000 0.199314 
2378.000000 0.199033 
2379.000000 0.198753 
2380.000000 0.198473 
2381.000000 0.198193 
2382.000000 0.197913 
2383.000000 0.197633 
2384.000000 0.197354 
2385.000000 0.197075 
2386.000000 0.196796 
2387.000000 0.196518 
2388.000000 0.196239 
2389.000000 0.195961 
2390.000000 0.195684 
2391.000000 0.195406 
2392.000000 0.195129 
2393.000000 0.194852 
2394.000000 0.194575 
2395.000000 0.194298 
2396.000000 0.194022 
2397.000000 0.193746 
2398.000000 0.193470 
2399.000000 0.193194 
2400.000000 0.192919 
2401.000000 0.192644 
2402.000000 0.192369 
2403.000000 0.192094 
2404.000000 0.191820 
2405.000000 0.191546 
2406.000000 0.191272 
2407.000000 0.190998 
2408.000000 0.190725 
2409.000000 0.190452 
2410.000000 0.190179 
2411.000000 0.189906 
2412.000000 0.189634 
2413.000000 0.189362 
2414.000000 0.189090 
2415.000000 0.188818 
2416.000000 0.188546 
2417.000000 0.188275 
2418.000000 0.188004 
2419.000000 0.187734 
2420.000000 0.187463 
2421.000000 0.187193 
2422.000000 0.186923 
2423.000000 0.186653 
2424.000000 0.186384 
2425.000000 0.186114 
2426.000000 0.185845 
2427.000000 0.185576 
2428.000000 0.185308 
2429.000000 0.185040 
2430.000000 0.184772 
2431.000000 0.184504 
2432.000000 0.184236 
2433.000000 0.183969 
2434.000000 0.183702 
2435.000000 0.183435 
2436.000000 0.183168 
2437.000000 0.182902 
2438.000000 0.182636 
2439.000000 0.182370 
2440.000000 0.182105 
2441.000000 0.181839 
2442.000000 0.181574 
2443.000000 0.181309 
2444.000000 0.181045 
2445.000000 0.180780 
2446.000000 0.180516 
2447.000000 0.180252 
2448.000000 0.179988 
2449.000000 0.179725 
2450.000000 0.179462 
2451.000000 0.179199 
2452.000000 0.178936 
2453.000000 0.178674 
2454.000000 0.178412 
2455.000000 0.178150 
2456.000000 0.177888 
2457.000000 0.177626 
2458.000000 0.177365 
2459.000000 0.177104 
2460.000000 0.176844 
2461.000000 0.176583 
2462.000000 0.176323 
2463.000000 0.176063 
2464.000000 0.175803 
2465.000000 0.175543 
2466.000000 0.175284 
2467.000000 0.175025 
2468.000000 0.174766 
2469.000000 0.174508 
2470.000000 0.174249 
2471.000000 0.173991 
2472.000000 0.173734 
2473.000000 0.173476 
2474.000000 0.173219 
2475.000000 0.172962 
2476.000000 0.172705 
2477.000000 0.172448 
2478.000000 0.172192 
2479.000000 0.171936 
2480.000000 0.171680 
2481.000000 0.171424 
2482.000000 0.171169 
2483.000000 0.170914 
2484.000000 0.170659 
2485.000000 0.170404 
2486.000000 0.170150 
2487.000000 0.169895 
2488.000000 0.169641 
2489.000000 0.169388 
2490.000000 0.169134 
2491.000000 0.168881 
2492.000000 0.168628 
2493.000000 0.168375 
2494.000000 0.168123 
2495.000000 0.167871 
2496.000000 0.167619 
2497.000000 0.167367 
2498.000000 0.167115 
2499.000000 0.166864 
2500.000000 0.166613 
2501.000000 0.166362 
2502.000000 0.166112 
2503.000000 0.165861 
2504.000000 0.165611 
2505.000000 0.165361 
2506.000000 0.165112 
2507.000000 0.164863 
2508.000000 0.164613 
2509.000000 0.164365 
2510.000000 0.164116 
2511.000000 0.163868 
2512.000000 0.163619 
2513.000000 0.163372 
2514.000000 0.163124 
2515.000000 0.162877 
2516.000000 0.162629 
2517.000000 0.162382 
2518.000000 0.162136 
2519.000000 0.161889 
2520.000000 0.161643 
2521.000000 0.161397 
2522.000000 0.161152 
2523.000000 0.160906 
2524.000000 0.160661 
2525.000000 0.160416 
2526.000000 0.160171 
2527.000000 0.159927 
2528.000000 0.159682 
2529.000000 0.159438 
2530.000000 0.159195 
2531.000000 0.158951 
2532.000000 0.158708 
2533.000000 0.158465 
2534.000000 0.158222 
2535.000000 0.157979 
2536.000000 0.157737 
2537.000000 0.157495 
2538.000000 0.157253 
2539.000000 0.157011 
2540.000000 0.156770 
2541.000000 0.156529 
2542.000000 0.156288 
2543.000000 0.156047 
2544.000000 0.155807 
2545.000000 0.155567 
2546.000000 0.155327 
2547.000000 0.155087 
2548.000000 0.154848 
2549.000000 0.154608 
2550.000000 0.154369 
2551.000000 0.154131 
2552.000000 0.153892 
2553.000000 0.153654 
2554.000000 0.153416 
2555.000000 0.153178 
2556.000000 0.152941 
2557.000000 0.152703 
2558.000000 0.152466 
2559.000000 0.152230 
2560.000000 0.151993 
2561.000000 0.151757 
2562.000000 0.151521 
2563.000000 0.151285 
2564.000000 0.151049 
2565.000000 0.150814 
2566.000000 0.150579 
2567.000000 0.150344 
2568.000000 0.150109 
2569.000000 0.149875 
2570.000000 0.149641 
2571.000000 0.149407 
2572.000000 0.149173 
2573.000000 0.148940 
2574.000000 0.148706 
2575.000000 0.148473 
2576.000000 0.148241 
2577.000000 0.148008 
2578.000000 0.147776 
2579.000000 0.147544 
2580.000000 0.147312 
2581.000000 0.147080 
2582.000000 0.146849 
2583.000000 0.146618 
2584.000000 0.146387 
2585.000000 0.146157 
2586.000000 0.145926 
2587.000000 0.145696 
2588.000000 0.145466 
2589.000000 0.145237 
2590.000000 0.145007 
2591.000000 0.144778 
2592.000000 0.144549 
2593.000000 0.144321 
2594.000000 0.144092 
2595.000000 0.143864 
2596.000000 0.143636 
2597.000000 0.143408 
2598.000000 0.143181 
2599.000000 0.142954 
2600.000000 0.142726 
2601.000000 0.142500 
2602.000000 0.142273 
2603.000000 0.142047 
2604.000000 0.141821 
2605.000000 0.141595 
2606.000000 0.141369 
2607.000000 0.141144 
2608.000000 0.140919 
2609.000000 0.140694 
2610.000000 0.140469 
2611.000000 0.140245 
2612.000000 0.140021 
2613.000000 0.139797 
2614.000000 0.139573 
2615.000000 0.139350 
2616.000000 0.139126 
2617.000000 0.138903 
2618.000000 0.138681 
2619.000000 0.138458 
2620.000000 0.138236 
2621.000000 0.138014 
2622.000000 0.137792 
2623.000000 0.137570 
2624.000000 0.137349 
2625.000000 0.137128 
2626.000000 0.136907 
2627.000000 0.136686 
2628.000000 0.136466 
2629.000000 0.136246 
2630.000000 0.136026 
2631.000000 0.135806 
2632.000000 0.135587 
2633.000000 0.135368 
2634.000000 0.135149 
2635.000000 0.134930 
2636.000000 0.134711 
2637.000000 0.134493 
2638.000000 0.134275 
2639.000000 0.134057 
2640.000000 0.133840 
2641.000000 0.133622 
2642.000000 0.133405 
2643.000000 0.133188 
2644.000000 0.132972 
2645.000000 0.132755 
2646.000000 0.132539 
2647.000000 0.132323 
2648.000000 0.132107 
2649.000000 0.131892 
2650.000000 0.131677 
2651.000000 0.131462 
2652.000000 0.131247 
2653.000000 0.131032 
2654.000000 0.130818 
2655.000000 0.130604 
2656.000000 0.130390 
2657.000000 0.130176 
2658.000000 0.129963 
2659.000000 0.129750 
2660.000000 0.129537 
2661.000000 0.129324 
2662.000000 0.129112 
2663.000000 0.128900 
2664.000000 0.128688 
2665.000000 0.128476 
2666.000000 0.128265 
2667.000000 0.128053 
2668.000000 0.127842 
2669.000000 0.127631 
2670.000000 0.127421 
2671.000000 0.127210 
2672.000000 0.127000 
2673.000000 0.126790 
2674.000000 0.126581 
2675.000000 0.126371 
2676.000000 0.126162 
2677.000000 0.125953 
2678.000000 0.125744 
2679.000000 0.125536 
2680.000000 0.125328 
2681.000000 0.125120 
2682.000000 0.124912 
2683.000000 0.124704 
2684.000000 0.124497 
2685.000000 0.124290 
2686.000000 0.124083 
2687.000000 0.123876 
2688.000000 0.123670 
2689.000000 0.123464 
2690.000000 0.123258 
2691.000000 0.123052 
2692.000000 0.122847 
2693.000000 0.122641 
2694.000000 0.122436 
2695.000000 0.122231 
2696.000000 0.122027 
2697.000000 0.121823 
2698.000000 0.121618 
2699.000000 0.121415 
2700.000000 0.121211 
2701.000000 0.121007 
2702.000000 0.120804 
2703.000000 0.120601 
2704.000000 0.120399 
2705.000000 0.120196 
2706.000000 0.119994 
2707.000000 0.119792 
2708.000000 0.119590 
2709.000000 0.119388 
2710.000000 0.119187 
2711.000000 0.118986 
2712.000000 0.118785 
2713.000000 0.118584 
2714.000000 0.118384 
2715.000000 0.118184 
2716.000000 0.117984 
2717.000000 0.117784 
2718.000000 0.117584 
2719.000000 0.117385 
2720.000000 0.117186 
2721.000000 0.116987 
2722.000000 0.116788 
2723.000000 0.116590 
2724.000000 0.116392 
2725.000000 0.116194 
2726.000000 0.115996 
2727.000000 0.115799 
2728.000000 0.115601 
2729.000000 0.115404 
2730.000000 0.115208 
2731.000000 0.115011 
2732.000000 0.114815 
2733.000000 0.114619 
2734.000000 0.114423 
2735.000000 0.114227 
2736.000000 0.114031 
2737.000000 0.113836 
2738.000000 0.113641 
2739.000000 0.113447 
2740.000000 0.113252 
2741.000000 0.113058 
2742.000000 0.112864 
2743.000000 0.112670 
2744.000000 0.112476 
2745.000000 0.112283 
2746.000000 0.112089 
2747.000000 0.111896 
2748.000000 0.111704 
2749.000000 0.111511 
2750.000000 0.111319 
2751.000000 0.111127 
2752.000000 0.110935 
2753.000000 0.110743 
2754.000000 0.110552 
2755.000000 0.110361 
2756.000000 0.110170 
2757.000000 0.109979 
2758.000000 0.109789 
2759.000000 0.109598 
2760.000000 0.109408 
2761.000000 0.109219 
2762.000000 0.109029 
2763.000000 0.108840 
2764.000000 0.108651 
2765.000000 0.108462 
2766.000000 0.108273 
2767.000000 0.108084 
2768.000000 0.107896 
2769.000000 0.107708 
2770.000000 0.107520 
2771.000000 0.107333 
2772.000000 0.107145 
2773.000000 0.106958 
2774.000000 0.106771 
2775.000000 0.106585 
2776.000000 0.106398 
2777.000000 0.106212 
2778.000000 0.106026 
2779.000000 0.105840 
2780.000000 0.105654 
2781.000000 0.105469 
2782.000000 0.105284 
2783.000000 0.105099 
2784.000000 0.104914 
2785.000000 0.104730 
2786.000000 0.104546 
2787.000000 0.104362 
2788.000000 0.104178 
2789.000000 0.103994 
2790.000000 0.103811 
2791.000000 0.103628 
2792.000000 0.103445 
2793.000000 0.103262 
2794.000000 0.103080 
2795.000000 0.102897 
2796.000000 0.102715 
2797.000000 0.102533 
2798.000000 0.102352 
2799.000000 0.102170 
2800.000000 0.101989 
2801.000000 0.101808 
2802.000000 0.101627 
2803.000000 0.101447 
2804.000000 0.101267 
2805.000000 0.101087 
2806.000000 0.100907 
2807.000000 0.100727 
2808.000000 0.100548 
2809.000000 0.100368 
2810.000000 0.100190 
2811.000000 0.100011 
2812.000000 0.099832 
2813.000000 0.099654 
2814.000000 0.099476 
2815.000000 0.099298 
2816.000000 0.099120 
2817.000000 0.098943 
2818.000000 0.098765 
2819.000000 0.098588 
2820.000000 0.098412 
2821.000000 0.098235 
2822.000000 0.098059 
2823.000000 0.097883 
2824.000000 0.097707 
2825.000000 0.097531 
2826.000000 0.097355 
2827.000000 0.097180 
2828.000000 0.097005 
2829.000000 0.096830 
2830.000000 0.096656 
2831.000000 0.096481 
2832.000000 0.096307 
2833.000000 0.096133 
2834.000000 0.095959 
2835.000000 0.095786 
2836.000000 0.095612 
2837.000000 0.095439 
2838.000000 0.095266 
2839.000000 0.095093 
2840.000000 0.094921 
2841.000000 0.094749 
2842.000000 0.094577 
2843.000000 0.094405 
2844.000000 0.094233 
2845.000000 0.094062 
2846.000000 0.093891 
2847.000000 0.093720 
2848.000000 0.093549 
2849.000000 0.093378 
2850.000000 0.093208 
2851.000000 0.093038 
2852.000000 0.092868 
2853.000000 0.092698 
2854.000000 0.092529 
2855.000000 0.092359 
2856.000000 0.092190 
2857.000000 0.092021 
2858.000000 0.091853 
2859.000000 0.091684 
2860.000000 0.091516 
2861.000000 0.091348 
2862.000000 0.091180 
2863.000000 0.091013 
2864.000000 0.090845 
2865.000000 0.090678 
2866.000000 0.090511 
2867.000000 0.090345 
2868.000000 0.090178 
2869.000000 0.090012 
2870.000000 0.089846 
2871.000000 0.089680 
2872.000000 0.089514 
2873.000000 0.089349 
2874.000000 0.089183 
2875.000000 0.089018 
2876.000000 0.088853 
2877.000000 0.088689 
2878.000000 0.088524 
2879.000000 0.088360 
2880.000000 0.088196 
2881.000000 0.088032 
2882.000000 0.087869 
2883.000000 0.087705 
2884.000000 0.087542 
2885.000000 0.087379 
2886.000000 0.087217 
2887.000000 0.087054 
2888.000000 0.086892 
2889.000000 0.086730 
2890.000000 0.086568 
2891.000000 0.086406 
2892.000000 0.086244 
2893.000000 0.086083 
2894.000000 0.085922 
2895.000000 0.085761 
2896.000000 0.085601 
2897.000000 0.085440 
2898.000000 0.085280 
2899.000000 0.085120 
2900.000000 0.084960 
2901.000000 0.084800 
2902.000000 0.084641 
2903.000000 0.084482 
2904.000000 0.084323 
2905.000000 0.084164 
2906.000000 0.084005 
2907.000000 0.083847 
2908.000000 0.083689 
2909.000000 0.083531 
2910.000000 0.083373 
2911.000000 0.083216 
2912.000000 0.083058 
2913.000000 0.082901 
2914.000000 0.082744 
2915.000000 0.082588 
2916.000000 0.082431 
2917.000000 0.082275 
2918.000000 0.082119 
2919.000000 0.081963 
2920.000000 0.081807 
2921.000000 0.081652 
2922.000000 0.081496 
2923.000000 0.081341 
2924.000000 0.081186 
2925.000000 0.081032 
2926.000000 0.080877 
2927.000000 0.080723 
2928.000000 0.080569 
2929.000000 0.080415 
2930.000000 0.080261 
2931.000000 0.080108 
2932.000000 0.079955 
2933.000000 0.079802 
2934.000000 0.079649 
2935.000000 0.079496 
2936.000000 0.079344 
2937.000000 0.079191 
2938.000000 0.079039 
2939.000000 0.078888 
2940.000000 0.078736 
2941.000000 0.078585 
2942.000000 0.078433 
2943.000000 0.078282 
2944.000000 0.078131 
2945.000000 0.077981 
2946.000000 0.077830 
2947.000000 0.077680 
2948.000000 0.077530 
2949.000000 0.077380 
2950.000000 0.077231 
2951.000000 0.077081 
2952.000000 0.076932 
2953.000000 0.076783 
2954.000000 0.076634 
2955.000000 0.076486 
2956.000000 0.076337 
2957.000000 0.076189 
2958.000000 0.076041 
2959.000000 0.075893 
2960.000000 0.075746 
2961.000000 0.075598 
2962.000000 0.075451 
2963.000000 0.075304 
2964.000000 0.075157 
2965.000000 0.075011 
2966.000000 0.074864 
2967.000000 0.074718 
2968.000000 0.074572 
2969.000000 0.074426 
2970.000000 0.074281 
2971.000000 0.074135 
2972.000000 0.073990 
2973.000000 0.073845 
2974.000000 0.073700 
2975.000000 0.073556 
2976.000000 0.073411 
2977.000000 0.073267 
2978.000000 0.073123 
2979.000000 0.072979 
2980.000000 0.072836 
2981.000000 0.072692 
2982.000000 0.072549 
2983.000000 0.072406 
2984.000000 0.072263 
2985.000000 0.072121 
2986.000000 0.071978 
2987.000000 0.071836 
2988.000000 0.071694 
2989.000000 0.071552 
2990.000000 0.071410 
2991.000000 0.071269 
2992.000000 0.071128 
2993.000000 0.070986 
2994.000000 0.070846 
2995.000000 0.070705 
2996.000000 0.070564 
2997.000000 0.070424 
2998.000000 0.070284 
2999.000000 0.070144 
3000.000000 0.070004 
3001.000000 0.069865 
3002.000000 0.069726 
3003.000000 0.069586 
3004.000000 0.069448 
3005.000000 0.069309 
3006.000000 0.069170 
3007.000000 0.069032 
3008.000000 0.068894 
3009.000000 0.068756 
3010.000000 0.068618 
3011.000000 0.068480 
3012.000000 0.068343 
3013.000000 0.068206 
3014.000000 0.068069 
3015.000000 0.067932 
3016.000000 0.067795 
3017.000000 0.067659 
3018.000000 0.067523 
3019.000000 0.067387 
3020.000000 0.067251 
3021.000000 0.067115 
3022.000000 0.066980 
3023.000000 0.066844 
3024.000000 0.066709 
3025.000000 0.066574 
3026.000000 0.066440 
3027.000000 0.066305 
3028.000000 0.066171 
3029.000000 0.066037 
3030.000000 0.065903 
3031.000000 0.065769 
3032.000000 0.065635 
3033.000000 0.065502 
3034.000000 0.065369 
3035.000000 0.065236 
3036.000000 0.065103 
3037.000000 0.064970 
3038.000000 0.064838 
3039.000000 0.064706 
3040.000000 0.064573 
3041.000000 0.064442 
3042.000000 0.064310 
3043.000000 0.064178 
3044.000000 0.064047 
3045.000000 0.063916 
3046.000000 0.063785 
3047.000000 0.063654 
3048.000000 0.063524 
3049.000000 0.063393 
3050.000000 0.063263 
3051.000000 0.063133 
3052.000000 0.063003 
3053.000000 0.062874 
3054.000000 0.062744 
3055.000000 0.062615 
3056.000000 0.062486 
3057.000000 0.062357 
3058.000000 0.062228 
3059.000000 0.062100 
3060.000000 0.061971 
3061.000000 0.061843 
3062.000000 0.061715 
3063.000000 0.061587 
3064.000000 0.061460 
3065.000000 0.061332 
3066.000000 0.061205 
3067.000000 0.061078 
3068.000000 0.060951 
3069.000000 0.060825 
3070.000000 0.060698 
3071.000000 0.060572 
3072.000000 0.060446 
3073.000000 0.060320 
3074.000000 0.060194 
3075.000000 0.060068 
3076.000000 0.059943 
3077.000000 0.059818 
3078.000000 0.059693 
3079.000000 0.059568 
3080.000000 0.059443 
3081.000000 0.059319 
3082.000000 0.059194 
3083.000000 0.059070 
3084.000000 0.058946 
3085.000000 0.058822 
3086.000000 0.058699 
3087.000000 0.058575 
3088.000000 0.058452 
3089.000000 0.058329 
3090.000000 0.058206 
3091.000000 0.058084 
3092.000000 0.057961 
3093.000000 0.057839 
3094.000000 0.057717 
3095.000000 0.057595 
3096.000000 0.057473 
3097.000000 0.057351 
3098.000000 0.057230 
3099.000000 0.057109 
3100.000000 0.056987 
3101.000000 0.056867 
3102.000000 0.056746 
3103.000000 0.056625 
3104.000000 0.056505 
3105.000000 0.056385 
3106.000000 0.056265 
3107.000000 0.056145 
3108.000000 0.056025 
3109.000000 0.055906 
3110.000000 0.055787 
3111.000000 0.055667 
3112.000000 0.055548 
3113.000000 0.055430 
3114.000000 0.055311 
3115.000000 0.055193 
3116.000000 0.055074 
3117.000000 0.054956 
3118.000000 0.054839 
3119.000000 0.054721 
3120.000000 0.054603 
3121.000000 0.054486 
3122.000000 0.054369 
3123.000000 0.054252 
3124.000000 0.054135 
3125.000000 0.054018 
3126.000000 0.053902 
3127.000000 0.053785 
3128.000000 0.053669 
3129.000000 0.053553 
3130.000000 0.053438 
3131.000000 0.053322 
3132.000000 0.053207 
3133.000000 0.053091 
3134.000000 0.052976 
3135.000000 0.052861 
3136.000000 0.052747 
3137.000000 0.052632 
3138.000000 0.052518 
3139.000000 0.052403 
3140.000000 0.052289 
3141.000000 0.052176 
3142.000000 0.052062 
3143.000000 0.051948 
3144.000000 0.051835 
3145.000000 0.051722 
3146.000000 0.051609 
3147.000000 0.051496 
3148.000000 0.051383 
3149.000000 0.051271 
3150.000000 0.051158 
3151.000000 0.051046 
3152.000000 0.050934 
3153.000000 0.050822 
3154.000000 0.050711 
3155.000000 0.050599 
3156.000000 0.050488 
3157.000000 0.050377 
3158.000000 0.050266 
3159.000000 0.050155 
3160.000000 0.050045 
3161.000000 0.049934 
3162.000000 0.049824 
3163.000000 0.049714 
3164.000000 0.049604 
3165.000000 0.049494 
3166.000000 0.049384 
3167.000000 0.049275 
3168.000000 0.049166 
3169.000000 0.049057 
3170.000000 0.048948 
3171.000000 0.048839 
3172.000000 0.048730 
3173.000000 0.048622 
3174.000000 0.048514 
3175.000000 0.048406 
3176.000000 0.048298 
3177.000000 0.048190 
3178.000000 0.048082 
3179.000000 0.047975 
3180.000000 0.047868 
3181.000000 0.047761 
3182.000000 0.047654 
3183.000000 0.047547 
3184.000000 0.047440 
3185.000000 0.047334 
3186.000000 0.047228 
3187.000000 0.047122 
3188.000000 0.047016 
3189.000000 0.046910 
3190.000000 0.046804 
3191.000000 0.046699 
3192.000000 0.046594 
3193.000000 0.046489 
3194.000000 0.046384 
3195.000000 0.046279 
3196.000000 0.046174 
3197.000000 0.046070 
3198.000000 0.045966 
3199.000000 0.045862 
3200.000000 0.045758 
3201.000000 0.045654 
3202.000000 0.045550 
3203.000000 0.045447 
3204.000000 0.045344 
3205.000000 0.045240 
3206.000000 0.045138 
3207.000000 0.045035 
3208.000000 0.044932 
3209.000000 0.044830 
3210.000000 0.044727 
3211.000000 0.044625 
3212.000000 0.044523 
3213.000000 0.044421 
3214.000000 0.044320 
3215.000000 0.044218 
3216.000000 0.044117 
3217.000000 0.044016 
3218.000000 0.043915 
3219.000000 0.043814 
3220.000000 0.043713 
3221.000000 0.043613 
3222.000000 0.043512 
3223.000000 0.043412 
3224.000000 0.043312 
3225.000000 0.043212 
3226.000000 0.043112 
3227.000000 0.043013 
3228.000000 0.042914 
3229.000000 0.042814 
3230.000000 0.042715 
3231.000000 0.042616 
3232.000000 0.042518 
3233.000000 0.042419 
3234.000000 0.042320 
3235.000000 0.042222 
3236.000000 0.042124 
3237.000000 0.042026 
3238.000000 0.041928 
3239.000000 0.041831 
3240.000000 0.041733 
3241.000000 0.041636 
3242.000000 0.041539 
3243.000000 0.041442 
3244.000000 0.041345 
3245.000000 0.041248 
3246.000000 0.041151 
3247.000000 0.041055 
3248.000000 0.040959 
3249.000000 0.040863 
3250.000000 0.040767 
3251.000000 0.040671 
3252.000000 0.040575 
3253.000000 0.040480 
3254.000000 0.040385 
3255.000000 0.040289 
3256.000000 0.040194 
3257.000000 0.040100 
3258.000000 0.040005 
3259.000000 0.039910 
3260.000000 0.039816 
3261.000000 0.039722 
3262.000000 0.039628 
3263.000000 0.039534 
3264.000000 0.039440 
3265.000000 0.039346 
3266.000000 0.039253 
3267.000000 0.039160 
3268.000000 0.039066 
3269.000000 0.038973 
3270.000000 0.038881 
3271.000000 0.038788 
3272.000000 0.038695 
3273.000000 0.038603 
3274.000000 0.038511 
3275.000000 0.038419 
3276.000000 0.038327 
3277.000000 0.038235 
3278.000000 0.038143 
3279.000000 0.038052 
3280.000000 0.037960 
3281.000000 0.037869 
3282.000000 0.037778 
3283.000000 0.037687 
3284.000000 0.037597 
3285.000000 0.037506 
3286.000000 0.037416 
3287.000000 0.037325 
3288.000000 0.037235 
3289.000000 0.037145 
3290.000000 0.037055 
3291.000000 0.036966 
3292.000000 0.036876 
3293.000000 0.036787 
3294.000000 0.036697 
3295.000000 0.036608 
3296.000000 0.036519 
3297.000000 0.036431 
3298.000000 0.036342 
3299.000000 0.036254 
3300.000000 0.036165 
3301.000000 0.036077 
3302.000000 0.035989 
3303.000000 0.035901 
3304.000000 0.035813 
3305.000000 0.035726 
3306.000000 0.035638 
3307.000000 0.035551 
3308.000000 0.035464 
3309.000000 0.035377 
3310.000000 0.035290 
3311.000000 0.035203 
3312.000000 0.035116 
3313.000000 0.035030 
3314.000000 0.034944 
3315.000000 0.034858 
3316.000000 0.034772 
3317.000000 0.034686 
3318.000000 0.034600 
3319.000000 0.034514 
3320.000000 0.034429 
3321.000000 0.034344 
3322.000000 0.034258 
3323.000000 0.034173 
3324.000000 0.034089 
3325.000000 0.034004 
3326.000000 0.033919 
3327.000000 0.033835 
3328.000000 0.033751 
3329.000000 0.033667 
3330.000000 0.033583 
3331.000000 0.033499 
3332.000000 0.033415 
3333.000000 0.033331 
3334.000000 0.033248 
3335.000000 0.033165 
3336.000000 0.033082 
3337.000000 0.032999 
3338.000000 0.032916 
3339.000000 0.032833 
3340.000000 0.032750 
3341.000000 0.032668 
3342.000000 0.032586 
3343.000000 0.032504 
3344.000000 0.032422 
3345.000000 0.032340 
3346.000000 0.032258 
3347.000000 0.032176 
3348.000000 0.032095 
3349.000000 0.032014 
3350.000000 0.031932 
3351.000000 0.031851 
3352.000000 0.031771 
3353.000000 0.031690 
3354.000000 0.031609 
3355.000000 0.031529 
3356.000000 0.031448 
3357.000000 0.031368 
3358.000000 0.031288 
3359.000000 0.031208 
3360.000000 0.031129 
3361.000000 0.031049 
3362.000000 0.030969 
3363.000000 0.030890 
3364.000000 0.030811 
3365.000000 0.030732 
3366.000000 0.030653 
3367.000000 0.030574 
3368.000000 0.030495 
3369.000000 0.030417 
3370.000000 0.030338 
3371.000000 0.030260 
3372.000000 0.030182 
3373.000000 0.030104 
3374.000000 0.030026 
3375.000000 0.029949 
3376.000000 0.029871 
3377.000000 0.029794 
3378.000000 0.029716 
3379.000000 0.029639 
3380.000000 0.029562 
3381.000000 0.029485 
3382.000000 0.029408 
3383.000000 0.029332 
3384.000000 0.029255 
3385.000000 0.029179 
3386.000000 0.029103 
3387.000000 0.029027 
3388.000000 0.028951 
3389.000000 0.028875 
3390.000000 0.028799 
3391.000000 0.028724 
3392.000000 0.028648 
3393.000000 0.028573 
3394.000000 0.028498 
3395.000000 0.028423 
3396.000000 0.028348 
3397.000000 0.028273 
3398.000000 0.028199 
3399.000000 0.028124 
3400.000000 0.028050 
3401.000000 0.027976 
3402.000000 0.027902 
3403.000000 0.027828 
3404.000000 0.027754 
3405.000000 0.027680 
3406.000000 0.027607 
3407.000000 0.027533 
3408.000000 0.027460 
3409.000000 0.027387 
3410.000000 0.027314 
3411.000000 0.027241 
3412.000000 0.027168 
3413.000000 0.027096 
3414.000000 0.027023 
3415.000000 0.026951 
3416.000000 0.026878 
3417.000000 0.026806 
3418.000000 0.026734 
3419.000000 0.026663 
3420.000000 0.026591 
3421.000000 0.026519 
3422.000000 0.026448 
3423.000000 0.026377 
3424.000000 0.026305 
3425.000000 0.026234 
3426.000000 0.026163 
3427.000000 0.026093 
3428.000000 0.026022 
3429.000000 0.025951 
3430.000000 0.025881 
3431.000000 0.025811 
3432.000000 0.025741 
3433.000000 0.025671 
3434.000000 0.025601 
3435.000000 0.025531 
3436.000000 0.025461 
3437.000000 0.025392 
3438.000000 0.025322 
3439.000000 0.025253 
3440.000000 0.025184 
3441.000000 0.025115 
3442.000000 0.025046 
3443.000000 0.024978 
3444.000000 0.024909 
3445.000000 0.024840 
3446.000000 0.024772 
3447.000000 0.024704 
3448.000000 0.024636 
3449.000000 0.024568 
3450.000000 0.024500 
3451.000000 0.024432 
3452.000000 0.024365 
3453.000000 0.024297 
3454.000000 0.024230 
3455.000000 0.024163 
3456.000000 0.024095 
3457.000000 0.024028 
3458.000000 0.023962 
3459.000000 0.023895 
3460.000000 0.023828 
3461.000000 0.023762 
3462.000000 0.023695 
3463.000000 0.023629 
3464.000000 0.023563 
3465.000000 0.023497 
3466.000000 0.023431 
3467.000000 0.023366 
3468.000000 0.023300 
3469.000000 0.023234 
3470.000000 0.023169 
3471.000000 0.023104 
3472.000000 0.023039 
3473.000000 0.022974 
3474.000000 0.022909 
3475.000000 0.022844 
3476.000000 0.022780 
3477.000000 0.022715 
3478.000000 0.022651 
3479.000000 0.022586 
3480.000000 0.022522 
3481.000000 0.022458 
3482.000000 0.022394 
3483.000000 0.022331 
3484.000000 0.022267 
3485.000000 0.022203 
3486.000000 0.022140 
3487.000000 0.022077 
3488.000000 0.022013 
3489.000000 0.021950 
3490.000000 0.021887 
3491.000000 0.021825 
3492.000000 0.021762 
3493.000000 0.021699 
3494.000000 0.021637 
3495.000000 0.021575 
3496.000000 0.021512 
3497.000000 0.021450 
3498.000000 0.021388 
3499.000000 0.021326 
3500.000000 0.021265 
3501.000000 0.021203 
3502.000000 0.021142 
3503.000000 0.021080 
3504.000000 0.021019 
3505.000000 0.020958 
3506.000000 0.020897 
3507.000000 0.020836 
3508.000000 0.020775 
3509.000000 0.020714 
3510.000000 0.020654 
3511.000000 0.020593 
3512.000000 0.020533 
3513.000000 0.020473 
3514.000000 0.020413 
3515.000000 0.020353 
3516.000000 0.020293 
3517.000000 0.020233 
3518.000000 0.020174 
3519.000000 0.020114 
3520.000000 0.020055 
3521.000000 0.019995 
3522.000000 0.019936 
3523.000000 0.019877 
3524.000000 0.019818 
3525.000000 0.019759 
3526.000000 0.019701 
3527.000000 0.019642 
3528.000000 0.019584 
3529.000000 0.019525 
3530.000000 0.019467 
3531.000000 0.019409 
3532.000000 0.019351 
3533.000000 0.019293 
3534.000000 0.019235 
3535.000000 0.019177 
3536.000000 0.019120 
3537.000000 0.019062 
3538.000000 0.019005 
3539.000000 0.018948 
3540.000000 0.018891 
3541.000000 0.018834 
3542.000000 0.018777 
3543.000000 0.018720 
3544.000000 0.018663 
3545.000000 0.018607 
3546.000000 0.018550 
3547.000000 0.018494 
3548.000000 0.018438 
3549.000000 0.018382 
3550.000000 0.018326 
3551.000000 0.018270 
3552.000000 0.018214 
3553.000000 0.018158 
3554.000000 0.018103 
3555.000000 0.018047 
3556.000000 0.017992 
3557.000000 0.017937 
3558.000000 0.017882 
3559.000000 0.017827 
3560.000000 0.017772 
3561.000000 0.017717 
3562.000000 0.017662 
3563.000000 0.017608 
3564.000000 0.017553 
3565.000000 0.017499 
3566.000000 0.017445 
3567.000000 0.017391 
3568.000000 0.017336 
3569.000000 0.017283 
3570.000000 0.017229 
3571.000000 0.017175 
3572.000000 0.017121 
3573.000000 0.017068 
3574.000000 0.017015 
3575.000000 0.016961 
3576.000000 0.016908 
3577.000000 0.016855 
3578.000000 0.016802 
3579.000000 0.016749 
3580.000000 0.016697 
3581.000000 0.016644 
3582.000000 0.016592 
3583.000000 0.016539 
3584.000000 0.016487 
3585.000000 0.016435 
3586.000000 0.016383 
3587.000000 0.016331 
3588.000000 0.016279 
3589.000000 0.016227 
3590.000000 0.016175 
3591.000000 0.016124 
3592.000000 0.016072 
3593.000000 0.016021 
3594.000000 0.015970 
3595.000000 0.015918 
3596.000000 0.015867 
3597.000000 0.015816 
3598.000000 0.015766 
3599.000000 0.015715 
3600.000000 0.015664 
3601.000000 0.015614 
3602.000000 0.015563 
3603.000000 0.015513 
3604.000000 0.015463 
3605.000000 0.015413 
3606.000000 0.015363 
3607.000000 0.015313 
3608.000000 0.015263 
3609.000000 0.015213 
3610.000000 0.015164 
3611.000000 0.015114 
3612.000000 0.015065 
3613.000000 0.015016 
3614.000000 0.014967 
3615.000000 0.014917 
3616.000000 0.014869 
3617.000000 0.014820 
3618.000000 0.014771 
3619.000000 0.014722 
3620.000000 0.014674 
3621.000000 0.014625 
3622.000000 0.014577 
3623.000000 0.014529 
3624.000000 0.014480 
3625.000000 0.014432 
3626.000000 0.014384 
3627.000000 0.014337 
3628.000000 0.014289 
3629.000000 0.014241 
3630.000000 0.014194 
3631.000000 0.014146 
3632.000000 0.014099 
3633.000000 0.014052 
3634.000000 0.014004 
3635.000000 0.013957 
3636.000000 0.013910 
3637.000000 0.013864 
3638.000000 0.013817 
3639.000000 0.013770 
3640.000000 0.013724 
3641.000000 0.013677 
3642.000000 0.013631 
3643.000000 0.013585 
3644.000000 0.013538 
3645.000000 0.013492 
3646.000000 0.013446 
3647.000000 0.013401 
3648.000000 0.013355 
3649.000000 0.013309 
3650.000000 0.013263 
3651.000000 0.013218 
3652.000000 0.013173 
3653.000000 0.013127 
3654.000000 0.013082 
3655.000000 0.013037 
3656.000000 0.012992 
3657.000000 0.012947 
3658.000000 0.012902 
3659.000000 0.012858 
3660.000000 0.012813 
3661.000000 0.012769 
3662.000000 0.012724 
3663.000000 0.012680 
3664.000000 0.012636 
3665.000000 0.012591 
3666.000000 0.012547 
3667.000000 0.012503 
3668.000000 0.012460 
3669.000000 0.012416 
3670.000000 0.012372 
3671.000000 0.012329 
3672.000000 0.012285 
3673.000000 0.012242 
3674.000000 0.012198 
3675.000000 0.012155 
3676.000000 0.012112 
3677.000000 0.012069 
3678.000000 0.012026 
3679.000000 0.011983 
3680.000000 0.011941 
3681.000000 0.011898 
3682.000000 0.011856 
3683.000000 0.011813 
3684.000000 0.011771 
3685.000000 0.011728 
3686.000000 0.011686 
3687.000000 0.011644 
3688.000000 0.011602 
3689.000000 0.011560 
3690.000000 0.011518 
3691.000000 0.011477 
3692.000000 0.011435 
3693.000000 0.011394 
3694.000000 0.011352 
3695.000000 0.011311 
3696.000000 0.011269 
3697.000000 0.011228 
3698.000000 0.011187 
3699.000000 0.011146 
3700.000000 0.011105 
3701.000000 0.011065 
3702.000000 0.011024 
3703.000000 0.010983 
3704.000000 0.010943 
3705.000000 0.010902 
3706.000000 0.010862 
3707.000000 0.010821 
3708.000000 0.010781 
3709.000000 0.010741 
3710.000000 0.010701 
3711.000000 0.010661 
3712.000000 0.010621 
3713.000000 0.010582 
3714.000000 0.010542 
3715.000000 0.010502 
3716.000000 0.010463 
3717.000000 0.010423 
3718.000000 0.010384 
3719.000000 0.010345 
3720.000000 0.010306 
3721.000000 0.010267 
3722.000000 0.010228 
3723.000000 0.010189 
3724.000000 0.010150 
3725.000000 0.010111 
3726.000000 0.010072 
3727.000000 0.010034 
3728.000000 0.009995 
3729.000000 0.009957 
3730.000000 0.009919 
3731.000000 0.009881 
3732.000000 0.009842 
3733.000000 0.009804 
3734.000000 0.009766 
3735.000000 0.009728 
3736.000000 0.009691 
3737.000000 0.009653 
3738.000000 0.009615 
3739.000000 0.009578 
3740.000000 0.009540 
3741.000000 0.009503 
3742.000000 0.009466 
3743.000000 0.009428 
3744.000000 0.009391 
3745.000000 0.009354 
3746.000000 0.009317 
3747.000000 0.009280 
3748.000000 0.009244 
3749.000000 0.009207 
3750.000000 0.009170 
3751.000000 0.009134 
3752.000000 0.009097 
3753.000000 0.009061 
3754.000000 0.009024 
3755.000000 0.008988 
3756.000000 0.008952 
3757.000000 0.008916 
3758.000000 0.008880 
3759.000000 0.008844 
3760.000000 0.008808 
3761.000000 0.008772 
3762.000000 0.008737 
3763.000000 0.008701 
3764.000000 0.008665 
3765.000000 0.008630 
3766.000000 0.008595 
3767.000000 0.008559 
3768.000000 0.008524 
3769.000000 0.008489 
3770.000000 0.008454 
3771.000000 0.008419 
3772.000000 0.008384 
3773.000000 0.008349 
3774.000000 0.008314 
3775.000000 0.008280 
3776.000000 0.008245 
3777.000000 0.008211 
3778.000000 0.008176 
3779.000000 0.008142 
3780.000000 0.008107 
3781.000000 0.008073 
3782.000000 0.008039 
3783.000000 0.008005 
3784.000000 0.007971 
3785.000000 0.007937 
3786.000000 0.007903 
3787.000000 0.007869 
3788.000000 0.007836 
3789.000000 0.007802 
3790.000000 0.007769 
3791.000000 0.007735 
3792.000000 0.007702 
3793.000000 0.007668 
3794.000000 0.007635 
3795.000000 0.007602 
3796.000000 0.007569 
3797.000000 0.007536 
3798.000000 0.007503 
3799.000000 0.007470 
3800.000000 0.007437 
3801.000000 0.007404 
3802.000000 0.007372 
3803.000000 0.007339 
3804.000000 0.007307 
3805.000000 0.007274 
3806.000000 0.007242 
3807.000000 0.007209 
3808.000000 0.007177 
3809.000000 0.007145 
3810.000000 0.007113 
3811.000000 0.007081 
3812.000000 0.007049 
3813.000000 0.007017 
3814.000000 0.006985 
3815.000000 0.006954 
3816.000000 0.006922 
3817.000000 0.006890 
3818.000000 0.006859 
3819.000000 0.006827 
3820.000000 0.006796 
3821.000000 0.006765 
3822.000000 0.006733 
3823.000000 0.006702 
3824.000000 0.006671 
3825.000000 0.006640 
3826.000000 0.006609 
3827.000000 0.006578 
3828.000000 0.006547 
3829.000000 0.006516 
3830.000000 0.006486 
3831.000000 0.006455 
3832.000000 0.006424 
3833.000000 0.006394 
3834.000000 0.006363 
3835.000000 0.006333 
3836.000000 0.006303 
3837.000000 0.006272 
3838.000000 0.006242 
3839.000000 0.006212 
3840.000000 0.006182 
3841.000000 0.006152 
3842.000000 0.006122 
3843.000000 0.006092 
3844.000000 0.006062 
3845.000000 0.006033 
3846.000000 0.006003 
3847.000000 0.005973 
3848.000000 0.005944 
3849.000000 0.005914 
3850.000000 0.005885 
3851.000000 0.005855 
3852.000000 0.005826 
3853.000000 0.005797 
3854.000000 0.005768 
3855.000000 0.005739 
3856.000000 0.005710 
3857.000000 0.005681 
3858.000000 0.005652 
3859.000000 0.005623 
3860.000000 0.005594 
3861.000000 0.005565 
3862.000000 0.005536 
3863.000000 0.005508 
3864.000000 0.005479 
3865.000000 0.005451 
3866.000000 0.005422 
3867.000000 0.005394 
3868.000000 0.005365 
3869.000000 0.005337 
3870.000000 0.005309 
3871.000000 0.005281 
3872.000000 0.005253 
3873.000000 0.005225 
3874.000000 0.005197 
3875.000000 0.005169 
3876.000000 0.005141 
3877.000000 0.005113 
3878.000000 0.005085 
3879.000000 0.005057 
3880.000000 0.005030 
3881.000000 0.005002 
3882.000000 0.004974 
3883.000000 0.004947 
3884.000000 0.004919 
3885.000000 0.004892 
3886.000000 0.004865 
3887.000000 0.004837 
3888.000000 0.004810 
3889.000000 0.004783 
3890.000000 0.004756 
3891.000000 0.004728 
3892.000000 0.004701 
3893.000000 0.004674 
3894.000000 0.004647 
3895.000000 0.004620 
3896.000000 0.004594 
3897.000000 0.004567 
3898.000000 0.004540 
3899.000000 0.004513 
3900.000000 0.004487 
3901.000000 0.004460 
3902.000000 0.004433 
3903.000000 0.004407 
3904.000000 0.004380 
3905.000000 0.004354 
3906.000000 0.004327 
3907.000000 0.004301 
3908.000000 0.004275 
3909.000000 0.004248 
3910.000000 0.004222 
3911.000000 0.004196 
3912.000000 0.004170 
3913.000000 0.004144 
3914.000000 0.004118 
3915.000000 0.004091 
3916.000000 0.004065 
3917.000000 0.004039 
3918.000000 0.004014 
3919.000000 0.003988 
3920.000000 0.003962 
3921.000000 0.003936 
3922.000000 0.003910 
3923.000000 0.003884 
3924.000000 0.003859 
3925.000000 0.003833 
3926.000000 0.003807 
3927.000000 0.003782 
3928.000000 0.003756 
3929.000000 0.003731 
3930.000000 0.003705 
3931.000000 0.003680 
3932.000000 0.003654 
3933.000000 0.003629 
3934.000000 0.003603 
3935.000000 0.003578 
3936.000000 0.003552 
3937.000000 0.003527 
3938.000000 0.003502 
3939.000000 0.003476 
3940.000000 0.003451 
3941.000000 0.003426 
3942.000000 0.003401 
3943.000000 0.003376 
3944.000000 0.003350 
3945.000000 0.003325 
3946.000000 0.003300 
3947.000000 0.003275 
3948.000000 0.003250 
3949.000000 0.003225 
3950.000000 0.003200 
3951.000000 0.003175 
3952.000000 0.003149 
3953.000000 0.003124 
3954.000000 0.003099 
3955.000000 0.003074 
3956.000000 0.003049 
3957.000000 0.003024 
3958.000000 0.002999 
3959.000000 0.002974 
3960.000000 0.002949 
3961.000000 0.002924 
3962.000000 0.002899 
3963.000000 0.002874 
3964.000000 0.002849 
3965.000000 0.002824 
3966.000000 0.002799 
3967.000000 0.002774 
3968.000000 0.002749 
3969.000000 0.002724 
3970.000000 0.002699 
3971.000000 0.002674 
3972.000000 0.002649 
3973.000000 0.002624 
3974.000000 0.002598 
3975.000000 0.002573 
3976.000000 0.002548 
3977.000000 0.002523 
3978.000000 0.002498 
3979.000000 0.002472 
3980.000000 0.002447 
3981.000000 0.002422 
3982.000000 0.002396 
3983.000000 0.002371 
3984.000000 0.002345 
3985.000000 0.002320 
3986.000000 0.002294 
3987.000000 0.002269 
3988.000000 0.002243 
3989.000000 0.002217 
3990.000000 0.002191 
3991.000000 0.002165 
3992.000000 0.002139 
3993.000000 0.002113 
3994.000000 0.002087 
3995.000000 0.002061 
3996.000000 0.002035 
3997.000000 0.002008 
3998.000000 0.001982 
3999.000000 0.001955 
4000.000000 0.001929 
