0.000000 1.000000 
1.000000 1.000000 
2.000000 0.999996 
3.000000 0.999993 
4.000000 0.999988 
5.000000 0.999982 
6.000000 0.999975 
7.000000 0.999967 
8.000000 0.999957 
9.000000 0.999946 
10.000000 0.999934 
11.000000 0.999921 
12.000000 0.999907 
13.000000 0.999891 
14.000000 0.999874 
15.000000 0.999856 
16.000000 0.999837 
17.000000 0.999817 
18.000000 0.999795 
19.000000 0.999773 
20.000000 0.999749 
21.000000 0.999724 
22.000000 0.999697 
23.000000 0.999670 
24.000000 0.999641 
25.000000 0.999611 
26.000000 0.999580 
27.000000 0.999548 
28.000000 0.999515 
29.000000 0.999480 
30.000000 0.999444 
31.000000 0.999407 
32.000000 0.999369 
33.000000 0.999330 
34.000000 0.999290 
35.000000 0.999248 
36.000000 0.999205 
37.000000 0.999161 
38.000000 0.999116 
39.000000 0.999070 
40.000000 0.999022 
41.000000 0.998973 
42.000000 0.998923 
43.000000 0.998872 
44.000000 0.998820 
45.000000 0.998767 
46.000000 0.998712 
47.000000 0.998656 
48.000000 0.998600 
49.000000 0.998542 
50.000000 0.998482 
51.000000 0.998422 
52.000000 0.998361 
53.000000 0.998298 
54.000000 0.998234 
55.000000 0.998169 
56.000000 0.998103 
57.000000 0.998036 
58.000000 0.997967 
59.000000 0.997898 
60.000000 0.997827 
61.000000 0.997755 
62.000000 0.997682 
63.000000 0.997608 
64.000000 0.997533 
65.000000 0.997457 
66.000000 0.997379 
67.000000 0.997301 
68.000000 0.997221 
69.000000 0.997140 
70.000000 0.997058 
71.000000 0.996975 
72.000000 0.996891 
73.000000 0.996805 
74.000000 0.996719 
75.000000 0.996631 
76.000000 0.996542 
77.000000 0.996453 
78.000000 0.996362 
79.000000 0.996270 
80.000000 0.996176 
81.000000 0.996082 
82.000000 0.995987 
83.000000 0.995890 
84.000000 0.995793 
85.000000 0.995694 
86.000000 0.995594 
87.000000 0.995494 
88.000000 0.995391 
89.000000 0.995288 
90.000000 0.995184 
91.000000 0.995079 
92.000000 0.994973 
93.000000 0.994865 
94.000000 0.994757 
95.000000 0.994647 
96.000000 0.994537 
97.000000 0.994425 
98.000000 0.994312 
99.000000 0.994199 
100.000000 0.994084 
101.000000 0.993968 
102.000000 0.993851 
103.000000 0.993733 
104.000000 0.993613 
105.000000 0.993493 
106.000000 0.993372 
107.000000 0.993249 
108.000000 0.993126 
109.000000 0.993001 
110.000000 0.992876 
111.000000 0.992749 
112.000000 0.992622 
113.000000 0.992493 
114.000000 0.992363 
115.000000 0.992233 
116.000000 0.992101 
117.000000 0.991968 
118.000000 0.991834 
119.000000 0.991699 
120.000000 0.991563 
121.000000 0.991426 
122.000000 0.991288 
123.000000 0.991149 
124.000000 0.991009 
125.000000 0.990868 
126.000000 0.990726 
127.000000 0.990583 
128.000000 0.990439 
129.000000 0.990293 
130.000000 0.990147 
131.000000 0.990000 
132.000000 0.989852 
133.000000 0.989702 
134.000000 0.989552 
135.000000 0.989401 
136.000000 0.989248 
137.000000 0.989095 
138.000000 0.988941 
139.000000 0.988785 
140.000000 0.988629 
141.000000 0.988472 
142.000000 0.988313 
143.000000 0.988154 
144.000000 0.987993 
145.000000 0.987832 
146.000000 0.987670 
147.000000 0.987506 
148.000000 0.987342 
149.000000 0.987177 
150.000000 0.987010 
151.000000 0.986843 
152.000000 0.986674 
153.000000 0.986505 
154.000000 0.986335 
155.000000 0.986163 
156.000000 0.985991 
157.000000 0.985818 
158.000000 0.985643 
159.000000 0.985468 
160.000000 0.985292 
161.000000 0.985114 
162.000000 0.984936 
163.000000 0.984757 
164.000000 0.984577 
165.000000 0.984396 
166.000000 0.984213 
167.000000 0.984030 
168.000000 0.983846 
169.000000 0.983661 
170.000000 0.983475 
171.000000 0.983287 
172.000000 0.983099 
173.000000 0.982910 
174.000000 0.982720 
175.000000 0.982529 
176.000000 0.982337 
177.000000 0.982144 
178.000000 0.981951 
179.000000 0.981756 
180.000000 0.981560 
181.000000 0.981363 
182.000000 0.981165 
183.000000 0.980966 
184.000000 0.980766 
185.000000 0.980566 
186.000000 0.980364 
187.000000 0.980161 
188.000000 0.979958 
189.000000 0.979753 
190.000000 0.979548 
191.000000 0.979341 
192.000000 0.979133 
193.000000 0.978925 
194.000000 0.978716 
195.000000 0.978505 
196.000000 0.978294 
197.000000 0.978081 
198.000000 0.977868 
199.000000 0.977654 
200.000000 0.977439 
201.000000 0.977222 
202.000000 0.977005 
203.000000 0.976787 
204.000000 0.976568 
205.000000 0.976348 
206.000000 0.976127 
207.000000 0.975905 
208.000000 0.975682 
209.000000 0.975458 
210.000000 0.975233 
211.000000 0.975007 
212.000000 0.974781 
213.000000 0.974553 
214.000000 0.974324 
215.000000 0.974095 
216.000000 0.973864 
217.000000 0.973632 
218.000000 0.973400 
219.000000 0.973166 
220.000000 0.972932 
221.000000 0.972696 
222.000000 0.972460 
223.000000 0.972223 
224.000000 0.971984 
225.000000 0.971745 
226.000000 0.971505 
227.000000 0.971264 
228.000000 0.971022 
229.000000 0.970779 
230.000000 0.970535 
231.000000 0.970290 
232.000000 0.970044 
233.000000 0.969797 
234.000000 0.969549 
235.000000 0.969300 
236.000000 0.969050 
237.000000 0.968800 
238.000000 0.968548 
239.000000 0.968295 
240.000000 0.968042 
241.000000 0.967787 
242.000000 0.967532 
243.000000 0.967275 
244.000000 0.967018 
245.000000 0.966760 
246.000000 0.966501 
247.000000 0.966240 
248.000000 0.965979 
249.000000 0.965717 
250.000000 0.965454 
251.000000 0.965190 
252.000000 0.964925 
253.000000 0.964659 
254.000000 0.964392 
255.000000 0.964124 
256.000000 0.963856 
257.000000 0.963586 
258.000000 0.963315 
259.000000 0.963044 
260.000000 0.962771 
261.000000 0.962498 
262.000000 0.962223 
263.000000 0.961948 
264.000000 0.961672 
265.000000 0.961394 
266.000000 0.961116 
267.000000 0.960837 
268.000000 0.960557 
269.000000 0.960276 
270.000000 0.959994 
271.000000 0.959711 
272.000000 0.959427 
273.000000 0.959143 
274.000000 0.958857 
275.000000 0.958570 
276.000000 0.958283 
277.000000 0.957994 
278.000000 0.957705 
279.000000 0.957415 
280.000000 0.957123 
281.000000 0.956831 
282.000000 0.956538 
283.000000 0.956244 
284.000000 0.955949 
285.000000 0.955653 
286.000000 0.955356 
287.000000 0.955059 
288.000000 0.954760 
289.000000 0.954460 
290.000000 0.954160 
291.000000 0.953858 
292.000000 0.953556 
293.000000 0.953253 
294.000000 0.952949 
295.000000 0.952644 
296.000000 0.952337 
297.000000 0.952030 
298.000000 0.951723 
299.000000 0.951414 
300.000000 0.951104 
301.000000 0.950794 
302.000000 0.950482 
303.000000 0.950170 
304.000000 0.949856 
305.000000 0.949542 
306.000000 0.949227 
307.000000 0.948911 
308.000000 0.948594 
309.000000 0.948276 
310.000000 0.947958 
311.000000 0.947638 
312.000000 0.947317 
313.000000 0.946996 
314.000000 0.946674 
315.000000 0.946350 
316.000000 0.946026 
317.000000 0.945701 
318.000000 0.945375 
319.000000 0.945049 
320.000000 0.944721 
321.000000 0.944392 
322.000000 0.944063 
323.000000 0.943733 
324.000000 0.943401 
325.000000 0.943069 
326.000000 0.942736 
327.000000 0.942402 
328.000000 0.942068 
329.000000 0.941732 
330.000000 0.941395 
331.000000 0.941058 
332.000000 0.940720 
333.000000 0.940381 
334.000000 0.940041 
335.000000 0.939700 
336.000000 0.939358 
337.000000 0.939016 
338.000000 0.938672 
339.000000 0.938328 
340.000000 0.937983 
341.000000 0.937637 
342.000000 0.937290 
343.000000 0.936942 
344.000000 0.936593 
345.000000 0.936244 
346.000000 0.935893 
347.000000 0.935542 
348.000000 0.935190 
349.000000 0.934837 
350.000000 0.934484 
351.000000 0.934129 
352.000000 0.933774 
353.000000 0.933417 
354.000000 0.933060 
355.000000 0.932702 
356.000000 0.932344 
357.000000 0.931984 
358.000000 0.931623 
359.000000 0.931262 
360.000000 0.930900 
361.000000 0.930537 
362.000000 0.930173 
363.000000 0.929808 
364.000000 0.929443 
365.000000 0.929077 
366.000000 0.928710 
367.000000 0.928342 
368.000000 0.927973 
369.000000 0.927603 
370.000000 0.927233 
371.000000 0.926862 
372.000000 0.926490 
373.000000 0.926117 
374.000000 0.925743 
375.000000 0.925369 
376.000000 0.924993 
377.000000 0.924617 
378.000000 0.924240 
379.000000 0.923863 
380.000000 0.923484 
381.000000 0.923105 
382.000000 0.922725 
383.000000 0.922344 
384.000000 0.921962 
385.000000 0.921579 
386.000000 0.921196 
387.000000 0.920812 
388.000000 0.920427 
389.000000 0.920041 
390.000000 0.919655 
391.000000 0.919267 
392.000000 0.918879 
393.000000 0.918490 
394.000000 0.918101 
395.000000 0.917710 
396.000000 0.917319 
397.000000 0.916927 
398.000000 0.916534 
399.000000 0.916140 
400.000000 0.915746 
401.000000 0.915351 
402.000000 0.914955 
403.000000 0.914558 
404.000000 0.914161 
405.000000 0.913763 
406.000000 0.913364 
407.000000 0.912964 
408.000000 0.912563 
409.000000 0.912162 
410.000000 0.911760 
411.000000 0.911357 
412.000000 0.910953 
413.000000 0.910549 
414.000000 0.910144 
415.000000 0.909738 
416.000000 0.909331 
417.000000 0.908924 
418.000000 0.908516 
419.000000 0.908107 
420.000000 0.907697 
421.000000 0.907287 
422.000000 0.906875 
423.000000 0.906464 
424.000000 0.906051 
425.000000 0.905637 
426.000000 0.905223 
427.000000 0.904808 
428.000000 0.904392 
429.000000 0.903976 
430.000000 0.903559 
431.000000 0.903141 
432.000000 0.902722 
433.000000 0.902303 
434.000000 0.901883 
435.000000 0.901462 
436.000000 0.901040 
437.000000 0.900618 
438.000000 0.900195 
439.000000 0.899771 
440.000000 0.899347 
441.000000 0.898922 
442.000000 0.898496 
443.000000 0.898069 
444.000000 0.897642 
445.000000 0.897213 
446.000000 0.896785 
447.000000 0.896355 
448.000000 0.895925 
449.000000 0.895494 
450.000000 0.895062 
451.000000 0.894629 
452.000000 0.894196 
453.000000 0.893762 
454.000000 0.893328 
455.000000 0.892893 
456.000000 0.892457 
457.000000 0.892020 
458.000000 0.891582 
459.000000 0.891144 
460.000000 0.890705 
461.000000 0.890266 
462.000000 0.889826 
463.000000 0.889385 
464.000000 0.888943 
465.000000 0.888501 
466.000000 0.888058 
467.000000 0.887614 
468.000000 0.887169 
469.000000 0.886724 
470.000000 0.886278 
471.000000 0.885832 
472.000000 0.885385 
473.000000 0.884937 
474.000000 0.884488 
475.000000 0.884039 
476.000000 0.883589 
477.000000 0.883138 
478.000000 0.882687 
479.000000 0.882235 
480.000000 0.881782 
481.000000 0.881328 
482.000000 0.880874 
483.000000 0.880420 
484.000000 0.879964 
485.000000 0.879508 
486.000000 0.879051 
487.000000 0.878594 
488.000000 0.878136 
489.000000 0.877677 
490.000000 0.877217 
491.000000 0.876757 
492.000000 0.876296 
493.000000 0.875835 
494.000000 0.875373 
495.000000 0.874910 
496.000000 0.874446 
497.000000 0.873982 
498.000000 0.873517 
499.000000 0.873052 
500.000000 0.872586 
501.000000 0.872119 
502.000000 0.871652 
503.000000 0.871183 
504.000000 0.870715 
505.000000 0.870245 
506.000000 0.869775 
507.000000 0.869304 
508.000000 0.868833 
509.000000 0.868361 
510.000000 0.867888 
511.000000 0.867415 
512.000000 0.866941 
513.000000 0.866467 
514.000000 0.865991 
515.000000 0.865516 
516.000000 0.865039 
517.000000 0.864562 
518.000000 0.864084 
519.000000 0.863606 
520.000000 0.863127 
521.000000 0.862647 
522.000000 0.862167 
523.000000 0.861686 
524.000000 0.861204 
525.000000 0.860722 
526.000000 0.860239 
527.000000 0.859756 
528.000000 0.859272 
529.000000 0.858787 
530.000000 0.858302 
531.000000 0.857816 
532.000000 0.857329 
533.000000 0.856842 
534.000000 0.856354 
535.000000 0.855866 
536.000000 0.855377 
537.000000 0.854887 
538.000000 0.854397 
539.000000 0.853906 
540.000000 0.853415 
541.000000 0.852923 
542.000000 0.852430 
543.000000 0.851937 
544.000000 0.851443 
545.000000 0.850948 
546.000000 0.850453 
547.000000 0.849958 
548.000000 0.849462 
549.000000 0.848965 
550.000000 0.848467 
551.000000 0.847969 
552.000000 0.847471 
553.000000 0.846971 
554.000000 0.846472 
555.000000 0.845971 
556.000000 0.845470 
557.000000 0.844969 
558.000000 0.844467 
559.000000 0.843964 
560.000000 0.843461 
561.000000 0.842957 
562.000000 0.842452 
563.000000 0.841947 
564.000000 0.841442 
565.000000 0.840936 
566.000000 0.840429 
567.000000 0.839922 
568.000000 0.839414 
569.000000 0.838905 
570.000000 0.838396 
571.000000 0.837887 
572.000000 0.837377 
573.000000 0.836866 
574.000000 0.836355 
575.000000 0.835843 
576.000000 0.835331 
577.000000 0.834818 
578.000000 0.834305 
579.000000 0.833791 
580.000000 0.833276 
581.000000 0.832761 
582.000000 0.832245 
583.000000 0.831729 
584.000000 0.831212 
585.000000 0.830695 
586.000000 0.830177 
587.000000 0.829659 
588.000000 0.829140 
589.000000 0.828621 
590.000000 0.828101 
591.000000 0.827580 
592.000000 0.827059 
593.000000 0.826538 
594.000000 0.826015 
595.000000 0.825493 
596.000000 0.824970 
597.000000 0.824446 
598.000000 0.823922 
599.000000 0.823397 
600.000000 0.822872 
601.000000 0.822346 
602.000000 0.821820 
603.000000 0.821293 
604.000000 0.820766 
605.000000 0.820238 
606.000000 0.819710 
607.000000 0.819181 
608.000000 0.818651 
609.000000 0.818122 
610.000000 0.817591 
611.000000 0.817060 
612.000000 0.816529 
613.000000 0.815997 
614.000000 0.815465 
615.000000 0.814932 
616.000000 0.814398 
617.000000 0.813865 
618.000000 0.813330 
619.000000 0.812795 
620.000000 0.812260 
621.000000 0.811724 
622.000000 0.811188 
623.000000 0.810651 
624.000000 0.810114 
625.000000 0.809576 
626.000000 0.809038 
627.000000 0.808499 
628.000000 0.807960 
629.000000 0.807420 
630.000000 0.806880 
631.000000 0.806339 
632.000000 0.805798 
633.000000 0.805256 
634.000000 0.804714 
635.000000 0.804172 
636.000000 0.803629 
637.000000 0.803085 
638.000000 0.802541 
639.000000 0.801997 
640.000000 0.801452 
641.000000 0.800906 
642.000000 0.800361 
643.000000 0.799814 
644.000000 0.799268 
645.000000 0.798720 
646.000000 0.798173 
647.000000 0.797625 
648.000000 0.797076 
649.000000 0.796527 
650.000000 0.795978 
651.000000 0.795428 
652.000000 0.794877 
653.000000 0.794327 
654.000000 0.793775 
655.000000 0.793224 
656.000000 0.792672 
657.000000 0.792119 
658.000000 0.791566 
659.000000 0.791013 
660.000000 0.790459 
661.000000 0.789904 
662.000000 0.789350 
663.000000 0.788794 
664.000000 0.788239 
665.000000 0.787683 
666.000000 0.787126 
667.000000 0.786569 
668.000000 0.786012 
669.000000 0.785454 
670.000000 0.784896 
671.000000 0.784337 
672.000000 0.783778 
673.000000 0.783219 
674.000000 0.782659 
675.000000 0.782099 
676.000000 0.781538 
677.000000 0.780977 
678.000000 0.780416 
679.000000 0.779854 
680.000000 0.779291 
681.000000 0.778728 
682.000000 0.778165 
683.000000 0.777602 
684.000000 0.777038 
685.000000 0.776473 
686.000000 0.775909 
687.000000 0.775343 
688.000000 0.774778 
689.000000 0.774212 
690.000000 0.773646 
691.000000 0.773079 
692.000000 0.772512 
693.000000 0.771944 
694.000000 0.771376 
695.000000 0.770808 
696.000000 0.770239 
697.000000 0.769670 
698.000000 0.769101 
699.000000 0.768531 
700.000000 0.767960 
701.000000 0.767390 
702.000000 0.766819 
703.000000 0.766247 
704.000000 0.765676 
705.000000 0.765104 
706.000000 0.764531 
707.000000 0.763958 
708.000000 0.763385 
709.000000 0.762811 
710.000000 0.762237 
711.000000 0.761663 
712.000000 0.761088 
713.000000 0.760513 
714.000000 0.759938 
715.000000 0.759362 
716.000000 0.758786 
717.000000 0.758209 
718.000000 0.757632 
719.000000 0.757055 
720.000000 0.756477 
721.000000 0.755899 
722.000000 0.755321 
723.000000 0.754742 
724.000000 0.754163 
725.000000 0.753584 
726.000000 0.753004 
727.000000 0.752424 
728.000000 0.751844 
729.000000 0.751263 
730.000000 0.750682 
731.000000 0.750100 
732.000000 0.749519 
733.000000 0.748936 
734.000000 0.748354 
735.000000 0.747771 
736.000000 0.747188 
737.000000 0.746605 
738.000000 0.746021 
739.000000 0.745437 
740.000000 0.744852 
741.000000 0.744268 
742.000000 0.743682 
743.000000 0.743097 
744.000000 0.742511 
745.000000 0.741925 
746.000000 0.741339 
747.000000 0.740752 
748.000000 0.740165 
749.000000 0.739578 
750.000000 0.738990 
751.000000 0.738402 
752.000000 0.737814 
753.000000 0.737225 
754.000000 0.736636 
755.000000 0.736047 
756.000000 0.735458 
757.000000 0.734868 
758.000000 0.734278 
759.000000 0.733687 
760.000000 0.733097 
761.000000 0.732505 
762.000000 0.731914 
763.000000 0.731323 
764.000000 0.730731 
765.000000 0.730138 
766.000000 0.729546 
767.000000 0.728953 
768.000000 0.728360 
769.000000 0.727767 
770.000000 0.727173 
771.000000 0.726579 
772.000000 0.725985 
773.000000 0.725390 
774.000000 0.724796 
775.000000 0.724201 
776.000000 0.723605 
777.000000 0.723010 
778.000000 0.722414 
779.000000 0.721818 
780.000000 0.721221 
781.000000 0.720624 
782.000000 0.720028 
783.000000 0.719430 
784.000000 0.718833 
785.000000 0.718235 
786.000000 0.717637 
787.000000 0.717039 
788.000000 0.716440 
789.000000 0.715841 
790.000000 0.715242 
791.000000 0.714643 
792.000000 0.714043 
793.000000 0.713443 
794.000000 0.712843 
795.000000 0.712243 
796.000000 0.711642 
797.000000 0.711042 
798.000000 0.710440 
799.000000 0.709839 
800.000000 0.709238 
801.000000 0.708636 
802.000000 0.708034 
803.000000 0.707431 
804.000000 0.706829 
805.000000 0.706226 
806.000000 0.705623 
807.000000 0.705020 
808.000000 0.704416 
809.000000 0.703813 
810.000000 0.703209 
811.000000 0.702604 
812.000000 0.702000 
813.000000 0.701396 
814.000000 0.700791 
815.000000 0.700186 
816.000000 0.699580 
817.000000 0.698975 
818.000000 0.698369 
819.000000 0.697763 
820.000000 0.697157 
821.000000 0.696551 
822.000000 0.695944 
823.000000 0.695337 
824.000000 0.694730 
825.000000 0.694123 
826.000000 0.693516 
827.000000 0.692908 
828.000000 0.692300 
829.000000 0.691692 
830.000000 0.691084 
831.000000 0.690475 
832.000000 0.689867 
833.000000 0.689258 
834.000000 0.688649 
835.000000 0.688040 
836.000000 0.687430 
837.000000 0.686821 
838.000000 0.686211 
839.000000 0.685601 
840.000000 0.684991 
841.000000 0.684380 
842.000000 0.683770 
843.000000 0.683159 
844.000000 0.682548 
845.000000 0.681937 
846.000000 0.681326 
847.000000 0.680714 
848.000000 0.680102 
849.000000 0.679491 
850.000000 0.678879 
851.000000 0.678267 
852.000000 0.677654 
853.000000 0.677042 
854.000000 0.676429 
855.000000 0.675816 
856.000000 0.675203 
857.000000 0.674590 
858.000000 0.673977 
859.000000 0.673363 
860.000000 0.672749 
861.000000 0.672136 
862.000000 0.671522 
863.000000 0.670907 
864.000000 0.670293 
865.000000 0.669679 
866.000000 0.669064 
867.000000 0.668449 
868.000000 0.667835 
869.000000 0.667219 
870.000000 0.666604 
871.000000 0.665989 
872.000000 0.665373 
873.000000 0.664758 
874.000000 0.664142 
875.000000 0.663526 
876.000000 0.662910 
877.000000 0.662294 
878.000000 0.661677 
879.000000 0.661061 
880.000000 0.660444 
881.000000 0.659828 
882.000000 0.659211 
883.000000 0.658594 
884.000000 0.657977 
885.000000 0.657359 
886.000000 0.656742 
887.000000 0.656125 
888.000000 0.655507 
889.000000 0.654889 
890.000000 0.654271 
891.000000 0.653653 
892.000000 0.653035 
893.000000 0.652417 
894.000000 0.651798 
895.000000 0.651180 
896.000000 0.650561 
897.000000 0.649943 
898.000000 0.649324 
899.000000 0.648705 
900.000000 0.648086 
901.000000 0.647467 
902.000000 0.646848 
903.000000 0.646228 
904.000000 0.645609 
905.000000 0.644989 
906.000000 0.644370 
907.000000 0.643750 
908.000000 0.643130 
909.000000 0.642510 
910.000000 0.641890 
911.000000 0.641270 
912.000000 0.640650 
913.000000 0.640029 
914.000000 0.639409 
915.000000 0.638789 
916.000000 0.638168 
917.000000 0.637547 
918.000000 0.636927 
919.000000 0.636306 
920.000000 0.635685 
921.000000 0.635064 
922.000000 0.634443 
923.000000 0.633822 
924.000000 0.633200 
925.000000 0.632579 
926.000000 0.631958 
927.000000 0.631336 
928.000000 0.630715 
929.000000 0.630093 
930.000000 0.629471 
931.000000 0.628850 
932.000000 0.628228 
933.000000 0.627606 
934.000000 0.626984 
935.000000 0.626362 
936.000000 0.625740 
937.000000 0.625118 
938.000000 0.624496 
939.000000 0.623873 
940.000000 0.623251 
941.000000 0.622629 
942.000000 0.622006 
943.000000 0.621384 
944.000000 0.620761 
945.000000 0.620139 
946.000000 0.619516 
947.000000 0.618894 
948.000000 0.618271 
949.000000 0.617648 
950.000000 0.617025 
951.000000 0.616403 
952.000000 0.615780 
953.000000 0.615157 
954.000000 0.614534 
955.000000 0.613911 
956.000000 0.613288 
957.000000 0.612665 
958.000000 0.612041 
959.000000 0.611418 
960.000000 0.610795 
961.000000 0.610172 
962.000000 0.609549 
963.000000 0.608926 
964.000000 0.608302 
965.000000 0.607679 
966.000000 0.607056 
967.000000 0.606432 
968.000000 0.605809 
969.000000 0.605186 
970.000000 0.604562 
971.000000 0.603939 
972.000000 0.603315 
973.000000 0.602692 
974.000000 0.602068 
975.000000 0.601445 
976.000000 0.600821 
977.000000 0.600198 
978.000000 0.599574 
979.000000 0.598951 
980.000000 0.598327 
981.000000 0.597704 
982.000000 0.597080 
983.000000 0.596457 
984.000000 0.595833 
985.000000 0.595210 
986.000000 0.594586 
987.000000 0.593963 
988.000000 0.593339 
989.000000 0.592716 
990.000000 0.592092 
991.000000 0.591469 
992.000000 0.590845 
993.000000 0.590222 
994.000000 0.589598 
995.000000 0.588975 
996.000000 0.588351 
997.000000 0.587728 
998.000000 0.587104 
999.000000 0.586481 
1000.000000 0.585858 
1001.000000 0.585234 
1002.000000 0.584611 
1003.000000 0.583988 
1004.000000 0.583364 
1005.000000 0.582741 
1006.000000 0.582118 
1007.000000 0.581495 
1008.000000 0.580872 
1009.000000 0.580248 
1010.000000 0.579625 
1011.000000 0.579002 
1012.000000 0.578379 
1013.000000 0.577756 
1014.000000 0.577133 
1015.000000 0.576510 
1016.000000 0.575887 
1017.000000 0.575265 
1018.000000 0.574642 
1019.000000 0.574019 
1020.000000 0.573396 
1021.000000 0.572774 
1022.000000 0.572151 
1023.000000 0.571528 
1024.000000 0.570906 
1025.000000 0.570283 
1026.000000 0.569661 
1027.000000 0.569039 
1028.000000 0.568416 
1029.000000 0.567794 
1030.000000 0.567172 
1031.000000 0.566550 
1032.000000 0.565927 
1033.000000 0.565305 
1034.000000 0.564683 
1035.000000 0.564061 
1036.000000 0.563440 
1037.000000 0.562818 
1038.000000 0.562196 
1039.000000 0.561574 
1040.000000 0.560953 
1041.000000 0.560331 
1042.000000 0.559710 
1043.000000 0.559089 
1044.000000 0.558467 
1045.000000 0.557846 
1046.000000 0.557225 
1047.000000 0.556604 
1048.000000 0.555983 
1049.000000 0.555362 
1050.000000 0.554741 
1051.000000 0.554120 
1052.000000 0.553500 
1053.000000 0.552879 
1054.000000 0.552258 
1055.000000 0.551638 
1056.000000 0.551018 
1057.000000 0.550397 
1058.000000 0.549777 
1059.000000 0.549157 
1060.000000 0.548537 
1061.000000 0.547917 
1062.000000 0.547298 
1063.000000 0.546678 
1064.000000 0.546058 
1065.000000 0.545439 
1066.000000 0.544819 
1067.000000 0.544200 
1068.000000 0.543581 
1069.000000 0.542962 
1070.000000 0.542343 
1071.000000 0.541724 
1072.000000 0.541105 
1073.000000 0.540486 
1074.000000 0.539868 
1075.000000 0.539249 
1076.000000 0.538631 
1077.000000 0.538013 
1078.000000 0.537394 
1079.000000 0.536776 
1080.000000 0.536158 
1081.000000 0.535541 
1082.000000 0.534923 
1083.000000 0.534305 
1084.000000 0.533688 
1085.000000 0.533070 
1086.000000 0.532453 
1087.000000 0.531836 
1088.000000 0.531219 
1089.000000 0.530602 
1090.000000 0.529986 
1091.000000 0.529369 
1092.000000 0.528753 
1093.000000 0.528136 
1094.000000 0.527520 
1095.000000 0.526904 
1096.000000 0.526288 
1097.000000 0.525672 
1098.000000 0.525056 
1099.000000 0.524441 
1100.000000 0.523825 
1101.000000 0.523210 
1102.000000 0.522595 
1103.000000 0.521980 
1104.000000 0.521365 
1105.000000 0.520750 
1106.000000 0.520136 
1107.000000 0.519521 
1108.000000 0.518907 
1109.000000 0.518293 
1110.000000 0.517679 
1111.000000 0.517065 
1112.000000 0.516451 
1113.000000 0.515838 
1114.000000 0.515224 
1115.000000 0.514611 
1116.000000 0.513998 
1117.000000 0.513385 
1118.000000 0.512772 
1119.000000 0.512159 
1120.000000 0.511547 
1121.000000 0.510935 
1122.000000 0.510322 
1123.000000 0.509710 
1124.000000 0.509098 
1125.000000 0.508487 
1126.000000 0.507875 
1127.000000 0.507264 
1128.000000 0.506653 
1129.000000 0.506041 
1130.000000 0.505431 
1131.000000 0.504820 
1132.000000 0.504209 
1133.000000 0.503599 
1134.000000 0.502989 
1135.000000 0.502379 
1136.000000 0.501769 
1137.000000 0.501159 
1138.000000 0.500550 
1139.000000 0.499940 
1140.000000 0.499331 
1141.000000 0.498722 
1142.000000 0.498113 
1143.000000 0.497505 
1144.000000 0.496896 
1145.000000 0.496288 
1146.000000 0.495680 
1147.000000 0.495072 
1148.000000 0.494464 
1149.000000 0.493857 
1150.000000 0.493249 
1151.000000 0.492642 
1152.000000 0.492035 
1153.000000 0.491428 
1154.000000 0.490822 
1155.000000 0.490215 
1156.000000 0.489609 
1157.000000 0.489003 
1158.000000 0.488397 
1159.000000 0.487792 
1160.000000 0.487186 
1161.000000 0.486581 
1162.000000 0.485976 
1163.000000 0.485371 
1164.000000 0.484767 
1165.000000 0.484162 
1166.000000 0.483558 
1167.000000 0.482954 
1168.000000 0.482350 
1169.000000 0.481746 
1170.000000 0.481143 
1171.000000 0.480540 
1172.000000 0.479937 
1173.000000 0.479334 
1174.000000 0.478731 
1175.000000 0.478129 
1176.000000 0.477527 
1177.000000 0.476925 
1178.000000 0.476323 
1179.000000 0.475722 
1180.000000 0.475120 
1181.000000 0.474519 
1182.000000 0.473918 
1183.000000 0.473318 
1184.000000 0.472717 
1185.000000 0.472117 
1186.000000 0.471517 
1187.000000 0.470917 
1188.000000 0.470318 
1189.000000 0.469719 
1190.000000 0.469120 
1191.000000 0.468521 
1192.000000 0.467922 
1193.000000 0.467324 
1194.000000 0.466725 
1195.000000 0.466127 
1196.000000 0.465530 
1197.000000 0.464932 
1198.000000 0.464335 
1199.000000 0.463738 
1200.000000 0.463141 
1201.000000 0.462545 
1202.000000 0.461948 
1203.000000 0.461352 
1204.000000 0.460756 
1205.000000 0.460161 
1206.000000 0.459565 
1207.000000 0.458970 
1208.000000 0.458375 
1209.000000 0.457781 
1210.000000 0.457186 
1211.000000 0.456592 
1212.000000 0.455998 
1213.000000 0.455405 
1214.000000 0.454811 
1215.000000 0.454218 
1216.000000 0.453625 
1217.000000 0.453033 
1218.000000 0.452440 
1219.000000 0.451848 
1220.000000 0.451256 
1221.000000 0.450664 
1222.000000 0.450073 
1223.000000 0.449482 
1224.000000 0.448891 
1225.000000 0.448300 
1226.000000 0.447710 
1227.000000 0.447120 
1228.000000 0.446530 
1229.000000 0.445940 
1230.000000 0.445351 
1231.000000 0.444762 
1232.000000 0.444173 
1233.000000 0.443585 
1234.000000 0.442996 
1235.000000 0.442408 
1236.000000 0.441821 
1237.000000 0.441233 
1238.000000 0.440646 
1239.000000 0.440059 
1240.000000 0.439472 
1241.000000 0.438886 
1242.000000 0.438300 
1243.000000 0.437714 
1244.000000 0.437128 
1245.000000 0.436543 
1246.000000 0.435958 
1247.000000 0.435373 
1248.000000 0.434789 
1249.000000 0.434205 
1250.000000 0.433621 
1251.000000 0.433037 
1252.000000 0.432454 
1253.000000 0.431871 
1254.000000 0.431288 
1255.000000 0.430705 
1256.000000 0.430123 
1257.000000 0.429541 
1258.000000 0.428959 
1259.000000 0.428378 
1260.000000 0.427797 
1261.000000 0.427216 
1262.000000 0.426635 
1263.000000 0.426055 
1264.000000 0.425475 
1265.000000 0.424896 
1266.000000 0.424316 
1267.000000 0.423737 
1268.000000 0.423158 
1269.000000 0.422580 
1270.000000 0.422002 
1271.000000 0.421424 
1272.000000 0.420846 
1273.000000 0.420269 
1274.000000 0.419692 
1275.000000 0.419115 
1276.000000 0.418539 
1277.000000 0.417963 
1278.000000 0.417387 
1279.000000 0.416811 
1280.000000 0.416236 
1281.000000 0.415661 
1282.000000 0.415087 
1283.000000 0.414512 
1284.000000 0.413938 
1285.000000 0.413364 
1286.000000 0.412791 
1287.000000 0.412218 
1288.000000 0.411645 
1289.000000 0.411073 
1290.000000 0.410501 
1291.000000 0.409929 
1292.000000 0.409357 
1293.000000 0.408786 
1294.000000 0.408215 
1295.000000 0.407644 
1296.000000 0.407074 
1297.000000 0.406504 
1298.000000 0.405935 
1299.000000 0.405365 
1300.000000 0.404796 
1301.000000 0.404227 
1302.000000 0.403659 
1303.000000 0.403091 
1304.000000 0.402523 
1305.000000 0.401956 
1306.000000 0.401389 
1307.000000 0.400822 
1308.000000 0.400255 
1309.000000 0.399689 
1310.000000 0.399123 
1311.000000 0.398558 
1312.000000 0.397993 
1313.000000 0.397428 
1314.000000 0.396863 
1315.000000 0.396299 
1316.000000 0.395735 
1317.000000 0.395172 
1318.000000 0.394608 
1319.000000 0.394046 
1320.000000 0.393483 
1321.000000 0.392921 
1322.000000 0.392359 
1323.000000 0.391797 
1324.000000 0.391236 
1325.000000 0.390675 
1326.000000 0.390114 
1327.000000 0.389554 
1328.000000 0.388994 
1329.000000 0.388435 
1330.000000 0.387876 
1331.000000 0.387317 
1332.000000 0.386758 
1333.000000 0.386200 
1334.000000 0.385642 
1335.000000 0.385085 
1336.000000 0.384527 
1337.000000 0.383970 
1338.000000 0.383414 
1339.000000 0.382858 
1340.000000 0.382302 
1341.000000 0.381746 
1342.000000 0.381191 
1343.000000 0.380637 
1344.000000 0.380082 
1345.000000 0.379528 
1346.000000 0.378974 
1347.000000 0.378421 
1348.000000 0.377868 
1349.000000 0.377315 
1350.000000 0.376763 
1351.000000 0.376211 
1352.000000 0.375659 
1353.000000 0.375108 
1354.000000 0.374557 
1355.000000 0.374006 
1356.000000 0.373456 
1357.000000 0.372906 
1358.000000 0.372357 
1359.000000 0.371807 
1360.000000 0.371259 
1361.000000 0.370710 
1362.000000 0.370162 
1363.000000 0.369614 
1364.000000 0.369067 
1365.000000 0.368520 
1366.000000 0.367973 
1367.000000 0.367427 
1368.000000 0.366881 
1369.000000 0.366335 
1370.000000 0.365790 
1371.000000 0.365245 
1372.000000 0.364701 
1373.000000 0.364157 
1374.000000 0.363613 
1375.000000 0.363070 
1376.000000 0.362527 
1377.000000 0.361984 
1378.000000 0.361442 
1379.000000 0.360900 
1380.000000 0.360358 
1381.000000 0.359817 
1382.000000 0.359276 
1383.000000 0.358736 
1384.000000 0.358196 
1385.000000 0.357656 
1386.000000 0.357117 
1387.000000 0.356578 
1388.000000 0.356039 
1389.000000 0.355501 
1390.000000 0.354963 
1391.000000 0.354426 
1392.000000 0.353889 
1393.000000 0.353352 
1394.000000 0.352816 
1395.000000 0.352280 
1396.000000 0.351744 
1397.000000 0.351209 
1398.000000 0.350674 
1399.000000 0.350140 
1400.000000 0.349606 
1401.000000 0.349072 
1402.000000 0.348539 
1403.000000 0.348006 
1404.000000 0.347473 
1405.000000 0.346941 
1406.000000 0.346409 
1407.000000 0.345878 
1408.000000 0.345347 
1409.000000 0.344817 
1410.000000 0.344286 
1411.000000 0.343757 
1412.000000 0.343227 
1413.000000 0.342698 
1414.000000 0.342170 
1415.000000 0.341641 
1416.000000 0.341113 
1417.000000 0.340586 
1418.000000 0.340059 
1419.000000 0.339532 
1420.000000 0.339006 
1421.000000 0.338480 
1422.000000 0.337955 
1423.000000 0.337429 
1424.000000 0.336905 
1425.000000 0.336380 
1426.000000 0.335857 
1427.000000 0.335333 
1428.000000 0.334810 
1429.000000 0.334287 
1430.000000 0.333765 
1431.000000 0.333243 
1432.000000 0.332722 
1433.000000 0.332200 
1434.000000 0.331680 
1435.000000 0.331159 
1436.000000 0.330639 
1437.000000 0.330120 
1438.000000 0.329601 
1439.000000 0.329082 
1440.000000 0.328564 
1441.000000 0.328046 
1442.000000 0.327528 
1443.000000 0.327011 
1444.000000 0.326495 
1445.000000 0.325978 
1446.000000 0.325463 
1447.000000 0.324947 
1448.000000 0.324432 
1449.000000 0.323917 
1450.000000 0.323403 
1451.000000 0.322889 
1452.000000 0.322376 
1453.000000 0.321863 
1454.000000 0.321350 
1455.000000 0.320838 
1456.000000 0.320327 
1457.000000 0.319815 
1458.000000 0.319304 
1459.000000 0.318794 
1460.000000 0.318284 
1461.000000 0.317774 
1462.000000 0.317265 
1463.000000 0.316756 
1464.000000 0.316247 
1465.000000 0.315739 
1466.000000 0.315232 
1467.000000 0.314725 
1468.000000 0.314218 
1469.000000 0.313711 
1470.000000 0.313205 
1471.000000 0.312700 
1472.000000 0.312195 
1473.000000 0.311690 
1474.000000 0.311186 
1475.000000 0.310682 
1476.000000 0.310179 
1477.000000 0.309676 
1478.000000 0.309173 
1479.000000 0.308671 
1480.000000 0.308169 
1481.000000 0.307668 
1482.000000 0.307167 
1483.000000 0.306667 
1484.000000 0.306167 
1485.000000 0.305667 
1486.000000 0.305168 
1487.000000 0.304669 
1488.000000 0.304171 
1489.000000 0.303673 
1490.000000 0.303175 
1491.000000 0.302678 
1492.000000 0.302182 
1493.000000 0.301685 
1494.000000 0.301190 
1495.000000 0.300694 
1496.000000 0.300199 
1497.000000 0.299705 
1498.000000 0.299211 
1499.000000 0.298717 
1500.000000 0.298224 
1501.000000 0.297731 
1502.000000 0.297239 
1503.000000 0.296747 
1504.000000 0.296256 
1505.000000 0.295765 
1506.000000 0.295274 
1507.000000 0.294784 
1508.000000 0.294294 
1509.000000 0.293805 
1510.000000 0.293316 
1511.000000 0.292827 
1512.000000 0.292339 
1513.000000 0.291852 
1514.000000 0.291365 
1515.000000 0.290878 
1516.000000 0.290392 
1517.000000 0.289906 
1518.000000 0.289420 
1519.000000 0.288936 
1520.000000 0.288451 
1521.000000 0.287967 
1522.000000 0.287483 
1523.000000 0.287000 
1524.000000 0.286517 
1525.000000 0.286035 
1526.000000 0.285553 
1527.000000 0.285072 
1528.000000 0.284591 
1529.000000 0.284110 
1530.000000 0.283630 
1531.000000 0.283150 
1532.000000 0.282671 
1533.000000 0.282192 
1534.000000 0.281714 
1535.000000 0.281236 
1536.000000 0.280758 
1537.000000 0.280281 
1538.000000 0.279804 
1539.000000 0.279328 
1540.000000 0.278853 
1541.000000 0.278377 
1542.000000 0.277902 
1543.000000 0.277428 
1544.000000 0.276954 
1545.000000 0.276480 
1546.000000 0.276007 
1547.000000 0.275535 
1548.000000 0.275063 
1549.000000 0.274591 
1550.000000 0.274120 
1551.000000 0.273649 
1552.000000 0.273178 
1553.000000 0.272708 
1554.000000 0.272239 
1555.000000 0.271770 
1556.000000 0.271301 
1557.000000 0.270833 
1558.000000 0.270365 
1559.000000 0.269898 
1560.000000 0.269431 
1561.000000 0.268965 
1562.000000 0.268499 
1563.000000 0.268033 
1564.000000 0.267568 
1565.000000 0.267103 
1566.000000 0.266639 
1567.000000 0.266176 
1568.000000 0.265712 
1569.000000 0.265249 
1570.000000 0.264787 
1571.000000 0.264325 
1572.000000 0.263864 
1573.000000 0.263403 
1574.000000 0.262942 
1575.000000 0.262482 
1576.000000 0.262022 
1577.000000 0.261563 
1578.000000 0.261104 
1579.000000 0.260646 
1580.000000 0.260188 
1581.000000 0.259731 
1582.000000 0.259274 
1583.000000 0.258817 
1584.000000 0.258361 
1585.000000 0.257906 
1586.000000 0.257451 
1587.000000 0.256996 
1588.000000 0.256542 
1589.000000 0.256088 
1590.000000 0.255634 
1591.000000 0.255182 
1592.000000 0.254729 
1593.000000 0.254277 
1594.000000 0.253826 
1595.000000 0.253375 
1596.000000 0.252924 
1597.000000 0.252474 
1598.000000 0.252024 
1599.000000 0.251575 
1600.000000 0.251126 
1601.000000 0.250678 
1602.000000 0.250230 
1603.000000 0.249783 
1604.000000 0.249336 
1605.000000 0.248889 
1606.000000 0.248443 
1607.000000 0.247997 
1608.000000 0.247552 
1609.000000 0.247108 
1610.000000 0.246663 
1611.000000 0.246220 
1612.000000 0.245776 
1613.000000 0.245334 
1614.000000 0.244891 
1615.000000 0.244449 
1616.000000 0.244008 
1617.000000 0.243567 
1618.000000 0.243126 
1619.000000 0.242686 
1620.000000 0.242247 
1621.000000 0.241808 
1622.000000 0.241369 
1623.000000 0.240931 
1624.000000 0.240493 
1625.000000 0.240056 
1626.000000 0.239619 
1627.000000 0.239182 
1628.000000 0.238746 
1629.000000 0.238311 
1630.000000 0.237876 
1631.000000 0.237441 
1632.000000 0.237007 
1633.000000 0.236574 
1634.000000 0.236141 
1635.000000 0.235708 
1636.000000 0.235276 
1637.000000 0.234844 
1638.000000 0.234413 
1639.000000 0.233982 
1640.000000 0.233552 
1641.000000 0.233122 
1642.000000 0.232692 
1643.000000 0.232263 
1644.000000 0.231835 
1645.000000 0.231407 
1646.000000 0.230979 
1647.000000 0.230552 
1648.000000 0.230126 
1649.000000 0.229700 
1650.000000 0.229274 
1651.000000 0.228849 
1652.000000 0.228424 
1653.000000 0.228000 
1654.000000 0.227576 
1655.000000 0.227153 
1656.000000 0.226730 
1657.000000 0.226307 
1658.000000 0.225885 
1659.000000 0.225464 
1660.000000 0.225043 
1661.000000 0.224622 
1662.000000 0.224202 
1663.000000 0.223783 
1664.000000 0.223364 
1665.000000 0.222945 
1666.000000 0.222527 
1667.000000 0.222109 
1668.000000 0.221692 
1669.000000 0.221275 
1670.000000 0.220859 
1671.000000 0.220443 
1672.000000 0.220028 
1673.000000 0.219613 
1674.000000 0.219198 
1675.000000 0.218784 
1676.000000 0.218371 
1677.000000 0.217958 
1678.000000 0.217545 
1679.000000 0.217133 
1680.000000 0.216722 
1681.000000 0.216311 
1682.000000 0.215900 
1683.000000 0.215490 
1684.000000 0.215080 
1685.000000 0.214671 
1686.000000 0.214262 
1687.000000 0.213854 
1688.000000 0.213446 
1689.000000 0.213039 
1690.000000 0.212632 
1691.000000 0.212226 
1692.000000 0.211820 
1693.000000 0.211415 
1694.000000 0.211010 
1695.000000 0.210605 
1696.000000 0.210201 
1697.000000 0.209798 
1698.000000 0.209395 
1699.000000 0.208992 
1700.000000 0.208590 
1701.000000 0.208188 
1702.000000 0.207787 
1703.000000 0.207387 
1704.000000 0.206986 
1705.000000 0.206587 
1706.000000 0.206188 
1707.000000 0.205789 
1708.000000 0.205390 
1709.000000 0.204993 
1710.000000 0.204595 
1711.000000 0.204198 
1712.000000 0.203802 
1713.000000 0.203406 
1714.000000 0.203011 
1715.000000 0.202616 
1716.000000 0.202221 
1717.000000 0.201827 
1718.000000 0.201434 
1719.000000 0.201041 
1720.000000 0.200648 
1721.000000 0.200256 
1722.000000 0.199864 
1723.000000 0.199473 
1724.000000 0.199083 
1725.000000 0.198692 
1726.000000 0.198303 
1727.000000 0.197913 
1728.000000 0.197525 
1729.000000 0.197136 
1730.000000 0.196749 
1731.000000 0.196361 
1732.000000 0.195974 
1733.000000 0.195588 
1734.000000 0.195202 
1735.000000 0.194817 
1736.000000 0.194432 
1737.000000 0.194047 
1738.000000 0.193663 
1739.000000 0.193280 
1740.000000 0.192897 
1741.000000 0.192514 
1742.000000 0.192132 
1743.000000 0.191750 
1744.000000 0.191369 
1745.000000 0.190988 
1746.000000 0.190608 
1747.000000 0.190229 
1748.000000 0.189849 
1749.000000 0.189471 
1750.000000 0.189092 
1751.000000 0.188714 
1752.000000 0.188337 
1753.000000 0.187960 
1754.000000 0.187584 
1755.000000 0.187208 
1756.000000 0.186832 
1757.000000 0.186457 
1758.000000 0.186083 
1759.000000 0.185709 
1760.000000 0.185335 
1761.000000 0.184962 
1762.000000 0.184590 
1763.000000 0.184218 
1764.000000 0.183846 
1765.000000 0.183475 
1766.000000 0.183104 
1767.000000 0.182734 
1768.000000 0.182364 
1769.000000 0.181995 
1770.000000 0.181626 
1771.000000 0.181258 
1772.000000 0.180890 
1773.000000 0.180522 
1774.000000 0.180155 
1775.000000 0.179789 
1776.000000 0.179423 
1777.000000 0.179057 
1778.000000 0.178692 
1779.000000 0.178328 
1780.000000 0.177964 
1781.000000 0.177600 
1782.000000 0.177237 
1783.000000 0.176874 
1784.000000 0.176512 
1785.000000 0.176151 
1786.000000 0.175789 
1787.000000 0.175428 
1788.000000 0.175068 
1789.000000 0.174708 
1790.000000 0.174349 
1791.000000 0.173990 
1792.000000 0.173632 
1793.000000 0.173274 
1794.000000 0.172916 
1795.000000 0.172559 
1796.000000 0.172203 
1797.000000 0.171847 
1798.000000 0.171491 
1799.000000 0.171136 
1800.000000 0.170781 
1801.000000 0.170427 
1802.000000 0.170073 
1803.000000 0.169720 
1804.000000 0.169367 
1805.000000 0.169015 
1806.000000 0.168663 
1807.000000 0.168312 
1808.000000 0.167961 
1809.000000 0.167611 
1810.000000 0.167261 
1811.000000 0.166911 
1812.000000 0.166562 
1813.000000 0.166214 
1814.000000 0.165866 
1815.000000 0.165518 
1816.000000 0.165171 
1817.000000 0.164824 
1818.000000 0.164478 
1819.000000 0.164132 
1820.000000 0.163787 
1821.000000 0.163442 
1822.000000 0.163098 
1823.000000 0.162754 
1824.000000 0.162410 
1825.000000 0.162068 
1826.000000 0.161725 
1827.000000 0.161383 
1828.000000 0.161042 
1829.000000 0.160701 
1830.000000 0.160360 
1831.000000 0.160020 
1832.000000 0.159680 
1833.000000 0.159341 
1834.000000 0.159002 
1835.000000 0.158664 
1836.000000 0.158326 
1837.000000 0.157989 
1838.000000 0.157652 
1839.000000 0.157315 
1840.000000 0.156980 
1841.000000 0.156644 
1842.000000 0.156309 
1843.000000 0.155975 
1844.000000 0.155640 
1845.000000 0.155307 
1846.000000 0.154974 
1847.000000 0.154641 
1848.000000 0.154309 
1849.000000 0.153977 
1850.000000 0.153646 
1851.000000 0.153315 
1852.000000 0.152985 
1853.000000 0.152655 
1854.000000 0.152325 
1855.000000 0.151996 
1856.000000 0.151668 
1857.000000 0.151340 
1858.000000 0.151012 
1859.000000 0.150685 
1860.000000 0.150358 
1861.000000 0.150032 
1862.000000 0.149706 
1863.000000 0.149381 
1864.000000 0.149056 
1865.000000 0.148732 
1866.000000 0.148408 
1867.000000 0.148085 
1868.000000 0.147762 
1869.000000 0.147439 
1870.000000 0.147117 
1871.000000 0.146796 
1872.000000 0.146475 
1873.000000 0.146154 
1874.000000 0.145834 
1875.000000 0.145514 
1876.000000 0.145195 
1877.000000 0.144876 
1878.000000 0.144558 
1879.000000 0.144240 
1880.000000 0.143922 
1881.000000 0.143605 
1882.000000 0.143289 
1883.000000 0.142973 
1884.000000 0.142657 
1885.000000 0.142342 
1886.000000 0.142027 
1887.000000 0.141713 
1888.000000 0.141399 
1889.000000 0.141086 
1890.000000 0.140773 
1891.000000 0.140461 
1892.000000 0.140149 
1893.000000 0.139838 
1894.000000 0.139527 
1895.000000 0.139216 
1896.000000 0.138906 
1897.000000 0.138596 
1898.000000 0.138287 
1899.000000 0.137979 
1900.000000 0.137670 
1901.000000 0.137363 
1902.000000 0.137055 
1903.000000 0.136748 
1904.000000 0.136442 
1905.000000 0.136136 
1906.000000 0.135830 
1907.000000 0.135525 
1908.000000 0.135221 
1909.000000 0.134917 
1910.000000 0.134613 
1911.000000 0.134310 
1912.000000 0.134007 
1913.000000 0.133705 
1914.000000 0.133403 
1915.000000 0.133101 
1916.000000 0.132801 
1917.000000 0.132500 
1918.000000 0.132200 
1919.000000 0.131900 
1920.000000 0.131601 
1921.000000 0.131303 
1922.000000 0.131004 
1923.000000 0.130707 
1924.000000 0.130409 
1925.000000 0.130113 
1926.000000 0.129816 
1927.000000 0.129520 
1928.000000 0.129225 
1929.000000 0.128930 
1930.000000 0.128635 
1931.000000 0.128341 
1932.000000 0.128047 
1933.000000 0.127754 
1934.000000 0.127461 
1935.000000 0.127169 
1936.000000 0.126877 
1937.000000 0.126586 
1938.000000 0.126295 
1939.000000 0.126004 
1940.000000 0.125714 
1941.000000 0.125424 
1942.000000 0.125135 
1943.000000 0.124846 
1944.000000 0.124558 
1945.000000 0.124270 
1946.000000 0.123983 
1947.000000 0.123696 
1948.000000 0.123409 
1949.000000 0.123123 
1950.000000 0.122838 
1951.000000 0.122553 
1952.000000 0.122268 
1953.000000 0.121984 
1954.000000 0.121700 
1955.000000 0.121417 
1956.000000 0.121134 
1957.000000 0.120851 
1958.000000 0.120569 
1959.000000 0.120288 
1960.000000 0.120007 
1961.000000 0.119726 
1962.000000 0.119446 
1963.000000 0.119166 
1964.000000 0.118886 
1965.000000 0.118608 
1966.000000 0.118329 
1967.000000 0.118051 
1968.000000 0.117774 
1969.000000 0.117496 
1970.000000 0.117220 
1971.000000 0.116943 
1972.000000 0.116668 
1973.000000 0.116392 
1974.000000 0.116117 
1975.000000 0.115843 
1976.000000 0.115569 
1977.000000 0.115295 
1978.000000 0.115022 
1979.000000 0.114749 
1980.000000 0.114477 
1981.000000 0.114205 
1982.000000 0.113934 
1983.000000 0.113663 
1984.000000 0.113392 
1985.000000 0.113122 
1986.000000 0.112853 
1987.000000 0.112583 
1988.000000 0.112315 
1989.000000 0.112046 
1990.000000 0.111778 
1991.000000 0.111511 
1992.000000 0.111244 
1993.000000 0.110977 
1994.000000 0.110711 
1995.000000 0.110445 
1996.000000 0.110180 
1997.000000 0.109915 
1998.000000 0.109651 
1999.000000 0.109387 
2000.000000 0.109123 
2001.000000 0.108860 
2002.000000 0.108598 
2003.000000 0.108335 
2004.000000 0.108074 
2005.000000 0.107812 
2006.000000 0.107551 
2007.000000 0.107291 
2008.000000 0.107031 
2009.000000 0.106771 
2010.000000 0.106512 
2011.000000 0.106253 
2012.000000 0.105995 
2013.000000 0.105737 
2014.000000 0.105479 
2015.000000 0.105222 
2016.000000 0.104965 
2017.000000 0.104709 
2018.000000 0.104453 
2019.000000 0.104198 
2020.000000 0.103943 
2021.000000 0.103689 
2022.000000 0.103434 
2023.000000 0.103181 
2024.000000 0.102928 
2025.000000 0.102675 
2026.000000 0.102422 
2027.000000 0.102170 
2028.000000 0.101919 
2029.000000 0.101668 
2030.000000 0.101417 
2031.000000 0.101167 
2032.000000 0.100917 
2033.000000 0.100668 
2034.000000 0.100419 
2035.000000 0.100170 
2036.000000 0.099922 
2037.000000 0.099674 
2038.000000 0.099427 
2039.000000 0.099180 
2040.000000 0.098933 
2041.000000 0.098687 
2042.000000 0.098442 
2043.000000 0.098197 
2044.000000 0.097952 
2045.000000 0.097707 
2046.000000 0.097463 
2047.000000 0.097220 
2048.000000 0.096977 
2049.000000 0.096734 
2050.000000 0.096492 
2051.000000 0.096250 
2052.000000 0.096009 
2053.000000 0.095768 
2054.000000 0.095527 
2055.000000 0.095287 
2056.000000 0.095047 
2057.000000 0.094808 
2058.000000 0.094569 
2059.000000 0.094330 
2060.000000 0.094092 
2061.000000 0.093854 
2062.000000 0.093617 
2063.000000 0.093380 
2064.000000 0.093144 
2065.000000 0.092908 
2066.000000 0.092672 
2067.000000 0.092437 
2068.000000 0.092202 
2069.000000 0.091968 
2070.000000 0.091734 
2071.000000 0.091500 
2072.000000 0.091267 
2073.000000 0.091034 
2074.000000 0.090802 
2075.000000 0.090570 
2076.000000 0.090339 
2077.000000 0.090107 
2078.000000 0.089877 
2079.000000 0.089646 
2080.000000 0.089417 
2081.000000 0.089187 
2082.000000 0.088958 
2083.000000 0.088729 
2084.000000 0.088501 
2085.000000 0.088273 
2086.000000 0.088046 
2087.000000 0.087819 
2088.000000 0.087592 
2089.000000 0.087366 
2090.000000 0.087140 
2091.000000 0.086915 
2092.000000 0.086690 
2093.000000 0.086465 
2094.000000 0.086241 
2095.000000 0.086017 
2096.000000 0.085794 
2097.000000 0.085571 
2098.000000 0.085348 
2099.000000 0.085126 
2100.000000 0.084904 
2101.000000 0.084683 
2102.000000 0.084462 
2103.000000 0.084241 
2104.000000 0.084021 
2105.000000 0.083802 
2106.000000 0.083582 
2107.000000 0.083363 
2108.000000 0.083145 
2109.000000 0.082927 
2110.000000 0.082709 
2111.000000 0.082491 
2112.000000 0.082274 
2113.000000 0.082058 
2114.000000 0.081842 
2115.000000 0.081626 
2116.000000 0.081411 
2117.000000 0.081196 
2118.000000 0.080981 
2119.000000 0.080767 
2120.000000 0.080553 
2121.000000 0.080340 
2122.000000 0.080127 
2123.000000 0.079914 
2124.000000 0.079702 
2125.000000 0.079490 
2126.000000 0.079279 
2127.000000 0.079068 
2128.000000 0.078857 
2129.000000 0.078647 
2130.000000 0.078437 
2131.000000 0.078228 
2132.000000 0.078018 
2133.000000 0.077810 
2134.000000 0.077602 
2135.000000 0.077394 
2136.000000 0.077186 
2137.000000 0.076979 
2138.000000 0.076772 
2139.000000 0.076566 
2140.000000 0.076360 
2141.000000 0.076155 
2142.000000 0.075950 
2143.000000 0.075745 
2144.000000 0.075540 
2145.000000 0.075336 
2146.000000 0.075133 
2147.000000 0.074930 
2148.000000 0.074727 
2149.000000 0.074524 
2150.000000 0.074322 
2151.000000 0.074121 
2152.000000 0.073919 
2153.000000 0.073719 
2154.000000 0.073518 
2155.000000 0.073318 
2156.000000 0.073118 
2157.000000 0.072919 
2158.000000 0.072720 
2159.000000 0.072521 
2160.000000 0.072323 
2161.000000 0.072125 
2162.000000 0.071928 
2163.000000 0.071731 
2164.000000 0.071534 
2165.000000 0.071338 
2166.000000 0.071142 
2167.000000 0.070946 
2168.000000 0.070751 
2169.000000 0.070557 
2170.000000 0.070362 
2171.000000 0.070168 
2172.000000 0.069975 
2173.000000 0.069781 
2174.000000 0.069588 
2175.000000 0.069396 
2176.000000 0.069204 
2177.000000 0.069012 
2178.000000 0.068821 
2179.000000 0.068630 
2180.000000 0.068439 
2181.000000 0.068249 
2182.000000 0.068059 
2183.000000 0.067870 
2184.000000 0.067680 
2185.000000 0.067492 
2186.000000 0.067303 
2187.000000 0.067115 
2188.000000 0.066928 
2189.000000 0.066740 
2190.000000 0.066554 
2191.000000 0.066367 
2192.000000 0.066181 
2193.000000 0.065995 
2194.000000 0.065810 
2195.000000 0.065625 
2196.000000 0.065440 
2197.000000 0.065256 
2198.000000 0.065072 
2199.000000 0.064888 
2200.000000 0.064705 
2201.000000 0.064522 
2202.000000 0.064340 
2203.000000 0.064158 
2204.000000 0.063976 
2205.000000 0.063795 
2206.000000 0.063614 
2207.000000 0.063433 
2208.000000 0.063253 
2209.000000 0.063073 
2210.000000 0.062893 
2211.000000 0.062714 
2212.000000 0.062535 
2213.000000 0.062357 
2214.000000 0.062179 
2215.000000 0.062001 
2216.000000 0.061824 
2217.000000 0.061647 
2218.000000 0.061470 
2219.000000 0.061294 
2220.000000 0.061118 
2221.000000 0.060942 
2222.000000 0.060767 
2223.000000 0.060592 
2224.000000 0.060418 
2225.000000 0.060244 
2226.000000 0.060070 
2227.000000 0.059897 
2228.000000 0.059724 
2229.000000 0.059551 
2230.000000 0.059378 
2231.000000 0.059206 
2232.000000 0.059035 
2233.000000 0.058864 
2234.000000 0.058693 
2235.000000 0.058522 
2236.000000 0.058352 
2237.000000 0.058182 
2238.000000 0.058012 
2239.000000 0.057843 
2240.000000 0.057674 
2241.000000 0.057506 
2242.000000 0.057338 
2243.000000 0.057170 
2244.000000 0.057003 
2245.000000 0.056836 
2246.000000 0.056669 
2247.000000 0.056503 
2248.000000 0.056337 
2249.000000 0.056171 
2250.000000 0.056006 
2251.000000 0.055841 
2252.000000 0.055676 
2253.000000 0.055512 
2254.000000 0.055348 
2255.000000 0.055184 
2256.000000 0.055021 
2257.000000 0.054858 
2258.000000 0.054695 
2259.000000 0.054533 
2260.000000 0.054371 
2261.000000 0.054210 
2262.000000 0.054049 
2263.000000 0.053888 
2264.000000 0.053727 
2265.000000 0.053567 
2266.000000 0.053407 
2267.000000 0.053248 
2268.000000 0.053089 
2269.000000 0.052930 
2270.000000 0.052771 
2271.000000 0.052613 
2272.000000 0.052455 
2273.000000 0.052298 
2274.000000 0.052141 
2275.000000 0.051984 
2276.000000 0.051828 
2277.000000 0.051672 
2278.000000 0.051516 
2279.000000 0.051360 
2280.000000 0.051205 
2281.000000 0.051051 
2282.000000 0.050896 
2283.000000 0.050742 
2284.000000 0.050588 
2285.000000 0.050435 
2286.000000 0.050282 
2287.000000 0.050129 
2288.000000 0.049977 
2289.000000 0.049825 
2290.000000 0.049673 
2291.000000 0.049521 
2292.000000 0.049370 
2293.000000 0.049220 
2294.000000 0.049069 
2295.000000 0.048919 
2296.000000 0.048769 
2297.000000 0.048620 
2298.000000 0.048471 
2299.000000 0.048322 
2300.000000 0.048173 
2301.000000 0.048025 
2302.000000 0.047877 
2303.000000 0.047730 
2304.000000 0.047583 
2305.000000 0.047436 
2306.000000 0.047289 
2307.000000 0.047143 
2308.000000 0.046997 
2309.000000 0.046852 
2310.000000 0.046707 
2311.000000 0.046562 
2312.000000 0.046417 
2313.000000 0.046273 
2314.000000 0.046129 
2315.000000 0.045986 
2316.000000 0.045842 
2317.000000 0.045699 
2318.000000 0.045557 
2319.000000 0.045414 
2320.000000 0.045272 
2321.000000 0.045131 
2322.000000 0.044989 
2323.000000 0.044848 
2324.000000 0.044708 
2325.000000 0.044567 
2326.000000 0.044427 
2327.000000 0.044288 
2328.000000 0.044148 
2329.000000 0.044009 
2330.000000 0.043870 
2331.000000 0.043732 
2332.000000 0.043594 
2333.000000 0.043456 
2334.000000 0.043318 
2335.000000 0.043181 
2336.000000 0.043044 
2337.000000 0.042907 
2338.000000 0.042771 
2339.000000 0.042635 
2340.000000 0.042500 
2341.000000 0.042364 
2342.000000 0.042229 
2343.000000 0.042094 
2344.000000 0.041960 
2345.000000 0.041826 
2346.000000 0.041692 
2347.000000 0.041559 
2348.000000 0.041425 
2349.000000 0.041293 
2350.000000 0.041160 
2351.000000 0.041028 
2352.000000 0.040896 
2353.000000 0.040764 
2354.000000 0.040633 
2355.000000 0.040502 
2356.000000 0.040371 
2357.000000 0.040241 
2358.000000 0.040111 
2359.000000 0.039981 
2360.000000 0.039852 
2361.000000 0.039722 
2362.000000 0.039593 
2363.000000 0.039465 
2364.000000 0.039337 
2365.000000 0.039209 
2366.000000 0.039081 
2367.000000 0.038954 
2368.000000 0.038827 
2369.000000 0.038700 
2370.000000 0.038573 
2371.000000 0.038447 
2372.000000 0.038321 
2373.000000 0.038196 
2374.000000 0.038071 
2375.000000 0.037946 
2376.000000 0.037821 
2377.000000 0.037697 
2378.000000 0.037573 
2379.000000 0.037449 
2380.000000 0.037325 
2381.000000 0.037202 
2382.000000 0.037079 
2383.000000 0.036957 
2384.000000 0.036834 
2385.000000 0.036712 
2386.000000 0.036591 
2387.000000 0.036469 
2388.000000 0.036348 
2389.000000 0.036227 
2390.000000 0.036107 
2391.000000 0.035986 
2392.000000 0.035867 
2393.000000 0.035747 
2394.000000 0.035627 
2395.000000 0.035508 
2396.000000 0.035390 
2397.000000 0.035271 
2398.000000 0.035153 
2399.000000 0.035035 
2400.000000 0.034917 
2401.000000 0.034800 
2402.000000 0.034683 
2403.000000 0.034566 
2404.000000 0.034450 
2405.000000 0.034333 
2406.000000 0.034217 
2407.000000 0.034102 
2408.000000 0.033986 
2409.000000 0.033871 
2410.000000 0.033757 
2411.000000 0.033642 
2412.000000 0.033528 
2413.000000 0.033414 
2414.000000 0.033300 
2415.000000 0.033187 
2416.000000 0.033074 
2417.000000 0.032961 
2418.000000 0.032848 
2419.000000 0.032736 
2420.000000 0.032624 
2421.000000 0.032512 
2422.000000 0.032401 
2423.000000 0.032290 
2424.000000 0.032179 
2425.000000 0.032068 
2426.000000 0.031958 
2427.000000 0.031848 
2428.000000 0.031738 
2429.000000 0.031628 
2430.000000 0.031519 
2431.000000 0.031410 
2432.000000 0.031301 
2433.000000 0.031193 
2434.000000 0.031085 
2435.000000 0.030977 
2436.000000 0.030869 
2437.000000 0.030762 
2438.000000 0.030655 
2439.000000 0.030548 
2440.000000 0.030442 
2441.000000 0.030335 
2442.000000 0.030229 
2443.000000 0.030124 
2444.000000 0.030018 
2445.000000 0.029913 
2446.000000 0.029808 
2447.000000 0.029703 
2448.000000 0.029599 
2449.000000 0.029495 
2450.000000 0.029391 
2451.000000 0.029287 
2452.000000 0.029184 
2453.000000 0.029081 
2454.000000 0.028978 
2455.000000 0.028875 
2456.000000 0.028773 
2457.000000 0.028671 
2458.000000 0.028569 
2459.000000 0.028467 
2460.000000 0.028366 
2461.000000 0.028265 
2462.000000 0.028164 
2463.000000 0.028064 
2464.000000 0.027964 
2465.000000 0.027864 
2466.000000 0.027764 
2467.000000 0.027664 
2468.000000 0.027565 
2469.000000 0.027466 
2470.000000 0.027367 
2471.000000 0.027269 
2472.000000 0.027171 
2473.000000 0.027073 
2474.000000 0.026975 
2475.000000 0.026878 
2476.000000 0.026780 
2477.000000 0.026683 
2478.000000 0.026587 
2479.000000 0.026490 
2480.000000 0.026394 
2481.000000 0.026298 
2482.000000 0.026202 
2483.000000 0.026107 
2484.000000 0.026012 
2485.000000 0.025917 
2486.000000 0.025822 
2487.000000 0.025728 
2488.000000 0.025633 
2489.000000 0.025539 
2490.000000 0.025446 
2491.000000 0.025352 
2492.000000 0.025259 
2493.000000 0.025166 
2494.000000 0.025073 
2495.000000 0.024981 
2496.000000 0.024888 
2497.000000 0.024796 
2498.000000 0.024705 
2499.000000 0.024613 
2500.000000 0.024522 
2501.000000 0.024431 
2502.000000 0.024340 
2503.000000 0.024249 
2504.000000 0.024159 
2505.000000 0.024069 
2506.000000 0.023979 
2507.000000 0.023889 
2508.000000 0.023800 
2509.000000 0.023711 
2510.000000 0.023622 
2511.000000 0.023533 
2512.000000 0.023445 
2513.000000 0.023357 
2514.000000 0.023269 
2515.000000 0.023181 
2516.000000 0.023094 
2517.000000 0.023006 
2518.000000 0.022919 
2519.000000 0.022833 
2520.000000 0.022746 
2521.000000 0.022660 
2522.000000 0.022574 
2523.000000 0.022488 
2524.000000 0.022402 
2525.000000 0.022317 
2526.000000 0.022232 
2527.000000 0.022147 
2528.000000 0.022062 
2529.000000 0.021978 
2530.000000 0.021894 
2531.000000 0.021810 
2532.000000 0.021726 
2533.000000 0.021642 
2534.000000 0.021559 
2535.000000 0.021476 
2536.000000 0.021393 
2537.000000 0.021311 
2538.000000 0.021228 
2539.000000 0.021146 
2540.000000 0.021064 
2541.000000 0.020983 
2542.000000 0.020901 
2543.000000 0.020820 
2544.000000 0.020739 
2545.000000 0.020658 
2546.000000 0.020578 
2547.000000 0.020497 
2548.000000 0.020417 
2549.000000 0.020337 
2550.000000 0.020258 
2551.000000 0.020178 
2552.000000 0.020099 
2553.000000 0.020020 
2554.000000 0.019941 
2555.000000 0.019863 
2556.000000 0.019785 
2557.000000 0.019707 
2558.000000 0.019629 
2559.000000 0.019551 
2560.000000 0.019474 
2561.000000 0.019396 
2562.000000 0.019320 
2563.000000 0.019243 
2564.000000 0.019166 
2565.000000 0.019090 
2566.000000 0.019014 
2567.000000 0.018938 
2568.000000 0.018862 
2569.000000 0.018787 
2570.000000 0.018712 
2571.000000 0.018637 
2572.000000 0.018562 
2573.000000 0.018488 
2574.000000 0.018413 
2575.000000 0.018339 
2576.000000 0.018265 
2577.000000 0.018192 
2578.000000 0.018118 
2579.000000 0.018045 
2580.000000 0.017972 
2581.000000 0.017899 
2582.000000 0.017826 
2583.000000 0.017754 
2584.000000 0.017682 
2585.000000 0.017610 
2586.000000 0.017538 
2587.000000 0.017467 
2588.000000 0.017395 
2589.000000 0.017324 
2590.000000 0.017254 
2591.000000 0.017183 
2592.000000 0.017112 
2593.000000 0.017042 
2594.000000 0.016972 
2595.000000 0.016902 
2596.000000 0.016833 
2597.000000 0.016763 
2598.000000 0.016694 
2599.000000 0.016625 
2600.000000 0.016556 
2601.000000 0.016488 
2602.000000 0.016419 
2603.000000 0.016351 
2604.000000 0.016283 
2605.000000 0.016216 
2606.000000 0.016148 
2607.000000 0.016081 
2608.000000 0.016014 
2609.000000 0.015947 
2610.000000 0.015880 
2611.000000 0.015814 
2612.000000 0.015747 
2613.000000 0.015681 
2614.000000 0.015615 
2615.000000 0.015550 
2616.000000 0.015484 
2617.000000 0.015419 
2618.000000 0.015354 
2619.000000 0.015289 
2620.000000 0.015224 
2621.000000 0.015160 
2622.000000 0.015096 
2623.000000 0.015032 
2624.000000 0.014968 
2625.000000 0.014904 
2626.000000 0.014841 
2627.000000 0.014777 
2628.000000 0.014714 
2629.000000 0.014651 
2630.000000 0.014589 
2631.000000 0.014526 
2632.000000 0.014464 
2633.000000 0.014402 
2634.000000 0.014340 
2635.000000 0.014278 
2636.000000 0.014217 
2637.000000 0.014156 
2638.000000 0.014094 
2639.000000 0.014034 
2640.000000 0.013973 
2641.000000 0.013912 
2642.000000 0.013852 
2643.000000 0.013792 
2644.000000 0.013732 
2645.000000 0.013672 
2646.000000 0.013613 
2647.000000 0.013553 
2648.000000 0.013494 
2649.000000 0.013435 
2650.000000 0.013376 
2651.000000 0.013317 
2652.000000 0.013259 
2653.000000 0.013201 
2654.000000 0.013143 
2655.000000 0.013085 
2656.000000 0.013027 
2657.000000 0.012970 
2658.000000 0.012912 
2659.000000 0.012855 
2660.000000 0.012798 
2661.000000 0.012741 
2662.000000 0.012685 
2663.000000 0.012628 
2664.000000 0.012572 
2665.000000 0.012516 
2666.000000 0.012460 
2667.000000 0.012405 
2668.000000 0.012349 
2669.000000 0.012294 
2670.000000 0.012239 
2671.000000 0.012184 
2672.000000 0.012129 
2673.000000 0.012074 
2674.000000 0.012020 
2675.000000 0.011965 
2676.000000 0.011911 
2677.000000 0.011857 
2678.000000 0.011804 
2679.000000 0.011750 
2680.000000 0.011697 
2681.000000 0.011644 
2682.000000 0.011591 
2683.000000 0.011538 
2684.000000 0.011485 
2685.000000 0.011432 
2686.000000 0.011380 
2687.000000 0.011328 
2688.000000 0.011276 
2689.000000 0.011224 
2690.000000 0.011172 
2691.000000 0.011121 
2692.000000 0.011069 
2693.000000 0.011018 
2694.000000 0.010967 
2695.000000 0.010916 
2696.000000 0.010866 
2697.000000 0.010815 
2698.000000 0.010765 
2699.000000 0.010715 
2700.000000 0.010665 
2701.000000 0.010615 
2702.000000 0.010565 
2703.000000 0.010516 
2704.000000 0.010466 
2705.000000 0.010417 
2706.000000 0.010368 
2707.000000 0.010319 
2708.000000 0.010270 
2709.000000 0.010222 
2710.000000 0.010174 
2711.000000 0.010125 
2712.000000 0.010077 
2713.000000 0.010029 
2714.000000 0.009982 
2715.000000 0.009934 
2716.000000 0.009887 
2717.000000 0.009839 
2718.000000 0.009792 
2719.000000 0.009745 
2720.000000 0.009698 
2721.000000 0.009652 
2722.000000 0.009605 
2723.000000 0.009559 
2724.000000 0.009513 
2725.000000 0.009467 
2726.000000 0.009421 
2727.000000 0.009375 
2728.000000 0.009329 
2729.000000 0.009284 
2730.000000 0.009239 
2731.000000 0.009194 
2732.000000 0.009149 
2733.000000 0.009104 
2734.000000 0.009059 
2735.000000 0.009015 
2736.000000 0.008970 
2737.000000 0.008926 
2738.000000 0.008882 
2739.000000 0.008838 
2740.000000 0.008794 
2741.000000 0.008751 
2742.000000 0.008707 
2743.000000 0.008664 
2744.000000 0.008621 
2745.000000 0.008578 
2746.000000 0.008535 
2747.000000 0.008492 
2748.000000 0.008449 
2749.000000 0.008407 
2750.000000 0.008365 
2751.000000 0.008322 
2752.000000 0.008280 
2753.000000 0.008239 
2754.000000 0.008197 
2755.000000 0.008155 
2756.000000 0.008114 
2757.000000 0.008073 
2758.000000 0.008031 
2759.000000 0.007990 
2760.000000 0.007949 
2761.000000 0.007909 
2762.000000 0.007868 
2763.000000 0.007828 
2764.000000 0.007787 
2765.000000 0.007747 
2766.000000 0.007707 
2767.000000 0.007667 
2768.000000 0.007628 
2769.000000 0.007588 
2770.000000 0.007549 
2771.000000 0.007509 
2772.000000 0.007470 
2773.000000 0.007431 
2774.000000 0.007392 
2775.000000 0.007354 
2776.000000 0.007315 
2777.000000 0.007277 
2778.000000 0.007238 
2779.000000 0.007200 
2780.000000 0.007162 
2781.000000 0.007124 
2782.000000 0.007086 
2783.000000 0.007049 
2784.000000 0.007011 
2785.000000 0.006974 
2786.000000 0.006937 
2787.000000 0.006899 
2788.000000 0.006863 
2789.000000 0.006826 
2790.000000 0.006789 
2791.000000 0.006753 
2792.000000 0.006716 
2793.000000 0.006680 
2794.000000 0.006644 
2795.000000 0.006608 
2796.000000 0.006572 
2797.000000 0.006536 
2798.000000 0.006501 
2799.000000 0.006465 
2800.000000 0.006430 
2801.000000 0.006395 
2802.000000 0.006360 
2803.000000 0.006325 
2804.000000 0.006290 
2805.000000 0.006255 
2806.000000 0.006221 
2807.000000 0.006186 
2808.000000 0.006152 
2809.000000 0.006118 
2810.000000 0.006084 
2811.000000 0.006050 
2812.000000 0.006017 
2813.000000 0.005983 
2814.000000 0.005950 
2815.000000 0.005916 
2816.000000 0.005883 
2817.000000 0.005850 
2818.000000 0.005817 
2819.000000 0.005784 
2820.000000 0.005752 
2821.000000 0.005719 
2822.000000 0.005687 
2823.000000 0.005655 
2824.000000 0.005623 
2825.000000 0.005591 
2826.000000 0.005559 
2827.000000 0.005527 
2828.000000 0.005496 
2829.000000 0.005464 
2830.000000 0.005433 
2831.000000 0.005402 
2832.000000 0.005371 
2833.000000 0.005340 
2834.000000 0.005309 
2835.000000 0.005278 
2836.000000 0.005248 
2837.000000 0.005217 
2838.000000 0.005187 
2839.000000 0.005157 
2840.000000 0.005127 
2841.000000 0.005097 
2842.000000 0.005067 
2843.000000 0.005038 
2844.000000 0.005008 
2845.000000 0.004979 
2846.000000 0.004949 
2847.000000 0.004920 
2848.000000 0.004891 
2849.000000 0.004862 
2850.000000 0.004834 
2851.000000 0.004805 
2852.000000 0.004777 
2853.000000 0.004748 
2854.000000 0.004720 
2855.000000 0.004692 
2856.000000 0.004664 
2857.000000 0.004636 
2858.000000 0.004609 
2859.000000 0.004581 
2860.000000 0.004554 
2861.000000 0.004526 
2862.000000 0.004499 
2863.000000 0.004472 
2864.000000 0.004445 
2865.000000 0.004418 
2866.000000 0.004391 
2867.000000 0.004365 
2868.000000 0.004338 
2869.000000 0.004312 
2870.000000 0.004286 
2871.000000 0.004260 
2872.000000 0.004234 
2873.000000 0.004208 
2874.000000 0.004182 
2875.000000 0.004157 
2876.000000 0.004131 
2877.000000 0.004106 
2878.000000 0.004081 
2879.000000 0.004056 
2880.000000 0.004031 
2881.000000 0.004006 
2882.000000 0.003981 
2883.000000 0.003956 
2884.000000 0.003932 
2885.000000 0.003908 
2886.000000 0.003883 
2887.000000 0.003859 
2888.000000 0.003835 
2889.000000 0.003811 
2890.000000 0.003788 
2891.000000 0.003764 
2892.000000 0.003740 
2893.000000 0.003717 
2894.000000 0.003694 
2895.000000 0.003670 
2896.000000 0.003647 
2897.000000 0.003624 
2898.000000 0.003602 
2899.000000 0.003579 
2900.000000 0.003556 
2901.000000 0.003534 
2902.000000 0.003511 
2903.000000 0.003489 
2904.000000 0.003467 
2905.000000 0.003445 
2906.000000 0.003423 
2907.000000 0.003401 
2908.000000 0.003380 
2909.000000 0.003358 
2910.000000 0.003337 
2911.000000 0.003315 
2912.000000 0.003294 
2913.000000 0.003273 
2914.000000 0.003252 
2915.000000 0.003231 
2916.000000 0.003210 
2917.000000 0.003190 
2918.000000 0.003169 
2919.000000 0.003149 
2920.000000 0.003129 
2921.000000 0.003108 
2922.000000 0.003088 
2923.000000 0.003068 
2924.000000 0.003048 
2925.000000 0.003029 
2926.000000 0.003009 
2927.000000 0.002989 
2928.000000 0.002970 
2929.000000 0.002951 
2930.000000 0.002931 
2931.000000 0.002912 
2932.000000 0.002893 
2933.000000 0.002874 
2934.000000 0.002856 
2935.000000 0.002837 
2936.000000 0.002818 
2937.000000 0.002800 
2938.000000 0.002782 
2939.000000 0.002763 
2940.000000 0.002745 
2941.000000 0.002727 
2942.000000 0.002709 
2943.000000 0.002691 
2944.000000 0.002674 
2945.000000 0.002656 
2946.000000 0.002638 
2947.000000 0.002621 
2948.000000 0.002604 
2949.000000 0.002586 
2950.000000 0.002569 
2951.000000 0.002552 
2952.000000 0.002535 
2953.000000 0.002519 
2954.000000 0.002502 
2955.000000 0.002485 
2956.000000 0.002469 
2957.000000 0.002452 
2958.000000 0.002436 
2959.000000 0.002420 
2960.000000 0.002404 
2961.000000 0.002388 
2962.000000 0.002372 
2963.000000 0.002356 
2964.000000 0.002340 
2965.000000 0.002325 
2966.000000 0.002309 
2967.000000 0.002294 
2968.000000 0.002279 
2969.000000 0.002264 
2970.000000 0.002248 
2971.000000 0.002233 
2972.000000 0.002219 
2973.000000 0.002204 
2974.000000 0.002189 
2975.000000 0.002175 
2976.000000 0.002160 
2977.000000 0.002146 
2978.000000 0.002131 
2979.000000 0.002117 
2980.000000 0.002103 
2981.000000 0.002089 
2982.000000 0.002075 
2983.000000 0.002061 
2984.000000 0.002048 
2985.000000 0.002034 
2986.000000 0.002021 
2987.000000 0.002007 
2988.000000 0.001994 
2989.000000 0.001981 
2990.000000 0.001967 
2991.000000 0.001954 
2992.000000 0.001941 
2993.000000 0.001929 
2994.000000 0.001916 
2995.000000 0.001903 
2996.000000 0.001891 
2997.000000 0.001878 
2998.000000 0.001866 
2999.000000 0.001854 
3000.000000 0.001842 
3001.000000 0.001830 
3002.000000 0.001818 
3003.000000 0.001806 
3004.000000 0.001794 
3005.000000 0.001782 
3006.000000 0.001771 
3007.000000 0.001759 
3008.000000 0.001748 
3009.000000 0.001737 
3010.000000 0.001725 
3011.000000 0.001714 
3012.000000 0.001703 
3013.000000 0.001692 
3014.000000 0.001682 
3015.000000 0.001671 
3016.000000 0.001660 
3017.000000 0.001650 
3018.000000 0.001639 
3019.000000 0.001629 
3020.000000 0.001619 
3021.000000 0.001609 
3022.000000 0.001599 
3023.000000 0.001589 
3024.000000 0.001579 
3025.000000 0.001569 
3026.000000 0.001560 
3027.000000 0.001550 
3028.000000 0.001541 
3029.000000 0.001531 
3030.000000 0.001522 
3031.000000 0.001513 
3032.000000 0.001504 
3033.000000 0.001495 
3034.000000 0.001486 
3035.000000 0.001477 
3036.000000 0.001469 
3037.000000 0.001460 
3038.000000 0.001452 
3039.000000 0.001443 
3040.000000 0.001435 
3041.000000 0.001427 
3042.000000 0.001419 
3043.000000 0.001411 
3044.000000 0.001403 
3045.000000 0.001395 
3046.000000 0.001387 
3047.000000 0.001380 
3048.000000 0.001372 
3049.000000 0.001365 
3050.000000 0.001358 
3051.000000 0.001350 
3052.000000 0.001343 
3053.000000 0.001336 
3054.000000 0.001329 
3055.000000 0.001323 
3056.000000 0.001316 
3057.000000 0.001309 
3058.000000 0.001303 
3059.000000 0.001296 
3060.000000 0.001290 
3061.000000 0.001284 
3062.000000 0.001277 
3063.000000 0.001271 
3064.000000 0.001265 
3065.000000 0.001259 
3066.000000 0.001254 
3067.000000 0.001248 
3068.000000 0.001242 
3069.000000 0.001237 
3070.000000 0.001231 
3071.000000 0.001226 
3072.000000 0.001221 
3073.000000 0.001216 
3074.000000 0.001210 
3075.000000 0.001206 
3076.000000 0.001201 
3077.000000 0.001196 
3078.000000 0.001191 
3079.000000 0.001186 
3080.000000 0.001182 
3081.000000 0.001177 
3082.000000 0.001173 
3083.000000 0.001169 
3084.000000 0.001165 
3085.000000 0.001160 
3086.000000 0.001156 
3087.000000 0.001152 
3088.000000 0.001149 
3089.000000 0.001145 
3090.000000 0.001141 
3091.000000 0.001137 
3092.000000 0.001134 
3093.000000 0.001130 
3094.000000 0.001127 
3095.000000 0.001124 
3096.000000 0.001120 
3097.000000 0.001117 
3098.000000 0.001114 
3099.000000 0.001111 
3100.000000 0.001108 
3101.000000 0.001105 
3102.000000 0.001102 
3103.000000 0.001100 
3104.000000 0.001097 
3105.000000 0.001095 
3106.000000 0.001092 
3107.000000 0.001090 
3108.000000 0.001087 
3109.000000 0.001085 
3110.000000 0.001083 
3111.000000 0.001080 
3112.000000 0.001078 
3113.000000 0.001076 
3114.000000 0.001074 
3115.000000 0.001072 
3116.000000 0.001070 
3117.000000 0.001068 
3118.000000 0.001067 
3119.000000 0.001065 
3120.000000 0.001063 
3121.000000 0.001062 
3122.000000 0.001060 
3123.000000 0.001059 
3124.000000 0.001057 
3125.000000 0.001056 
3126.000000 0.001054 
3127.000000 0.001053 
3128.000000 0.001052 
3129.000000 0.001051 
3130.000000 0.001049 
3131.000000 0.001048 
3132.000000 0.001047 
3133.000000 0.001046 
3134.000000 0.001045 
3135.000000 0.001044 
3136.000000 0.001043 
3137.000000 0.001042 
3138.000000 0.001042 
3139.000000 0.001041 
3140.000000 0.001040 
3141.000000 0.001039 
3142.000000 0.001039 
3143.000000 0.001038 
3144.000000 0.001037 
3145.000000 0.001037 
3146.000000 0.001036 
3147.000000 0.001036 
3148.000000 0.001035 
3149.000000 0.001035 
3150.000000 0.001034 
3151.000000 0.001034 
3152.000000 0.001034 
3153.000000 0.001033 
3154.000000 0.001033 
3155.000000 0.001033 
3156.000000 0.001032 
3157.000000 0.001032 
3158.000000 0.001032 
3159.000000 0.001032 
3160.000000 0.001031 
3161.000000 0.001031 
3162.000000 0.001031 
3163.000000 0.001031 
3164.000000 0.001031 
3165.000000 0.001031 
3166.000000 0.001031 
3167.000000 0.001031 
3168.000000 0.001031 
3169.000000 0.001031 
3170.000000 0.001031 
3171.000000 0.001031 
3172.000000 0.001031 
3173.000000 0.001031 
3174.000000 0.001031 
3175.000000 0.001031 
3176.000000 0.001031 
3177.000000 0.001031 
3178.000000 0.001031 
3179.000000 0.001031 
3180.000000 0.001031 
3181.000000 0.001031 
3182.000000 0.001031 
3183.000000 0.001031 
3184.000000 0.001032 
3185.000000 0.001032 
3186.000000 0.001032 
3187.000000 0.001032 
3188.000000 0.001032 
3189.000000 0.001032 
3190.000000 0.001032 
3191.000000 0.001033 
3192.000000 0.001033 
3193.000000 0.001033 
3194.000000 0.001033 
3195.000000 0.001033 
3196.000000 0.001033 
3197.000000 0.001034 
3198.000000 0.001034 
3199.000000 0.001034 
3200.000000 0.001034 
3201.000000 0.001034 
3202.000000 0.001034 
3203.000000 0.001035 
3204.000000 0.001035 
3205.000000 0.001035 
3206.000000 0.001035 
3207.000000 0.001035 
3208.000000 0.001035 
3209.000000 0.001036 
3210.000000 0.001036 
3211.000000 0.001036 
3212.000000 0.001036 
3213.000000 0.001036 
3214.000000 0.001036 
3215.000000 0.001036 
3216.000000 0.001037 
3217.000000 0.001037 
3218.000000 0.001037 
3219.000000 0.001037 
3220.000000 0.001037 
3221.000000 0.001037 
3222.000000 0.001037 
3223.000000 0.001037 
3224.000000 0.001038 
3225.000000 0.001038 
3226.000000 0.001038 
3227.000000 0.001038 
3228.000000 0.001038 
3229.000000 0.001038 
3230.000000 0.001038 
3231.000000 0.001038 
3232.000000 0.001038 
3233.000000 0.001038 
3234.000000 0.001038 
3235.000000 0.001038 
3236.000000 0.001038 
3237.000000 0.001038 
3238.000000 0.001038 
3239.000000 0.001038 
3240.000000 0.001038 
3241.000000 0.001038 
3242.000000 0.001038 
3243.000000 0.001038 
3244.000000 0.001038 
3245.000000 0.001038 
3246.000000 0.001038 
3247.000000 0.001038 
3248.000000 0.001038 
3249.000000 0.001038 
3250.000000 0.001038 
3251.000000 0.001038 
3252.000000 0.001037 
3253.000000 0.001037 
3254.000000 0.001037 
3255.000000 0.001037 
3256.000000 0.001037 
3257.000000 0.001037 
3258.000000 0.001037 
3259.000000 0.001036 
3260.000000 0.001036 
3261.000000 0.001036 
3262.000000 0.001036 
3263.000000 0.001036 
3264.000000 0.001035 
3265.000000 0.001035 
3266.000000 0.001035 
3267.000000 0.001035 
3268.000000 0.001034 
3269.000000 0.001034 
3270.000000 0.001034 
3271.000000 0.001034 
3272.000000 0.001033 
3273.000000 0.001033 
3274.000000 0.001033 
3275.000000 0.001032 
3276.000000 0.001032 
3277.000000 0.001032 
3278.000000 0.001031 
3279.000000 0.001031 
3280.000000 0.001031 
3281.000000 0.001030 
3282.000000 0.001030 
3283.000000 0.001029 
3284.000000 0.001029 
3285.000000 0.001028 
3286.000000 0.001028 
3287.000000 0.001028 
3288.000000 0.001027 
3289.000000 0.001027 
3290.000000 0.001026 
3291.000000 0.001026 
3292.000000 0.001025 
3293.000000 0.001025 
3294.000000 0.001024 
3295.000000 0.001024 
3296.000000 0.001023 
3297.000000 0.001022 
3298.000000 0.001022 
3299.000000 0.001021 
3300.000000 0.001021 
3301.000000 0.001020 
3302.000000 0.001020 
3303.000000 0.001019 
3304.000000 0.001018 
3305.000000 0.001018 
3306.000000 0.001017 
3307.000000 0.001016 
3308.000000 0.001016 
3309.000000 0.001015 
3310.000000 0.001014 
3311.000000 0.001014 
3312.000000 0.001013 
3313.000000 0.001012 
3314.000000 0.001011 
3315.000000 0.001011 
3316.000000 0.001010 
3317.000000 0.001009 
3318.000000 0.001008 
3319.000000 0.001008 
3320.000000 0.001007 
3321.000000 0.001006 
3322.000000 0.001005 
3323.000000 0.001004 
3324.000000 0.001003 
3325.000000 0.001003 
3326.000000 0.001002 
3327.000000 0.001001 
3328.000000 0.001000 
3329.000000 0.000999 
3330.000000 0.000998 
3331.000000 0.000997 
3332.000000 0.000996 
3333.000000 0.000995 
3334.000000 0.000994 
3335.000000 0.000993 
3336.000000 0.000992 
3337.000000 0.000991 
3338.000000 0.000990 
3339.000000 0.000989 
3340.000000 0.000988 
3341.000000 0.000987 
3342.000000 0.000986 
3343.000000 0.000985 
3344.000000 0.000984 
3345.000000 0.000983 
3346.000000 0.000982 
3347.000000 0.000981 
3348.000000 0.000980 
3349.000000 0.000979 
3350.000000 0.000978 
3351.000000 0.000976 
3352.000000 0.000975 
3353.000000 0.000974 
3354.000000 0.000973 
3355.000000 0.000972 
3356.000000 0.000971 
3357.000000 0.000969 
3358.000000 0.000968 
3359.000000 0.000967 
3360.000000 0.000966 
3361.000000 0.000964 
3362.000000 0.000963 
3363.000000 0.000962 
3364.000000 0.000961 
3365.000000 0.000959 
3366.000000 0.000958 
3367.000000 0.000957 
3368.000000 0.000955 
3369.000000 0.000954 
3370.000000 0.000953 
3371.000000 0.000951 
3372.000000 0.000950 
3373.000000 0.000949 
3374.000000 0.000947 
3375.000000 0.000946 
3376.000000 0.000944 
3377.000000 0.000943 
3378.000000 0.000942 
3379.000000 0.000940 
3380.000000 0.000939 
3381.000000 0.000937 
3382.000000 0.000936 
3383.000000 0.000934 
3384.000000 0.000933 
3385.000000 0.000931 
3386.000000 0.000930 
3387.000000 0.000928 
3388.000000 0.000927 
3389.000000 0.000925 
3390.000000 0.000923 
3391.000000 0.000922 
3392.000000 0.000920 
3393.000000 0.000919 
3394.000000 0.000917 
3395.000000 0.000916 
3396.000000 0.000914 
3397.000000 0.000912 
3398.000000 0.000911 
3399.000000 0.000909 
3400.000000 0.000907 
3401.000000 0.000906 
3402.000000 0.000904 
3403.000000 0.000902 
3404.000000 0.000901 
3405.000000 0.000899 
3406.000000 0.000897 
3407.000000 0.000896 
3408.000000 0.000894 
3409.000000 0.000892 
3410.000000 0.000890 
3411.000000 0.000889 
3412.000000 0.000887 
3413.000000 0.000885 
3414.000000 0.000883 
3415.000000 0.000881 
3416.000000 0.000880 
3417.000000 0.000878 
3418.000000 0.000876 
3419.000000 0.000874 
3420.000000 0.000872 
3421.000000 0.000871 
3422.000000 0.000869 
3423.000000 0.000867 
3424.000000 0.000865 
3425.000000 0.000863 
3426.000000 0.000861 
3427.000000 0.000859 
3428.000000 0.000857 
3429.000000 0.000856 
3430.000000 0.000854 
3431.000000 0.000852 
3432.000000 0.000850 
3433.000000 0.000848 
3434.000000 0.000846 
3435.000000 0.000844 
3436.000000 0.000842 
3437.000000 0.000840 
3438.000000 0.000838 
3439.000000 0.000836 
3440.000000 0.000834 
3441.000000 0.000832 
3442.000000 0.000830 
3443.000000 0.000828 
3444.000000 0.000826 
3445.000000 0.000824 
3446.000000 0.000822 
3447.000000 0.000820 
3448.000000 0.000818 
3449.000000 0.000816 
3450.000000 0.000814 
3451.000000 0.000812 
3452.000000 0.000810 
3453.000000 0.000808 
3454.000000 0.000806 
3455.000000 0.000804 
3456.000000 0.000802 
3457.000000 0.000800 
3458.000000 0.000798 
3459.000000 0.000795 
3460.000000 0.000793 
3461.000000 0.000791 
3462.000000 0.000789 
3463.000000 0.000787 
3464.000000 0.000785 
3465.000000 0.000783 
3466.000000 0.000781 
3467.000000 0.000779 
3468.000000 0.000776 
3469.000000 0.000774 
3470.000000 0.000772 
3471.000000 0.000770 
3472.000000 0.000768 
3473.000000 0.000766 
3474.000000 0.000764 
3475.000000 0.000761 
3476.000000 0.000759 
3477.000000 0.000757 
3478.000000 0.000755 
3479.000000 0.000753 
3480.000000 0.000750 
3481.000000 0.000748 
3482.000000 0.000746 
3483.000000 0.000744 
3484.000000 0.000742 
3485.000000 0.000739 
3486.000000 0.000737 
3487.000000 0.000735 
3488.000000 0.000733 
3489.000000 0.000731 
3490.000000 0.000728 
3491.000000 0.000726 
3492.000000 0.000724 
3493.000000 0.000722 
3494.000000 0.000720 
3495.000000 0.000717 
3496.000000 0.000715 
3497.000000 0.000713 
3498.000000 0.000711 
3499.000000 0.000708 
3500.000000 0.000706 
3501.000000 0.000704 
3502.000000 0.000702 
3503.000000 0.000699 
3504.000000 0.000697 
3505.000000 0.000695 
3506.000000 0.000693 
3507.000000 0.000690 
3508.000000 0.000688 
3509.000000 0.000686 
3510.000000 0.000684 
3511.000000 0.000681 
3512.000000 0.000679 
3513.000000 0.000677 
3514.000000 0.000674 
3515.000000 0.000672 
3516.000000 0.000670 
3517.000000 0.000668 
3518.000000 0.000665 
3519.000000 0.000663 
3520.000000 0.000661 
3521.000000 0.000658 
3522.000000 0.000656 
3523.000000 0.000654 
3524.000000 0.000652 
3525.000000 0.000649 
3526.000000 0.000647 
3527.000000 0.000645 
3528.000000 0.000642 
3529.000000 0.000640 
3530.000000 0.000638 
3531.000000 0.000635 
3532.000000 0.000633 
3533.000000 0.000631 
3534.000000 0.000628 
3535.000000 0.000626 
3536.000000 0.000624 
3537.000000 0.000622 
3538.000000 0.000619 
3539.000000 0.000617 
3540.000000 0.000615 
3541.000000 0.000612 
3542.000000 0.000610 
3543.000000 0.000608 
3544.000000 0.000605 
3545.000000 0.000603 
3546.000000 0.000601 
3547.000000 0.000598 
3548.000000 0.000596 
3549.000000 0.000594 
3550.000000 0.000591 
3551.000000 0.000589 
3552.000000 0.000587 
3553.000000 0.000584 
3554.000000 0.000582 
3555.000000 0.000580 
3556.000000 0.000577 
3557.000000 0.000575 
3558.000000 0.000573 
3559.000000 0.000570 
3560.000000 0.000568 
3561.000000 0.000565 
3562.000000 0.000563 
3563.000000 0.000561 
3564.000000 0.000558 
3565.000000 0.000556 
3566.000000 0.000554 
3567.000000 0.000551 
3568.000000 0.000549 
3569.000000 0.000547 
3570.000000 0.000544 
3571.000000 0.000542 
3572.000000 0.000540 
3573.000000 0.000537 
3574.000000 0.000535 
3575.000000 0.000532 
3576.000000 0.000530 
3577.000000 0.000528 
3578.000000 0.000525 
3579.000000 0.000523 
3580.000000 0.000521 
3581.000000 0.000518 
3582.000000 0.000516 
3583.000000 0.000513 
3584.000000 0.000511 
3585.000000 0.000509 
3586.000000 0.000506 
3587.000000 0.000504 
3588.000000 0.000502 
3589.000000 0.000499 
3590.000000 0.000497 
3591.000000 0.000494 
3592.000000 0.000492 
3593.000000 0.000490 
3594.000000 0.000487 
3595.000000 0.000485 
3596.000000 0.000482 
3597.000000 0.000480 
3598.000000 0.000478 
3599.000000 0.000475 
3600.000000 0.000473 
3601.000000 0.000470 
3602.000000 0.000468 
3603.000000 0.000466 
3604.000000 0.000463 
3605.000000 0.000461 
3606.000000 0.000458 
3607.000000 0.000456 
3608.000000 0.000454 
3609.000000 0.000451 
3610.000000 0.000449 
3611.000000 0.000446 
3612.000000 0.000444 
3613.000000 0.000442 
3614.000000 0.000439 
3615.000000 0.000437 
3616.000000 0.000434 
3617.000000 0.000432 
3618.000000 0.000429 
3619.000000 0.000427 
3620.000000 0.000424 
3621.000000 0.000422 
3622.000000 0.000420 
3623.000000 0.000417 
3624.000000 0.000415 
3625.000000 0.000412 
3626.000000 0.000410 
3627.000000 0.000407 
3628.000000 0.000405 
3629.000000 0.000403 
3630.000000 0.000400 
3631.000000 0.000398 
3632.000000 0.000395 
3633.000000 0.000393 
3634.000000 0.000390 
3635.000000 0.000388 
3636.000000 0.000385 
3637.000000 0.000383 
3638.000000 0.000380 
3639.000000 0.000378 
3640.000000 0.000375 
3641.000000 0.000373 
3642.000000 0.000370 
3643.000000 0.000368 
3644.000000 0.000365 
3645.000000 0.000363 
3646.000000 0.000361 
3647.000000 0.000358 
3648.000000 0.000356 
3649.000000 0.000353 
3650.000000 0.000351 
3651.000000 0.000348 
3652.000000 0.000346 
3653.000000 0.000343 
3654.000000 0.000341 
3655.000000 0.000338 
3656.000000 0.000335 
3657.000000 0.000333 
3658.000000 0.000330 
3659.000000 0.000328 
3660.000000 0.000325 
3661.000000 0.000323 
3662.000000 0.000320 
3663.000000 0.000318 
3664.000000 0.000315 
3665.000000 0.000313 
3666.000000 0.000310 
3667.000000 0.000308 
3668.000000 0.000305 
3669.000000 0.000302 
3670.000000 0.000300 
3671.000000 0.000297 
3672.000000 0.000295 
3673.000000 0.000292 
3674.000000 0.000290 
3675.000000 0.000287 
3676.000000 0.000284 
3677.000000 0.000282 
3678.000000 0.000279 
3679.000000 0.000277 
3680.000000 0.000274 
3681.000000 0.000271 
3682.000000 0.000269 
3683.000000 0.000266 
3684.000000 0.000263 
3685.000000 0.000261 
3686.000000 0.000258 
3687.000000 0.000255 
3688.000000 0.000253 
3689.000000 0.000250 
3690.000000 0.000247 
3691.000000 0.000245 
3692.000000 0.000242 
3693.000000 0.000239 
3694.000000 0.000237 
3695.000000 0.000234 
3696.000000 0.000231 
3697.000000 0.000228 
3698.000000 0.000226 
3699.000000 0.000223 
3700.000000 0.000220 
3701.000000 0.000217 
3702.000000 0.000215 
3703.000000 0.000212 
3704.000000 0.000209 
3705.000000 0.000206 
3706.000000 0.000203 
3707.000000 0.000200 
3708.000000 0.000197 
3709.000000 0.000194 
3710.000000 0.000192 
3711.000000 0.000189 
3712.000000 0.000186 
3713.000000 0.000183 
3714.000000 0.000180 
3715.000000 0.000177 
3716.000000 0.000174 
3717.000000 0.000170 
3718.000000 0.000167 
3719.000000 0.000164 
3720.000000 0.000161 
3721.000000 0.000158 
3722.000000 0.000155 
3723.000000 0.000151 
3724.000000 0.000148 
3725.000000 0.000145 
3726.000000 0.000141 
3727.000000 0.000138 
3728.000000 0.000134 
3729.000000 0.000131 
3730.000000 0.000127 
3731.000000 0.000123 
3732.000000 0.000120 
3733.000000 0.000116 
3734.000000 0.000112 
3735.000000 0.000108 
3736.000000 0.000104 
3737.000000 0.000099 
3738.000000 0.000095 
3739.000000 0.000090 
3740.000000 0.000086 
3741.000000 0.000080 
3742.000000 0.000075 
3743.000000 0.000070 
3744.000000 0.000063 
3745.000000 0.000057 
3746.000000 0.000049 
3747.000000 0.000041 
3748.000000 0.000030 
3749.000000 0.000011 
3750.000000 -0.000025 
3751.000000 -0.000037 
3752.000000 -0.000046 
3753.000000 -0.000053 
3754.000000 -0.000060 
3755.000000 -0.000065 
3756.000000 -0.000071 
3757.000000 -0.000075 
3758.000000 -0.000080 
3759.000000 -0.000084 
3760.000000 -0.000088 
3761.000000 -0.000092 
3762.000000 -0.000095 
3763.000000 -0.000099 
3764.000000 -0.000102 
3765.000000 -0.000105 
3766.000000 -0.000108 
3767.000000 -0.000111 
3768.000000 -0.000113 
3769.000000 -0.000116 
3770.000000 -0.000118 
3771.000000 -0.000121 
3772.000000 -0.000123 
3773.000000 -0.000126 
3774.000000 -0.000128 
3775.000000 -0.000130 
3776.000000 -0.000132 
3777.000000 -0.000134 
3778.000000 -0.000136 
3779.000000 -0.000138 
3780.000000 -0.000140 
3781.000000 -0.000142 
3782.000000 -0.000143 
3783.000000 -0.000145 
3784.000000 -0.000147 
3785.000000 -0.000148 
3786.000000 -0.000150 
3787.000000 -0.000152 
3788.000000 -0.000153 
3789.000000 -0.000155 
3790.000000 -0.000156 
3791.000000 -0.000158 
3792.000000 -0.000159 
3793.000000 -0.000160 
3794.000000 -0.000162 
3795.000000 -0.000163 
3796.000000 -0.000164 
3797.000000 -0.000165 
3798.000000 -0.000167 
3799.000000 -0.000168 
3800.000000 -0.000169 
3801.000000 -0.000170 
3802.000000 -0.000171 
3803.000000 -0.000172 
3804.000000 -0.000173 
3805.000000 -0.000174 
3806.000000 -0.000175 
3807.000000 -0.000176 
3808.000000 -0.000177 
3809.000000 -0.000178 
3810.000000 -0.000179 
3811.000000 -0.000180 
3812.000000 -0.000181 
3813.000000 -0.000182 
3814.000000 -0.000182 
3815.000000 -0.000183 
3816.000000 -0.000184 
3817.000000 -0.000185 
3818.000000 -0.000186 
3819.000000 -0.000186 
3820.000000 -0.000187 
3821.000000 -0.000188 
3822.000000 -0.000188 
3823.000000 -0.000189 
3824.000000 -0.000190 
3825.000000 -0.000190 
3826.000000 -0.000191 
3827.000000 -0.000192 
3828.000000 -0.000192 
3829.000000 -0.000193 
3830.000000 -0.000193 
3831.000000 -0.000194 
3832.000000 -0.000194 
3833.000000 -0.000195 
3834.000000 -0.000196 
3835.000000 -0.000196 
3836.000000 -0.000196 
3837.000000 -0.000197 
3838.000000 -0.000197 
3839.000000 -0.000198 
3840.000000 -0.000198 
3841.000000 -0.000199 
3842.000000 -0.000199 
3843.000000 -0.000199 
3844.000000 -0.000200 
3845.000000 -0.000200 
3846.000000 -0.000201 
3847.000000 -0.000201 
3848.000000 -0.000201 
3849.000000 -0.000202 
3850.000000 -0.000202 
3851.000000 -0.000202 
3852.000000 -0.000202 
3853.000000 -0.000203 
3854.000000 -0.000203 
3855.000000 -0.000203 
3856.000000 -0.000203 
3857.000000 -0.000204 
3858.000000 -0.000204 
3859.000000 -0.000204 
3860.000000 -0.000204 
3861.000000 -0.000205 
3862.000000 -0.000205 
3863.000000 -0.000205 
3864.000000 -0.000205 
3865.000000 -0.000205 
3866.000000 -0.000205 
3867.000000 -0.000205 
3868.000000 -0.000206 
3869.000000 -0.000206 
3870.000000 -0.000206 
3871.000000 -0.000206 
3872.000000 -0.000206 
3873.000000 -0.000206 
3874.000000 -0.000206 
3875.000000 -0.000206 
3876.000000 -0.000206 
3877.000000 -0.000206 
3878.000000 -0.000206 
3879.000000 -0.000206 
3880.000000 -0.000206 
3881.000000 -0.000206 
3882.000000 -0.000206 
3883.000000 -0.000206 
3884.000000 -0.000206 
3885.000000 -0.000206 
3886.000000 -0.000206 
3887.000000 -0.000206 
3888.000000 -0.000206 
3889.000000 -0.000206 
3890.000000 -0.000206 
3891.000000 -0.000206 
3892.000000 -0.000206 
3893.000000 -0.000206 
3894.000000 -0.000206 
3895.000000 -0.000206 
3896.000000 -0.000205 
3897.000000 -0.000205 
3898.000000 -0.000205 
3899.000000 -0.000205 
3900.000000 -0.000205 
3901.000000 -0.000205 
3902.000000 -0.000205 
3903.000000 -0.000204 
3904.000000 -0.000204 
3905.000000 -0.000204 
3906.000000 -0.000204 
3907.000000 -0.000204 
3908.000000 -0.000204 
3909.000000 -0.000203 
3910.000000 -0.000203 
3911.000000 -0.000203 
3912.000000 -0.000203 
3913.000000 -0.000202 
3914.000000 -0.000202 
3915.000000 -0.000202 
3916.000000 -0.000202 
3917.000000 -0.000201 
3918.000000 -0.000201 
3919.000000 -0.000201 
3920.000000 -0.000201 
3921.000000 -0.000200 
3922.000000 -0.000200 
3923.000000 -0.000200 
3924.000000 -0.000199 
3925.000000 -0.000199 
3926.000000 -0.000199 
3927.000000 -0.000199 
3928.000000 -0.000198 
3929.000000 -0.000198 
3930.000000 -0.000198 
3931.000000 -0.000197 
3932.000000 -0.000197 
3933.000000 -0.000196 
3934.000000 -0.000196 
3935.000000 -0.000196 
3936.000000 -0.000195 
3937.000000 -0.000195 
3938.000000 -0.000195 
3939.000000 -0.000194 
3940.000000 -0.000194 
3941.000000 -0.000193 
3942.000000 -0.000193 
3943.000000 -0.000193 
3944.000000 -0.000192 
3945.000000 -0.000192 
3946.000000 -0.000191 
3947.000000 -0.000191 
3948.000000 -0.000190 
3949.000000 -0.000190 
3950.000000 -0.000189 
3951.000000 -0.000189 
3952.000000 -0.000188 
3953.000000 -0.000188 
3954.000000 -0.000188 
3955.000000 -0.000187 
3956.000000 -0.000187 
3957.000000 -0.000186 
3958.000000 -0.000186 
3959.000000 -0.000185 
3960.000000 -0.000185 
3961.000000 -0.000184 
3962.000000 -0.000183 
3963.000000 -0.000183 
3964.000000 -0.000182 
3965.000000 -0.000182 
3966.000000 -0.000181 
3967.000000 -0.000181 
3968.000000 -0.000180 
3969.000000 -0.000180 
3970.000000 -0.000179 
3971.000000 -0.000179 
3972.000000 -0.000178 
3973.000000 -0.000177 
3974.000000 -0.000177 
3975.000000 -0.000176 
3976.000000 -0.000176 
3977.000000 -0.000175 
3978.000000 -0.000174 
3979.000000 -0.000174 
3980.000000 -0.000173 
3981.000000 -0.000173 
3982.000000 -0.000172 
3983.000000 -0.000171 
3984.000000 -0.000171 
3985.000000 -0.000170 
3986.000000 -0.000169 
3987.000000 -0.000169 
3988.000000 -0.000168 
3989.000000 -0.000167 
3990.000000 -0.000167 
3991.000000 -0.000166 
3992.000000 -0.000165 
3993.000000 -0.000165 
3994.000000 -0.000164 
3995.000000 -0.000163 
3996.000000 -0.000163 
3997.000000 -0.000162 
3998.000000 -0.000161 
3999.000000 -0.000161 
4000.000000 -0.000160 
