0.000000 1.000000 
1.000000 0.999999 
2.000000 0.999996 
3.000000 0.999993 
4.000000 0.999988 
5.000000 0.999982 
6.000000 0.999975 
7.000000 0.999966 
8.000000 0.999957 
9.000000 0.999946 
10.000000 0.999934 
11.000000 0.999921 
12.000000 0.999906 
13.000000 0.999891 
14.000000 0.999874 
15.000000 0.999856 
16.000000 0.999837 
17.000000 0.999816 
18.000000 0.999795 
19.000000 0.999772 
20.000000 0.999748 
21.000000 0.999723 
22.000000 0.999696 
23.000000 0.999669 
24.000000 0.999640 
25.000000 0.999610 
26.000000 0.999579 
27.000000 0.999547 
28.000000 0.999513 
29.000000 0.999479 
30.000000 0.999443 
31.000000 0.999406 
32.000000 0.999367 
33.000000 0.999328 
34.000000 0.999287 
35.000000 0.999246 
36.000000 0.999203 
37.000000 0.999159 
38.000000 0.999113 
39.000000 0.999067 
40.000000 0.999019 
41.000000 0.998970 
42.000000 0.998920 
43.000000 0.998869 
44.000000 0.998817 
45.000000 0.998763 
46.000000 0.998708 
47.000000 0.998653 
48.000000 0.998595 
49.000000 0.998537 
50.000000 0.998478 
51.000000 0.998417 
52.000000 0.998356 
53.000000 0.998293 
54.000000 0.998229 
55.000000 0.998164 
56.000000 0.998098 
57.000000 0.998030 
58.000000 0.997962 
59.000000 0.997892 
60.000000 0.997821 
61.000000 0.997749 
62.000000 0.997676 
63.000000 0.997602 
64.000000 0.997526 
65.000000 0.997450 
66.000000 0.997372 
67.000000 0.997293 
68.000000 0.997213 
69.000000 0.997132 
70.000000 0.997050 
71.000000 0.996967 
72.000000 0.996882 
73.000000 0.996796 
74.000000 0.996710 
75.000000 0.996622 
76.000000 0.996533 
77.000000 0.996443 
78.000000 0.996352 
79.000000 0.996260 
80.000000 0.996166 
81.000000 0.996072 
82.000000 0.995976 
83.000000 0.995879 
84.000000 0.995782 
85.000000 0.995683 
86.000000 0.995583 
87.000000 0.995482 
88.000000 0.995379 
89.000000 0.995276 
90.000000 0.995172 
91.000000 0.995066 
92.000000 0.994960 
93.000000 0.994852 
94.000000 0.994744 
95.000000 0.994634 
96.000000 0.994523 
97.000000 0.994411 
98.000000 0.994298 
99.000000 0.994184 
100.000000 0.994069 
101.000000 0.993953 
102.000000 0.993835 
103.000000 0.993717 
104.000000 0.993598 
105.000000 0.993477 
106.000000 0.993355 
107.000000 0.993233 
108.000000 0.993109 
109.000000 0.992985 
110.000000 0.992859 
111.000000 0.992732 
112.000000 0.992604 
113.000000 0.992475 
114.000000 0.992345 
115.000000 0.992214 
116.000000 0.992082 
117.000000 0.991949 
118.000000 0.991815 
119.000000 0.991680 
120.000000 0.991544 
121.000000 0.991407 
122.000000 0.991268 
123.000000 0.991129 
124.000000 0.990989 
125.000000 0.990847 
126.000000 0.990705 
127.000000 0.990562 
128.000000 0.990417 
129.000000 0.990272 
130.000000 0.990125 
131.000000 0.989978 
132.000000 0.989829 
133.000000 0.989680 
134.000000 0.989529 
135.000000 0.989378 
136.000000 0.989225 
137.000000 0.989072 
138.000000 0.988917 
139.000000 0.988762 
140.000000 0.988605 
141.000000 0.988447 
142.000000 0.988289 
143.000000 0.988129 
144.000000 0.987969 
145.000000 0.987807 
146.000000 0.987644 
147.000000 0.987481 
148.000000 0.987316 
149.000000 0.987151 
150.000000 0.986984 
151.000000 0.986816 
152.000000 0.986648 
153.000000 0.986478 
154.000000 0.986308 
155.000000 0.986136 
156.000000 0.985963 
157.000000 0.985790 
158.000000 0.985615 
159.000000 0.985440 
160.000000 0.985263 
161.000000 0.985086 
162.000000 0.984908 
163.000000 0.984728 
164.000000 0.984548 
165.000000 0.984366 
166.000000 0.984184 
167.000000 0.984001 
168.000000 0.983816 
169.000000 0.983631 
170.000000 0.983444 
171.000000 0.983257 
172.000000 0.983069 
173.000000 0.982880 
174.000000 0.982689 
175.000000 0.982498 
176.000000 0.982306 
177.000000 0.982113 
178.000000 0.981919 
179.000000 0.981724 
180.000000 0.981528 
181.000000 0.981331 
182.000000 0.981133 
183.000000 0.980934 
184.000000 0.980734 
185.000000 0.980533 
186.000000 0.980331 
187.000000 0.980128 
188.000000 0.979924 
189.000000 0.979719 
190.000000 0.979514 
191.000000 0.979307 
192.000000 0.979099 
193.000000 0.978891 
194.000000 0.978681 
195.000000 0.978471 
196.000000 0.978259 
197.000000 0.978046 
198.000000 0.977833 
199.000000 0.977619 
200.000000 0.977403 
201.000000 0.977187 
202.000000 0.976969 
203.000000 0.976751 
204.000000 0.976532 
205.000000 0.976312 
206.000000 0.976090 
207.000000 0.975868 
208.000000 0.975645 
209.000000 0.975421 
210.000000 0.975196 
211.000000 0.974970 
212.000000 0.974743 
213.000000 0.974515 
214.000000 0.974286 
215.000000 0.974057 
216.000000 0.973826 
217.000000 0.973594 
218.000000 0.973361 
219.000000 0.973128 
220.000000 0.972893 
221.000000 0.972657 
222.000000 0.972421 
223.000000 0.972183 
224.000000 0.971945 
225.000000 0.971706 
226.000000 0.971465 
227.000000 0.971224 
228.000000 0.970982 
229.000000 0.970738 
230.000000 0.970494 
231.000000 0.970249 
232.000000 0.970003 
233.000000 0.969756 
234.000000 0.969508 
235.000000 0.969259 
236.000000 0.969009 
237.000000 0.968758 
238.000000 0.968506 
239.000000 0.968254 
240.000000 0.968000 
241.000000 0.967745 
242.000000 0.967490 
243.000000 0.967233 
244.000000 0.966975 
245.000000 0.966717 
246.000000 0.966458 
247.000000 0.966197 
248.000000 0.965936 
249.000000 0.965673 
250.000000 0.965410 
251.000000 0.965146 
252.000000 0.964881 
253.000000 0.964615 
254.000000 0.964348 
255.000000 0.964080 
256.000000 0.963811 
257.000000 0.963541 
258.000000 0.963270 
259.000000 0.962999 
260.000000 0.962726 
261.000000 0.962452 
262.000000 0.962178 
263.000000 0.961902 
264.000000 0.961626 
265.000000 0.961348 
266.000000 0.961070 
267.000000 0.960791 
268.000000 0.960510 
269.000000 0.960229 
270.000000 0.959947 
271.000000 0.959664 
272.000000 0.959380 
273.000000 0.959095 
274.000000 0.958809 
275.000000 0.958523 
276.000000 0.958235 
277.000000 0.957946 
278.000000 0.957657 
279.000000 0.957366 
280.000000 0.957075 
281.000000 0.956782 
282.000000 0.956489 
283.000000 0.956195 
284.000000 0.955900 
285.000000 0.955604 
286.000000 0.955307 
287.000000 0.955009 
288.000000 0.954710 
289.000000 0.954410 
290.000000 0.954109 
291.000000 0.953808 
292.000000 0.953505 
293.000000 0.953202 
294.000000 0.952898 
295.000000 0.952592 
296.000000 0.952286 
297.000000 0.951979 
298.000000 0.951671 
299.000000 0.951362 
300.000000 0.951052 
301.000000 0.950741 
302.000000 0.950430 
303.000000 0.950117 
304.000000 0.949803 
305.000000 0.949489 
306.000000 0.949174 
307.000000 0.948857 
308.000000 0.948540 
309.000000 0.948222 
310.000000 0.947903 
311.000000 0.947584 
312.000000 0.947263 
313.000000 0.946941 
314.000000 0.946619 
315.000000 0.946295 
316.000000 0.945971 
317.000000 0.945646 
318.000000 0.945320 
319.000000 0.944993 
320.000000 0.944665 
321.000000 0.944336 
322.000000 0.944006 
323.000000 0.943676 
324.000000 0.943345 
325.000000 0.943012 
326.000000 0.942679 
327.000000 0.942345 
328.000000 0.942010 
329.000000 0.941674 
330.000000 0.941337 
331.000000 0.941000 
332.000000 0.940662 
333.000000 0.940322 
334.000000 0.939982 
335.000000 0.939641 
336.000000 0.939299 
337.000000 0.938956 
338.000000 0.938613 
339.000000 0.938268 
340.000000 0.937923 
341.000000 0.937577 
342.000000 0.937229 
343.000000 0.936881 
344.000000 0.936533 
345.000000 0.936183 
346.000000 0.935832 
347.000000 0.935481 
348.000000 0.935129 
349.000000 0.934776 
350.000000 0.934422 
351.000000 0.934067 
352.000000 0.933711 
353.000000 0.933355 
354.000000 0.932998 
355.000000 0.932640 
356.000000 0.932281 
357.000000 0.931921 
358.000000 0.931560 
359.000000 0.931199 
360.000000 0.930836 
361.000000 0.930473 
362.000000 0.930109 
363.000000 0.929744 
364.000000 0.929379 
365.000000 0.929012 
366.000000 0.928645 
367.000000 0.928277 
368.000000 0.927908 
369.000000 0.927538 
370.000000 0.927167 
371.000000 0.926796 
372.000000 0.926424 
373.000000 0.926051 
374.000000 0.925677 
375.000000 0.925302 
376.000000 0.924927 
377.000000 0.924550 
378.000000 0.924173 
379.000000 0.923795 
380.000000 0.923416 
381.000000 0.923037 
382.000000 0.922657 
383.000000 0.922275 
384.000000 0.921894 
385.000000 0.921511 
386.000000 0.921127 
387.000000 0.920743 
388.000000 0.920358 
389.000000 0.919972 
390.000000 0.919585 
391.000000 0.919198 
392.000000 0.918810 
393.000000 0.918420 
394.000000 0.918031 
395.000000 0.917640 
396.000000 0.917248 
397.000000 0.916856 
398.000000 0.916463 
399.000000 0.916069 
400.000000 0.915675 
401.000000 0.915280 
402.000000 0.914883 
403.000000 0.914487 
404.000000 0.914089 
405.000000 0.913691 
406.000000 0.913291 
407.000000 0.912891 
408.000000 0.912491 
409.000000 0.912089 
410.000000 0.911687 
411.000000 0.911284 
412.000000 0.910880 
413.000000 0.910475 
414.000000 0.910070 
415.000000 0.909664 
416.000000 0.909257 
417.000000 0.908850 
418.000000 0.908441 
419.000000 0.908032 
420.000000 0.907622 
421.000000 0.907212 
422.000000 0.906800 
423.000000 0.906388 
424.000000 0.905975 
425.000000 0.905562 
426.000000 0.905147 
427.000000 0.904732 
428.000000 0.904317 
429.000000 0.903900 
430.000000 0.903483 
431.000000 0.903065 
432.000000 0.902646 
433.000000 0.902226 
434.000000 0.901806 
435.000000 0.901385 
436.000000 0.900963 
437.000000 0.900541 
438.000000 0.900118 
439.000000 0.899694 
440.000000 0.899269 
441.000000 0.898844 
442.000000 0.898417 
443.000000 0.897991 
444.000000 0.897563 
445.000000 0.897135 
446.000000 0.896706 
447.000000 0.896276 
448.000000 0.895846 
449.000000 0.895414 
450.000000 0.894983 
451.000000 0.894550 
452.000000 0.894117 
453.000000 0.893683 
454.000000 0.893248 
455.000000 0.892812 
456.000000 0.892376 
457.000000 0.891939 
458.000000 0.891502 
459.000000 0.891063 
460.000000 0.890624 
461.000000 0.890185 
462.000000 0.889744 
463.000000 0.889303 
464.000000 0.888861 
465.000000 0.888419 
466.000000 0.887976 
467.000000 0.887532 
468.000000 0.887087 
469.000000 0.886642 
470.000000 0.886196 
471.000000 0.885749 
472.000000 0.885302 
473.000000 0.884854 
474.000000 0.884405 
475.000000 0.883956 
476.000000 0.883505 
477.000000 0.883055 
478.000000 0.882603 
479.000000 0.882151 
480.000000 0.881698 
481.000000 0.881245 
482.000000 0.880790 
483.000000 0.880335 
484.000000 0.879880 
485.000000 0.879424 
486.000000 0.878967 
487.000000 0.878509 
488.000000 0.878051 
489.000000 0.877592 
490.000000 0.877132 
491.000000 0.876672 
492.000000 0.876211 
493.000000 0.875749 
494.000000 0.875287 
495.000000 0.874824 
496.000000 0.874360 
497.000000 0.873896 
498.000000 0.873431 
499.000000 0.872966 
500.000000 0.872499 
501.000000 0.872032 
502.000000 0.871565 
503.000000 0.871097 
504.000000 0.870628 
505.000000 0.870158 
506.000000 0.869688 
507.000000 0.869217 
508.000000 0.868746 
509.000000 0.868273 
510.000000 0.867801 
511.000000 0.867327 
512.000000 0.866853 
513.000000 0.866378 
514.000000 0.865903 
515.000000 0.865427 
516.000000 0.864951 
517.000000 0.864473 
518.000000 0.863995 
519.000000 0.863517 
520.000000 0.863038 
521.000000 0.862558 
522.000000 0.862077 
523.000000 0.861596 
524.000000 0.861115 
525.000000 0.860632 
526.000000 0.860149 
527.000000 0.859666 
528.000000 0.859182 
529.000000 0.858697 
530.000000 0.858211 
531.000000 0.857725 
532.000000 0.857239 
533.000000 0.856751 
534.000000 0.856264 
535.000000 0.855775 
536.000000 0.855286 
537.000000 0.854796 
538.000000 0.854306 
539.000000 0.853815 
540.000000 0.853323 
541.000000 0.852831 
542.000000 0.852338 
543.000000 0.851845 
544.000000 0.851351 
545.000000 0.850857 
546.000000 0.850361 
547.000000 0.849866 
548.000000 0.849369 
549.000000 0.848872 
550.000000 0.848375 
551.000000 0.847877 
552.000000 0.847378 
553.000000 0.846879 
554.000000 0.846379 
555.000000 0.845878 
556.000000 0.845377 
557.000000 0.844876 
558.000000 0.844373 
559.000000 0.843871 
560.000000 0.843367 
561.000000 0.842863 
562.000000 0.842359 
563.000000 0.841854 
564.000000 0.841348 
565.000000 0.840842 
566.000000 0.840335 
567.000000 0.839828 
568.000000 0.839320 
569.000000 0.838811 
570.000000 0.838302 
571.000000 0.837792 
572.000000 0.837282 
573.000000 0.836771 
574.000000 0.836260 
575.000000 0.835748 
576.000000 0.835236 
577.000000 0.834723 
578.000000 0.834209 
579.000000 0.833695 
580.000000 0.833181 
581.000000 0.832665 
582.000000 0.832150 
583.000000 0.831633 
584.000000 0.831117 
585.000000 0.830599 
586.000000 0.830081 
587.000000 0.829563 
588.000000 0.829044 
589.000000 0.828524 
590.000000 0.828004 
591.000000 0.827484 
592.000000 0.826963 
593.000000 0.826441 
594.000000 0.825919 
595.000000 0.825396 
596.000000 0.824873 
597.000000 0.824349 
598.000000 0.823825 
599.000000 0.823300 
600.000000 0.822775 
601.000000 0.822249 
602.000000 0.821723 
603.000000 0.821196 
604.000000 0.820668 
605.000000 0.820140 
606.000000 0.819612 
607.000000 0.819083 
608.000000 0.818554 
609.000000 0.818024 
610.000000 0.817493 
611.000000 0.816962 
612.000000 0.816431 
613.000000 0.815899 
614.000000 0.815367 
615.000000 0.814834 
616.000000 0.814300 
617.000000 0.813766 
618.000000 0.813232 
619.000000 0.812697 
620.000000 0.812161 
621.000000 0.811625 
622.000000 0.811089 
623.000000 0.810552 
624.000000 0.810015 
625.000000 0.809477 
626.000000 0.808939 
627.000000 0.808400 
628.000000 0.807861 
629.000000 0.807321 
630.000000 0.806781 
631.000000 0.806240 
632.000000 0.805699 
633.000000 0.805157 
634.000000 0.804615 
635.000000 0.804072 
636.000000 0.803529 
637.000000 0.802985 
638.000000 0.802441 
639.000000 0.801897 
640.000000 0.801352 
641.000000 0.800806 
642.000000 0.800261 
643.000000 0.799714 
644.000000 0.799167 
645.000000 0.798620 
646.000000 0.798073 
647.000000 0.797524 
648.000000 0.796976 
649.000000 0.796427 
650.000000 0.795877 
651.000000 0.795327 
652.000000 0.794777 
653.000000 0.794226 
654.000000 0.793675 
655.000000 0.793123 
656.000000 0.792571 
657.000000 0.792018 
658.000000 0.791465 
659.000000 0.790911 
660.000000 0.790358 
661.000000 0.789803 
662.000000 0.789248 
663.000000 0.788693 
664.000000 0.788137 
665.000000 0.787581 
666.000000 0.787025 
667.000000 0.786468 
668.000000 0.785910 
669.000000 0.785353 
670.000000 0.784794 
671.000000 0.784236 
672.000000 0.783677 
673.000000 0.783117 
674.000000 0.782557 
675.000000 0.781997 
676.000000 0.781436 
677.000000 0.780875 
678.000000 0.780314 
679.000000 0.779752 
680.000000 0.779189 
681.000000 0.778626 
682.000000 0.778063 
683.000000 0.777500 
684.000000 0.776936 
685.000000 0.776371 
686.000000 0.775806 
687.000000 0.775241 
688.000000 0.774676 
689.000000 0.774109 
690.000000 0.773543 
691.000000 0.772976 
692.000000 0.772409 
693.000000 0.771842 
694.000000 0.771274 
695.000000 0.770705 
696.000000 0.770136 
697.000000 0.769567 
698.000000 0.768998 
699.000000 0.768428 
700.000000 0.767858 
701.000000 0.767287 
702.000000 0.766716 
703.000000 0.766144 
704.000000 0.765573 
705.000000 0.765000 
706.000000 0.764428 
707.000000 0.763855 
708.000000 0.763282 
709.000000 0.762708 
710.000000 0.762134 
711.000000 0.761560 
712.000000 0.760985 
713.000000 0.760410 
714.000000 0.759834 
715.000000 0.759258 
716.000000 0.758682 
717.000000 0.758105 
718.000000 0.757528 
719.000000 0.756951 
720.000000 0.756374 
721.000000 0.755795 
722.000000 0.755217 
723.000000 0.754638 
724.000000 0.754059 
725.000000 0.753480 
726.000000 0.752900 
727.000000 0.752320 
728.000000 0.751740 
729.000000 0.751159 
730.000000 0.750578 
731.000000 0.749996 
732.000000 0.749414 
733.000000 0.748832 
734.000000 0.748250 
735.000000 0.747667 
736.000000 0.747084 
737.000000 0.746500 
738.000000 0.745917 
739.000000 0.745332 
740.000000 0.744748 
741.000000 0.744163 
742.000000 0.743578 
743.000000 0.742993 
744.000000 0.742407 
745.000000 0.741821 
746.000000 0.741234 
747.000000 0.740648 
748.000000 0.740060 
749.000000 0.739473 
750.000000 0.738885 
751.000000 0.738297 
752.000000 0.737709 
753.000000 0.737121 
754.000000 0.736532 
755.000000 0.735942 
756.000000 0.735353 
757.000000 0.734763 
758.000000 0.734173 
759.000000 0.733583 
760.000000 0.732992 
761.000000 0.732401 
762.000000 0.731809 
763.000000 0.731218 
764.000000 0.730626 
765.000000 0.730034 
766.000000 0.729441 
767.000000 0.728848 
768.000000 0.728255 
769.000000 0.727662 
770.000000 0.727068 
771.000000 0.726474 
772.000000 0.725880 
773.000000 0.725286 
774.000000 0.724691 
775.000000 0.724096 
776.000000 0.723500 
777.000000 0.722905 
778.000000 0.722309 
779.000000 0.721713 
780.000000 0.721116 
781.000000 0.720519 
782.000000 0.719922 
783.000000 0.719325 
784.000000 0.718728 
785.000000 0.718130 
786.000000 0.717532 
787.000000 0.716934 
788.000000 0.716335 
789.000000 0.715736 
790.000000 0.715137 
791.000000 0.714538 
792.000000 0.713938 
793.000000 0.713338 
794.000000 0.712738 
795.000000 0.712138 
796.000000 0.711537 
797.000000 0.710937 
798.000000 0.710335 
799.000000 0.709734 
800.000000 0.709133 
801.000000 0.708531 
802.000000 0.707929 
803.000000 0.707326 
804.000000 0.706724 
805.000000 0.706121 
806.000000 0.705518 
807.000000 0.704915 
808.000000 0.704311 
809.000000 0.703708 
810.000000 0.703104 
811.000000 0.702500 
812.000000 0.701895 
813.000000 0.701291 
814.000000 0.700686 
815.000000 0.700081 
816.000000 0.699475 
817.000000 0.698870 
818.000000 0.698264 
819.000000 0.697658 
820.000000 0.697052 
821.000000 0.696446 
822.000000 0.695839 
823.000000 0.695233 
824.000000 0.694626 
825.000000 0.694018 
826.000000 0.693411 
827.000000 0.692803 
828.000000 0.692195 
829.000000 0.691587 
830.000000 0.690979 
831.000000 0.690371 
832.000000 0.689762 
833.000000 0.689153 
834.000000 0.688544 
835.000000 0.687935 
836.000000 0.687326 
837.000000 0.686716 
838.000000 0.686106 
839.000000 0.685496 
840.000000 0.684886 
841.000000 0.684276 
842.000000 0.683665 
843.000000 0.683055 
844.000000 0.682444 
845.000000 0.681833 
846.000000 0.681221 
847.000000 0.680610 
848.000000 0.679998 
849.000000 0.679387 
850.000000 0.678775 
851.000000 0.678163 
852.000000 0.677550 
853.000000 0.676938 
854.000000 0.676325 
855.000000 0.675712 
856.000000 0.675099 
857.000000 0.674486 
858.000000 0.673873 
859.000000 0.673259 
860.000000 0.672646 
861.000000 0.672032 
862.000000 0.671418 
863.000000 0.670804 
864.000000 0.670190 
865.000000 0.669575 
866.000000 0.668961 
867.000000 0.668346 
868.000000 0.667731 
869.000000 0.667116 
870.000000 0.666501 
871.000000 0.665886 
872.000000 0.665270 
873.000000 0.664655 
874.000000 0.664039 
875.000000 0.663423 
876.000000 0.662807 
877.000000 0.662191 
878.000000 0.661575 
879.000000 0.660958 
880.000000 0.660342 
881.000000 0.659725 
882.000000 0.659108 
883.000000 0.658491 
884.000000 0.657874 
885.000000 0.657257 
886.000000 0.656640 
887.000000 0.656022 
888.000000 0.655404 
889.000000 0.654787 
890.000000 0.654169 
891.000000 0.653551 
892.000000 0.652933 
893.000000 0.652315 
894.000000 0.651696 
895.000000 0.651078 
896.000000 0.650459 
897.000000 0.649841 
898.000000 0.649222 
899.000000 0.648603 
900.000000 0.647984 
901.000000 0.647365 
902.000000 0.646746 
903.000000 0.646127 
904.000000 0.645507 
905.000000 0.644888 
906.000000 0.644268 
907.000000 0.643648 
908.000000 0.643029 
909.000000 0.642409 
910.000000 0.641789 
911.000000 0.641169 
912.000000 0.640548 
913.000000 0.639928 
914.000000 0.639308 
915.000000 0.638687 
916.000000 0.638067 
917.000000 0.637446 
918.000000 0.636826 
919.000000 0.636205 
920.000000 0.635584 
921.000000 0.634963 
922.000000 0.634342 
923.000000 0.633721 
924.000000 0.633100 
925.000000 0.632478 
926.000000 0.631857 
927.000000 0.631236 
928.000000 0.630614 
929.000000 0.629993 
930.000000 0.629371 
931.000000 0.628749 
932.000000 0.628127 
933.000000 0.627506 
934.000000 0.626884 
935.000000 0.626262 
936.000000 0.625640 
937.000000 0.625018 
938.000000 0.624396 
939.000000 0.623773 
940.000000 0.623151 
941.000000 0.622529 
942.000000 0.621906 
943.000000 0.621284 
944.000000 0.620662 
945.000000 0.620039 
946.000000 0.619416 
947.000000 0.618794 
948.000000 0.618171 
949.000000 0.617549 
950.000000 0.616926 
951.000000 0.616303 
952.000000 0.615680 
953.000000 0.615057 
954.000000 0.614434 
955.000000 0.613811 
956.000000 0.613188 
957.000000 0.612565 
958.000000 0.611942 
959.000000 0.611319 
960.000000 0.610696 
961.000000 0.610073 
962.000000 0.609450 
963.000000 0.608827 
964.000000 0.608203 
965.000000 0.607580 
966.000000 0.606957 
967.000000 0.606333 
968.000000 0.605710 
969.000000 0.605087 
970.000000 0.604463 
971.000000 0.603840 
972.000000 0.603217 
973.000000 0.602593 
974.000000 0.601970 
975.000000 0.601346 
976.000000 0.600723 
977.000000 0.600099 
978.000000 0.599476 
979.000000 0.598852 
980.000000 0.598229 
981.000000 0.597606 
982.000000 0.596982 
983.000000 0.596359 
984.000000 0.595735 
985.000000 0.595112 
986.000000 0.594488 
987.000000 0.593865 
988.000000 0.593241 
989.000000 0.592618 
990.000000 0.591994 
991.000000 0.591371 
992.000000 0.590747 
993.000000 0.590124 
994.000000 0.589500 
995.000000 0.588877 
996.000000 0.588254 
997.000000 0.587630 
998.000000 0.587007 
999.000000 0.586383 
1000.000000 0.585760 
1001.000000 0.585137 
1002.000000 0.584514 
1003.000000 0.583890 
1004.000000 0.583267 
1005.000000 0.582644 
1006.000000 0.582021 
1007.000000 0.581397 
1008.000000 0.580774 
1009.000000 0.580151 
1010.000000 0.579528 
1011.000000 0.578905 
1012.000000 0.578282 
1013.000000 0.577659 
1014.000000 0.577036 
1015.000000 0.576413 
1016.000000 0.575791 
1017.000000 0.575168 
1018.000000 0.574545 
1019.000000 0.573922 
1020.000000 0.573300 
1021.000000 0.572677 
1022.000000 0.572054 
1023.000000 0.571432 
1024.000000 0.570809 
1025.000000 0.570187 
1026.000000 0.569564 
1027.000000 0.568942 
1028.000000 0.568320 
1029.000000 0.567698 
1030.000000 0.567075 
1031.000000 0.566453 
1032.000000 0.565831 
1033.000000 0.565209 
1034.000000 0.564587 
1035.000000 0.563965 
1036.000000 0.563344 
1037.000000 0.562722 
1038.000000 0.562100 
1039.000000 0.561479 
1040.000000 0.560857 
1041.000000 0.560236 
1042.000000 0.559614 
1043.000000 0.558993 
1044.000000 0.558372 
1045.000000 0.557750 
1046.000000 0.557129 
1047.000000 0.556508 
1048.000000 0.555887 
1049.000000 0.555266 
1050.000000 0.554646 
1051.000000 0.554025 
1052.000000 0.553404 
1053.000000 0.552784 
1054.000000 0.552163 
1055.000000 0.551543 
1056.000000 0.550923 
1057.000000 0.550302 
1058.000000 0.549682 
1059.000000 0.549062 
1060.000000 0.548442 
1061.000000 0.547823 
1062.000000 0.547203 
1063.000000 0.546583 
1064.000000 0.545964 
1065.000000 0.545344 
1066.000000 0.544725 
1067.000000 0.544106 
1068.000000 0.543486 
1069.000000 0.542867 
1070.000000 0.542248 
1071.000000 0.541630 
1072.000000 0.541011 
1073.000000 0.540392 
1074.000000 0.539774 
1075.000000 0.539155 
1076.000000 0.538537 
1077.000000 0.537919 
1078.000000 0.537301 
1079.000000 0.536683 
1080.000000 0.536065 
1081.000000 0.535447 
1082.000000 0.534829 
1083.000000 0.534212 
1084.000000 0.533594 
1085.000000 0.532977 
1086.000000 0.532360 
1087.000000 0.531743 
1088.000000 0.531126 
1089.000000 0.530509 
1090.000000 0.529893 
1091.000000 0.529276 
1092.000000 0.528660 
1093.000000 0.528043 
1094.000000 0.527427 
1095.000000 0.526811 
1096.000000 0.526195 
1097.000000 0.525579 
1098.000000 0.524964 
1099.000000 0.524348 
1100.000000 0.523733 
1101.000000 0.523118 
1102.000000 0.522503 
1103.000000 0.521888 
1104.000000 0.521273 
1105.000000 0.520658 
1106.000000 0.520044 
1107.000000 0.519429 
1108.000000 0.518815 
1109.000000 0.518201 
1110.000000 0.517587 
1111.000000 0.516973 
1112.000000 0.516359 
1113.000000 0.515746 
1114.000000 0.515133 
1115.000000 0.514519 
1116.000000 0.513906 
1117.000000 0.513293 
1118.000000 0.512681 
1119.000000 0.512068 
1120.000000 0.511456 
1121.000000 0.510843 
1122.000000 0.510231 
1123.000000 0.509619 
1124.000000 0.509008 
1125.000000 0.508396 
1126.000000 0.507784 
1127.000000 0.507173 
1128.000000 0.506562 
1129.000000 0.505951 
1130.000000 0.505340 
1131.000000 0.504729 
1132.000000 0.504119 
1133.000000 0.503509 
1134.000000 0.502899 
1135.000000 0.502289 
1136.000000 0.501679 
1137.000000 0.501069 
1138.000000 0.500460 
1139.000000 0.499850 
1140.000000 0.499241 
1141.000000 0.498632 
1142.000000 0.498024 
1143.000000 0.497415 
1144.000000 0.496807 
1145.000000 0.496199 
1146.000000 0.495590 
1147.000000 0.494983 
1148.000000 0.494375 
1149.000000 0.493768 
1150.000000 0.493160 
1151.000000 0.492553 
1152.000000 0.491946 
1153.000000 0.491340 
1154.000000 0.490733 
1155.000000 0.490127 
1156.000000 0.489521 
1157.000000 0.488915 
1158.000000 0.488309 
1159.000000 0.487703 
1160.000000 0.487098 
1161.000000 0.486493 
1162.000000 0.485888 
1163.000000 0.485283 
1164.000000 0.484678 
1165.000000 0.484074 
1166.000000 0.483470 
1167.000000 0.482866 
1168.000000 0.482262 
1169.000000 0.481659 
1170.000000 0.481055 
1171.000000 0.480452 
1172.000000 0.479849 
1173.000000 0.479247 
1174.000000 0.478644 
1175.000000 0.478042 
1176.000000 0.477440 
1177.000000 0.476838 
1178.000000 0.476236 
1179.000000 0.475635 
1180.000000 0.475033 
1181.000000 0.474432 
1182.000000 0.473832 
1183.000000 0.473231 
1184.000000 0.472631 
1185.000000 0.472031 
1186.000000 0.471431 
1187.000000 0.470831 
1188.000000 0.470232 
1189.000000 0.469632 
1190.000000 0.469033 
1191.000000 0.468435 
1192.000000 0.467836 
1193.000000 0.467238 
1194.000000 0.466640 
1195.000000 0.466042 
1196.000000 0.465444 
1197.000000 0.464847 
1198.000000 0.464249 
1199.000000 0.463652 
1200.000000 0.463056 
1201.000000 0.462459 
1202.000000 0.461863 
1203.000000 0.461267 
1204.000000 0.460671 
1205.000000 0.460076 
1206.000000 0.459480 
1207.000000 0.458885 
1208.000000 0.458291 
1209.000000 0.457696 
1210.000000 0.457102 
1211.000000 0.456508 
1212.000000 0.455914 
1213.000000 0.455320 
1214.000000 0.454727 
1215.000000 0.454134 
1216.000000 0.453541 
1217.000000 0.452948 
1218.000000 0.452356 
1219.000000 0.451764 
1220.000000 0.451172 
1221.000000 0.450581 
1222.000000 0.449989 
1223.000000 0.449398 
1224.000000 0.448807 
1225.000000 0.448217 
1226.000000 0.447627 
1227.000000 0.447036 
1228.000000 0.446447 
1229.000000 0.445857 
1230.000000 0.445268 
1231.000000 0.444679 
1232.000000 0.444090 
1233.000000 0.443502 
1234.000000 0.442914 
1235.000000 0.442326 
1236.000000 0.441738 
1237.000000 0.441151 
1238.000000 0.440563 
1239.000000 0.439977 
1240.000000 0.439390 
1241.000000 0.438804 
1242.000000 0.438218 
1243.000000 0.437632 
1244.000000 0.437046 
1245.000000 0.436461 
1246.000000 0.435876 
1247.000000 0.435292 
1248.000000 0.434707 
1249.000000 0.434123 
1250.000000 0.433539 
1251.000000 0.432956 
1252.000000 0.432372 
1253.000000 0.431789 
1254.000000 0.431207 
1255.000000 0.430624 
1256.000000 0.430042 
1257.000000 0.429460 
1258.000000 0.428879 
1259.000000 0.428297 
1260.000000 0.427716 
1261.000000 0.427135 
1262.000000 0.426555 
1263.000000 0.425975 
1264.000000 0.425395 
1265.000000 0.424815 
1266.000000 0.424236 
1267.000000 0.423657 
1268.000000 0.423078 
1269.000000 0.422500 
1270.000000 0.421922 
1271.000000 0.421344 
1272.000000 0.420767 
1273.000000 0.420189 
1274.000000 0.419612 
1275.000000 0.419036 
1276.000000 0.418460 
1277.000000 0.417883 
1278.000000 0.417308 
1279.000000 0.416732 
1280.000000 0.416157 
1281.000000 0.415582 
1282.000000 0.415008 
1283.000000 0.414434 
1284.000000 0.413860 
1285.000000 0.413286 
1286.000000 0.412713 
1287.000000 0.412140 
1288.000000 0.411567 
1289.000000 0.410995 
1290.000000 0.410423 
1291.000000 0.409851 
1292.000000 0.409279 
1293.000000 0.408708 
1294.000000 0.408138 
1295.000000 0.407567 
1296.000000 0.406997 
1297.000000 0.406427 
1298.000000 0.405857 
1299.000000 0.405288 
1300.000000 0.404719 
1301.000000 0.404151 
1302.000000 0.403582 
1303.000000 0.403014 
1304.000000 0.402447 
1305.000000 0.401879 
1306.000000 0.401312 
1307.000000 0.400745 
1308.000000 0.400179 
1309.000000 0.399613 
1310.000000 0.399047 
1311.000000 0.398482 
1312.000000 0.397917 
1313.000000 0.397352 
1314.000000 0.396788 
1315.000000 0.396224 
1316.000000 0.395660 
1317.000000 0.395096 
1318.000000 0.394533 
1319.000000 0.393970 
1320.000000 0.393408 
1321.000000 0.392846 
1322.000000 0.392284 
1323.000000 0.391722 
1324.000000 0.391161 
1325.000000 0.390600 
1326.000000 0.390040 
1327.000000 0.389480 
1328.000000 0.388920 
1329.000000 0.388361 
1330.000000 0.387801 
1331.000000 0.387243 
1332.000000 0.386684 
1333.000000 0.386126 
1334.000000 0.385568 
1335.000000 0.385011 
1336.000000 0.384454 
1337.000000 0.383897 
1338.000000 0.383341 
1339.000000 0.382785 
1340.000000 0.382229 
1341.000000 0.381673 
1342.000000 0.381118 
1343.000000 0.380564 
1344.000000 0.380009 
1345.000000 0.379455 
1346.000000 0.378902 
1347.000000 0.378348 
1348.000000 0.377795 
1349.000000 0.377243 
1350.000000 0.376691 
1351.000000 0.376139 
1352.000000 0.375587 
1353.000000 0.375036 
1354.000000 0.374485 
1355.000000 0.373935 
1356.000000 0.373384 
1357.000000 0.372835 
1358.000000 0.372285 
1359.000000 0.371736 
1360.000000 0.371187 
1361.000000 0.370639 
1362.000000 0.370091 
1363.000000 0.369543 
1364.000000 0.368996 
1365.000000 0.368449 
1366.000000 0.367903 
1367.000000 0.367356 
1368.000000 0.366811 
1369.000000 0.366265 
1370.000000 0.365720 
1371.000000 0.365175 
1372.000000 0.364631 
1373.000000 0.364087 
1374.000000 0.363543 
1375.000000 0.363000 
1376.000000 0.362457 
1377.000000 0.361914 
1378.000000 0.361372 
1379.000000 0.360830 
1380.000000 0.360289 
1381.000000 0.359748 
1382.000000 0.359207 
1383.000000 0.358667 
1384.000000 0.358127 
1385.000000 0.357587 
1386.000000 0.357048 
1387.000000 0.356509 
1388.000000 0.355970 
1389.000000 0.355432 
1390.000000 0.354895 
1391.000000 0.354357 
1392.000000 0.353820 
1393.000000 0.353284 
1394.000000 0.352747 
1395.000000 0.352212 
1396.000000 0.351676 
1397.000000 0.351141 
1398.000000 0.350606 
1399.000000 0.350072 
1400.000000 0.349538 
1401.000000 0.349005 
1402.000000 0.348471 
1403.000000 0.347939 
1404.000000 0.347406 
1405.000000 0.346874 
1406.000000 0.346342 
1407.000000 0.345811 
1408.000000 0.345280 
1409.000000 0.344750 
1410.000000 0.344220 
1411.000000 0.343690 
1412.000000 0.343161 
1413.000000 0.342632 
1414.000000 0.342103 
1415.000000 0.341575 
1416.000000 0.341047 
1417.000000 0.340520 
1418.000000 0.339993 
1419.000000 0.339466 
1420.000000 0.338940 
1421.000000 0.338414 
1422.000000 0.337889 
1423.000000 0.337364 
1424.000000 0.336839 
1425.000000 0.336315 
1426.000000 0.335791 
1427.000000 0.335268 
1428.000000 0.334745 
1429.000000 0.334222 
1430.000000 0.333700 
1431.000000 0.333178 
1432.000000 0.332657 
1433.000000 0.332136 
1434.000000 0.331615 
1435.000000 0.331095 
1436.000000 0.330575 
1437.000000 0.330056 
1438.000000 0.329537 
1439.000000 0.329018 
1440.000000 0.328500 
1441.000000 0.327982 
1442.000000 0.327465 
1443.000000 0.326948 
1444.000000 0.326431 
1445.000000 0.325915 
1446.000000 0.325399 
1447.000000 0.324884 
1448.000000 0.324369 
1449.000000 0.323854 
1450.000000 0.323340 
1451.000000 0.322826 
1452.000000 0.322313 
1453.000000 0.321800 
1454.000000 0.321288 
1455.000000 0.320776 
1456.000000 0.320264 
1457.000000 0.319753 
1458.000000 0.319242 
1459.000000 0.318732 
1460.000000 0.318222 
1461.000000 0.317712 
1462.000000 0.317203 
1463.000000 0.316694 
1464.000000 0.316186 
1465.000000 0.315678 
1466.000000 0.315170 
1467.000000 0.314663 
1468.000000 0.314156 
1469.000000 0.313650 
1470.000000 0.313144 
1471.000000 0.312639 
1472.000000 0.312134 
1473.000000 0.311629 
1474.000000 0.311125 
1475.000000 0.310621 
1476.000000 0.310118 
1477.000000 0.309615 
1478.000000 0.309113 
1479.000000 0.308611 
1480.000000 0.308109 
1481.000000 0.307608 
1482.000000 0.307107 
1483.000000 0.306607 
1484.000000 0.306107 
1485.000000 0.305607 
1486.000000 0.305108 
1487.000000 0.304609 
1488.000000 0.304111 
1489.000000 0.303613 
1490.000000 0.303116 
1491.000000 0.302619 
1492.000000 0.302122 
1493.000000 0.301626 
1494.000000 0.301131 
1495.000000 0.300635 
1496.000000 0.300141 
1497.000000 0.299646 
1498.000000 0.299152 
1499.000000 0.298659 
1500.000000 0.298166 
1501.000000 0.297673 
1502.000000 0.297181 
1503.000000 0.296689 
1504.000000 0.296198 
1505.000000 0.295707 
1506.000000 0.295216 
1507.000000 0.294726 
1508.000000 0.294236 
1509.000000 0.293747 
1510.000000 0.293258 
1511.000000 0.292770 
1512.000000 0.292282 
1513.000000 0.291795 
1514.000000 0.291308 
1515.000000 0.290821 
1516.000000 0.290335 
1517.000000 0.289849 
1518.000000 0.289364 
1519.000000 0.288879 
1520.000000 0.288395 
1521.000000 0.287911 
1522.000000 0.287427 
1523.000000 0.286944 
1524.000000 0.286461 
1525.000000 0.285979 
1526.000000 0.285497 
1527.000000 0.285016 
1528.000000 0.284535 
1529.000000 0.284054 
1530.000000 0.283574 
1531.000000 0.283095 
1532.000000 0.282616 
1533.000000 0.282137 
1534.000000 0.281659 
1535.000000 0.281181 
1536.000000 0.280703 
1537.000000 0.280226 
1538.000000 0.279750 
1539.000000 0.279274 
1540.000000 0.278798 
1541.000000 0.278323 
1542.000000 0.277848 
1543.000000 0.277374 
1544.000000 0.276900 
1545.000000 0.276427 
1546.000000 0.275954 
1547.000000 0.275481 
1548.000000 0.275009 
1549.000000 0.274537 
1550.000000 0.274066 
1551.000000 0.273595 
1552.000000 0.273125 
1553.000000 0.272655 
1554.000000 0.272186 
1555.000000 0.271717 
1556.000000 0.271248 
1557.000000 0.270780 
1558.000000 0.270313 
1559.000000 0.269845 
1560.000000 0.269379 
1561.000000 0.268912 
1562.000000 0.268446 
1563.000000 0.267981 
1564.000000 0.267516 
1565.000000 0.267052 
1566.000000 0.266587 
1567.000000 0.266124 
1568.000000 0.265661 
1569.000000 0.265198 
1570.000000 0.264736 
1571.000000 0.264274 
1572.000000 0.263813 
1573.000000 0.263352 
1574.000000 0.262891 
1575.000000 0.262431 
1576.000000 0.261972 
1577.000000 0.261512 
1578.000000 0.261054 
1579.000000 0.260596 
1580.000000 0.260138 
1581.000000 0.259680 
1582.000000 0.259224 
1583.000000 0.258767 
1584.000000 0.258311 
1585.000000 0.257856 
1586.000000 0.257401 
1587.000000 0.256946 
1588.000000 0.256492 
1589.000000 0.256038 
1590.000000 0.255585 
1591.000000 0.255132 
1592.000000 0.254680 
1593.000000 0.254228 
1594.000000 0.253777 
1595.000000 0.253326 
1596.000000 0.252875 
1597.000000 0.252425 
1598.000000 0.251975 
1599.000000 0.251526 
1600.000000 0.251078 
1601.000000 0.250629 
1602.000000 0.250182 
1603.000000 0.249734 
1604.000000 0.249287 
1605.000000 0.248841 
1606.000000 0.248395 
1607.000000 0.247950 
1608.000000 0.247505 
1609.000000 0.247060 
1610.000000 0.246616 
1611.000000 0.246172 
1612.000000 0.245729 
1613.000000 0.245286 
1614.000000 0.244844 
1615.000000 0.244402 
1616.000000 0.243961 
1617.000000 0.243520 
1618.000000 0.243079 
1619.000000 0.242639 
1620.000000 0.242200 
1621.000000 0.241761 
1622.000000 0.241322 
1623.000000 0.240884 
1624.000000 0.240446 
1625.000000 0.240009 
1626.000000 0.239573 
1627.000000 0.239136 
1628.000000 0.238700 
1629.000000 0.238265 
1630.000000 0.237830 
1631.000000 0.237396 
1632.000000 0.236962 
1633.000000 0.236528 
1634.000000 0.236095 
1635.000000 0.235663 
1636.000000 0.235230 
1637.000000 0.234799 
1638.000000 0.234368 
1639.000000 0.233937 
1640.000000 0.233507 
1641.000000 0.233077 
1642.000000 0.232648 
1643.000000 0.232219 
1644.000000 0.231790 
1645.000000 0.231362 
1646.000000 0.230935 
1647.000000 0.230508 
1648.000000 0.230081 
1649.000000 0.229655 
1650.000000 0.229230 
1651.000000 0.228805 
1652.000000 0.228380 
1653.000000 0.227956 
1654.000000 0.227532 
1655.000000 0.227109 
1656.000000 0.226686 
1657.000000 0.226264 
1658.000000 0.225842 
1659.000000 0.225420 
1660.000000 0.224999 
1661.000000 0.224579 
1662.000000 0.224159 
1663.000000 0.223740 
1664.000000 0.223320 
1665.000000 0.222902 
1666.000000 0.222484 
1667.000000 0.222066 
1668.000000 0.221649 
1669.000000 0.221232 
1670.000000 0.220816 
1671.000000 0.220400 
1672.000000 0.219985 
1673.000000 0.219570 
1674.000000 0.219156 
1675.000000 0.218742 
1676.000000 0.218329 
1677.000000 0.217916 
1678.000000 0.217503 
1679.000000 0.217092 
1680.000000 0.216680 
1681.000000 0.216269 
1682.000000 0.215858 
1683.000000 0.215448 
1684.000000 0.215039 
1685.000000 0.214630 
1686.000000 0.214221 
1687.000000 0.213813 
1688.000000 0.213405 
1689.000000 0.212998 
1690.000000 0.212591 
1691.000000 0.212185 
1692.000000 0.211779 
1693.000000 0.211374 
1694.000000 0.210969 
1695.000000 0.210564 
1696.000000 0.210161 
1697.000000 0.209757 
1698.000000 0.209354 
1699.000000 0.208952 
1700.000000 0.208550 
1701.000000 0.208148 
1702.000000 0.207747 
1703.000000 0.207346 
1704.000000 0.206946 
1705.000000 0.206547 
1706.000000 0.206148 
1707.000000 0.205749 
1708.000000 0.205351 
1709.000000 0.204953 
1710.000000 0.204556 
1711.000000 0.204159 
1712.000000 0.203763 
1713.000000 0.203367 
1714.000000 0.202971 
1715.000000 0.202577 
1716.000000 0.202182 
1717.000000 0.201788 
1718.000000 0.201395 
1719.000000 0.201002 
1720.000000 0.200609 
1721.000000 0.200217 
1722.000000 0.199826 
1723.000000 0.199435 
1724.000000 0.199044 
1725.000000 0.198654 
1726.000000 0.198264 
1727.000000 0.197875 
1728.000000 0.197486 
1729.000000 0.197098 
1730.000000 0.196710 
1731.000000 0.196323 
1732.000000 0.195936 
1733.000000 0.195550 
1734.000000 0.195164 
1735.000000 0.194779 
1736.000000 0.194394 
1737.000000 0.194010 
1738.000000 0.193626 
1739.000000 0.193242 
1740.000000 0.192859 
1741.000000 0.192477 
1742.000000 0.192095 
1743.000000 0.191713 
1744.000000 0.191332 
1745.000000 0.190951 
1746.000000 0.190571 
1747.000000 0.190192 
1748.000000 0.189813 
1749.000000 0.189434 
1750.000000 0.189056 
1751.000000 0.188678 
1752.000000 0.188301 
1753.000000 0.187924 
1754.000000 0.187547 
1755.000000 0.187172 
1756.000000 0.186796 
1757.000000 0.186421 
1758.000000 0.186047 
1759.000000 0.185673 
1760.000000 0.185300 
1761.000000 0.184927 
1762.000000 0.184554 
1763.000000 0.184182 
1764.000000 0.183810 
1765.000000 0.183439 
1766.000000 0.183069 
1767.000000 0.182699 
1768.000000 0.182329 
1769.000000 0.181960 
1770.000000 0.181591 
1771.000000 0.181223 
1772.000000 0.180855 
1773.000000 0.180488 
1774.000000 0.180121 
1775.000000 0.179754 
1776.000000 0.179388 
1777.000000 0.179023 
1778.000000 0.178658 
1779.000000 0.178294 
1780.000000 0.177930 
1781.000000 0.177566 
1782.000000 0.177203 
1783.000000 0.176841 
1784.000000 0.176478 
1785.000000 0.176117 
1786.000000 0.175756 
1787.000000 0.175395 
1788.000000 0.175035 
1789.000000 0.174675 
1790.000000 0.174316 
1791.000000 0.173957 
1792.000000 0.173599 
1793.000000 0.173241 
1794.000000 0.172883 
1795.000000 0.172526 
1796.000000 0.172170 
1797.000000 0.171814 
1798.000000 0.171459 
1799.000000 0.171104 
1800.000000 0.170749 
1801.000000 0.170395 
1802.000000 0.170041 
1803.000000 0.169688 
1804.000000 0.169335 
1805.000000 0.168983 
1806.000000 0.168631 
1807.000000 0.168280 
1808.000000 0.167929 
1809.000000 0.167579 
1810.000000 0.167229 
1811.000000 0.166880 
1812.000000 0.166531 
1813.000000 0.166182 
1814.000000 0.165834 
1815.000000 0.165487 
1816.000000 0.165140 
1817.000000 0.164793 
1818.000000 0.164447 
1819.000000 0.164102 
1820.000000 0.163756 
1821.000000 0.163412 
1822.000000 0.163067 
1823.000000 0.162724 
1824.000000 0.162380 
1825.000000 0.162037 
1826.000000 0.161695 
1827.000000 0.161353 
1828.000000 0.161012 
1829.000000 0.160671 
1830.000000 0.160330 
1831.000000 0.159990 
1832.000000 0.159651 
1833.000000 0.159312 
1834.000000 0.158973 
1835.000000 0.158635 
1836.000000 0.158297 
1837.000000 0.157960 
1838.000000 0.157623 
1839.000000 0.157287 
1840.000000 0.156951 
1841.000000 0.156616 
1842.000000 0.156281 
1843.000000 0.155946 
1844.000000 0.155612 
1845.000000 0.155279 
1846.000000 0.154946 
1847.000000 0.154613 
1848.000000 0.154281 
1849.000000 0.153949 
1850.000000 0.153618 
1851.000000 0.153287 
1852.000000 0.152957 
1853.000000 0.152627 
1854.000000 0.152298 
1855.000000 0.151969 
1856.000000 0.151641 
1857.000000 0.151313 
1858.000000 0.150985 
1859.000000 0.150658 
1860.000000 0.150332 
1861.000000 0.150006 
1862.000000 0.149680 
1863.000000 0.149355 
1864.000000 0.149030 
1865.000000 0.148706 
1866.000000 0.148382 
1867.000000 0.148059 
1868.000000 0.147736 
1869.000000 0.147414 
1870.000000 0.147092 
1871.000000 0.146770 
1872.000000 0.146449 
1873.000000 0.146129 
1874.000000 0.145809 
1875.000000 0.145489 
1876.000000 0.145170 
1877.000000 0.144851 
1878.000000 0.144533 
1879.000000 0.144215 
1880.000000 0.143898 
1881.000000 0.143581 
1882.000000 0.143264 
1883.000000 0.142948 
1884.000000 0.142633 
1885.000000 0.142318 
1886.000000 0.142003 
1887.000000 0.141689 
1888.000000 0.141376 
1889.000000 0.141063 
1890.000000 0.140750 
1891.000000 0.140438 
1892.000000 0.140126 
1893.000000 0.139814 
1894.000000 0.139504 
1895.000000 0.139193 
1896.000000 0.138883 
1897.000000 0.138574 
1898.000000 0.138265 
1899.000000 0.137956 
1900.000000 0.137648 
1901.000000 0.137340 
1902.000000 0.137033 
1903.000000 0.136726 
1904.000000 0.136420 
1905.000000 0.136114 
1906.000000 0.135809 
1907.000000 0.135504 
1908.000000 0.135199 
1909.000000 0.134895 
1910.000000 0.134592 
1911.000000 0.134289 
1912.000000 0.133986 
1913.000000 0.133684 
1914.000000 0.133382 
1915.000000 0.133081 
1916.000000 0.132780 
1917.000000 0.132479 
1918.000000 0.132179 
1919.000000 0.131880 
1920.000000 0.131581 
1921.000000 0.131282 
1922.000000 0.130984 
1923.000000 0.130687 
1924.000000 0.130389 
1925.000000 0.130093 
1926.000000 0.129796 
1927.000000 0.129501 
1928.000000 0.129205 
1929.000000 0.128910 
1930.000000 0.128616 
1931.000000 0.128322 
1932.000000 0.128028 
1933.000000 0.127735 
1934.000000 0.127442 
1935.000000 0.127150 
1936.000000 0.126858 
1937.000000 0.126567 
1938.000000 0.126276 
1939.000000 0.125986 
1940.000000 0.125696 
1941.000000 0.125406 
1942.000000 0.125117 
1943.000000 0.124829 
1944.000000 0.124540 
1945.000000 0.124253 
1946.000000 0.123965 
1947.000000 0.123679 
1948.000000 0.123392 
1949.000000 0.123106 
1950.000000 0.122821 
1951.000000 0.122536 
1952.000000 0.122251 
1953.000000 0.121967 
1954.000000 0.121683 
1955.000000 0.121400 
1956.000000 0.121117 
1957.000000 0.120835 
1958.000000 0.120553 
1959.000000 0.120272 
1960.000000 0.119991 
1961.000000 0.119710 
1962.000000 0.119430 
1963.000000 0.119150 
1964.000000 0.118871 
1965.000000 0.118592 
1966.000000 0.118314 
1967.000000 0.118036 
1968.000000 0.117758 
1969.000000 0.117481 
1970.000000 0.117205 
1971.000000 0.116929 
1972.000000 0.116653 
1973.000000 0.116378 
1974.000000 0.116103 
1975.000000 0.115829 
1976.000000 0.115555 
1977.000000 0.115281 
1978.000000 0.115008 
1979.000000 0.114736 
1980.000000 0.114463 
1981.000000 0.114192 
1982.000000 0.113920 
1983.000000 0.113650 
1984.000000 0.113379 
1985.000000 0.113109 
1986.000000 0.112840 
1987.000000 0.112570 
1988.000000 0.112302 
1989.000000 0.112034 
1990.000000 0.111766 
1991.000000 0.111498 
1992.000000 0.111232 
1993.000000 0.110965 
1994.000000 0.110699 
1995.000000 0.110433 
1996.000000 0.110168 
1997.000000 0.109904 
1998.000000 0.109639 
1999.000000 0.109375 
2000.000000 0.109112 
2001.000000 0.108849 
2002.000000 0.108586 
2003.000000 0.108324 
2004.000000 0.108063 
2005.000000 0.107801 
2006.000000 0.107540 
2007.000000 0.107280 
2008.000000 0.107020 
2009.000000 0.106761 
2010.000000 0.106501 
2011.000000 0.106243 
2012.000000 0.105984 
2013.000000 0.105727 
2014.000000 0.105469 
2015.000000 0.105212 
2016.000000 0.104956 
2017.000000 0.104700 
2018.000000 0.104444 
2019.000000 0.104189 
2020.000000 0.103934 
2021.000000 0.103680 
2022.000000 0.103426 
2023.000000 0.103172 
2024.000000 0.102919 
2025.000000 0.102666 
2026.000000 0.102414 
2027.000000 0.102162 
2028.000000 0.101911 
2029.000000 0.101660 
2030.000000 0.101409 
2031.000000 0.101159 
2032.000000 0.100909 
2033.000000 0.100660 
2034.000000 0.100411 
2035.000000 0.100163 
2036.000000 0.099915 
2037.000000 0.099667 
2038.000000 0.099420 
2039.000000 0.099173 
2040.000000 0.098927 
2041.000000 0.098681 
2042.000000 0.098435 
2043.000000 0.098190 
2044.000000 0.097946 
2045.000000 0.097701 
2046.000000 0.097458 
2047.000000 0.097214 
2048.000000 0.096971 
2049.000000 0.096729 
2050.000000 0.096486 
2051.000000 0.096245 
2052.000000 0.096003 
2053.000000 0.095763 
2054.000000 0.095522 
2055.000000 0.095282 
2056.000000 0.095042 
2057.000000 0.094803 
2058.000000 0.094564 
2059.000000 0.094326 
2060.000000 0.094088 
2061.000000 0.093850 
2062.000000 0.093613 
2063.000000 0.093376 
2064.000000 0.093140 
2065.000000 0.092904 
2066.000000 0.092669 
2067.000000 0.092434 
2068.000000 0.092199 
2069.000000 0.091965 
2070.000000 0.091731 
2071.000000 0.091497 
2072.000000 0.091264 
2073.000000 0.091032 
2074.000000 0.090800 
2075.000000 0.090568 
2076.000000 0.090336 
2077.000000 0.090105 
2078.000000 0.089875 
2079.000000 0.089645 
2080.000000 0.089415 
2081.000000 0.089186 
2082.000000 0.088957 
2083.000000 0.088728 
2084.000000 0.088500 
2085.000000 0.088272 
2086.000000 0.088045 
2087.000000 0.087818 
2088.000000 0.087592 
2089.000000 0.087365 
2090.000000 0.087140 
2091.000000 0.086915 
2092.000000 0.086690 
2093.000000 0.086465 
2094.000000 0.086241 
2095.000000 0.086018 
2096.000000 0.085794 
2097.000000 0.085571 
2098.000000 0.085349 
2099.000000 0.085127 
2100.000000 0.084905 
2101.000000 0.084684 
2102.000000 0.084463 
2103.000000 0.084243 
2104.000000 0.084023 
2105.000000 0.083803 
2106.000000 0.083584 
2107.000000 0.083365 
2108.000000 0.083147 
2109.000000 0.082929 
2110.000000 0.082711 
2111.000000 0.082494 
2112.000000 0.082277 
2113.000000 0.082060 
2114.000000 0.081844 
2115.000000 0.081629 
2116.000000 0.081414 
2117.000000 0.081199 
2118.000000 0.080984 
2119.000000 0.080770 
2120.000000 0.080557 
2121.000000 0.080343 
2122.000000 0.080130 
2123.000000 0.079918 
2124.000000 0.079706 
2125.000000 0.079494 
2126.000000 0.079283 
2127.000000 0.079072 
2128.000000 0.078862 
2129.000000 0.078652 
2130.000000 0.078442 
2131.000000 0.078232 
2132.000000 0.078024 
2133.000000 0.077815 
2134.000000 0.077607 
2135.000000 0.077399 
2136.000000 0.077192 
2137.000000 0.076985 
2138.000000 0.076778 
2139.000000 0.076572 
2140.000000 0.076366 
2141.000000 0.076161 
2142.000000 0.075956 
2143.000000 0.075751 
2144.000000 0.075547 
2145.000000 0.075343 
2146.000000 0.075140 
2147.000000 0.074937 
2148.000000 0.074734 
2149.000000 0.074532 
2150.000000 0.074330 
2151.000000 0.074128 
2152.000000 0.073927 
2153.000000 0.073726 
2154.000000 0.073526 
2155.000000 0.073326 
2156.000000 0.073126 
2157.000000 0.072927 
2158.000000 0.072728 
2159.000000 0.072530 
2160.000000 0.072332 
2161.000000 0.072134 
2162.000000 0.071937 
2163.000000 0.071740 
2164.000000 0.071543 
2165.000000 0.071347 
2166.000000 0.071151 
2167.000000 0.070956 
2168.000000 0.070761 
2169.000000 0.070566 
2170.000000 0.070372 
2171.000000 0.070178 
2172.000000 0.069985 
2173.000000 0.069792 
2174.000000 0.069599 
2175.000000 0.069406 
2176.000000 0.069214 
2177.000000 0.069023 
2178.000000 0.068832 
2179.000000 0.068641 
2180.000000 0.068450 
2181.000000 0.068260 
2182.000000 0.068070 
2183.000000 0.067881 
2184.000000 0.067692 
2185.000000 0.067503 
2186.000000 0.067315 
2187.000000 0.067127 
2188.000000 0.066940 
2189.000000 0.066753 
2190.000000 0.066566 
2191.000000 0.066380 
2192.000000 0.066193 
2193.000000 0.066008 
2194.000000 0.065823 
2195.000000 0.065638 
2196.000000 0.065453 
2197.000000 0.065269 
2198.000000 0.065085 
2199.000000 0.064902 
2200.000000 0.064719 
2201.000000 0.064536 
2202.000000 0.064354 
2203.000000 0.064172 
2204.000000 0.063990 
2205.000000 0.063809 
2206.000000 0.063628 
2207.000000 0.063447 
2208.000000 0.063267 
2209.000000 0.063087 
2210.000000 0.062908 
2211.000000 0.062729 
2212.000000 0.062550 
2213.000000 0.062372 
2214.000000 0.062194 
2215.000000 0.062016 
2216.000000 0.061839 
2217.000000 0.061662 
2218.000000 0.061486 
2219.000000 0.061310 
2220.000000 0.061134 
2221.000000 0.060958 
2222.000000 0.060783 
2223.000000 0.060608 
2224.000000 0.060434 
2225.000000 0.060260 
2226.000000 0.060086 
2227.000000 0.059913 
2228.000000 0.059740 
2229.000000 0.059568 
2230.000000 0.059395 
2231.000000 0.059223 
2232.000000 0.059052 
2233.000000 0.058881 
2234.000000 0.058710 
2235.000000 0.058539 
2236.000000 0.058369 
2237.000000 0.058200 
2238.000000 0.058030 
2239.000000 0.057861 
2240.000000 0.057692 
2241.000000 0.057524 
2242.000000 0.057356 
2243.000000 0.057188 
2244.000000 0.057021 
2245.000000 0.056854 
2246.000000 0.056687 
2247.000000 0.056521 
2248.000000 0.056355 
2249.000000 0.056190 
2250.000000 0.056024 
2251.000000 0.055860 
2252.000000 0.055695 
2253.000000 0.055531 
2254.000000 0.055367 
2255.000000 0.055203 
2256.000000 0.055040 
2257.000000 0.054878 
2258.000000 0.054715 
2259.000000 0.054553 
2260.000000 0.054391 
2261.000000 0.054230 
2262.000000 0.054069 
2263.000000 0.053908 
2264.000000 0.053747 
2265.000000 0.053587 
2266.000000 0.053428 
2267.000000 0.053268 
2268.000000 0.053109 
2269.000000 0.052951 
2270.000000 0.052792 
2271.000000 0.052634 
2272.000000 0.052476 
2273.000000 0.052319 
2274.000000 0.052162 
2275.000000 0.052005 
2276.000000 0.051849 
2277.000000 0.051693 
2278.000000 0.051537 
2279.000000 0.051382 
2280.000000 0.051227 
2281.000000 0.051072 
2282.000000 0.050918 
2283.000000 0.050764 
2284.000000 0.050610 
2285.000000 0.050457 
2286.000000 0.050304 
2287.000000 0.050151 
2288.000000 0.049999 
2289.000000 0.049847 
2290.000000 0.049695 
2291.000000 0.049544 
2292.000000 0.049393 
2293.000000 0.049242 
2294.000000 0.049092 
2295.000000 0.048942 
2296.000000 0.048792 
2297.000000 0.048643 
2298.000000 0.048494 
2299.000000 0.048345 
2300.000000 0.048197 
2301.000000 0.048049 
2302.000000 0.047901 
2303.000000 0.047754 
2304.000000 0.047607 
2305.000000 0.047460 
2306.000000 0.047313 
2307.000000 0.047167 
2308.000000 0.047022 
2309.000000 0.046876 
2310.000000 0.046731 
2311.000000 0.046586 
2312.000000 0.046442 
2313.000000 0.046298 
2314.000000 0.046154 
2315.000000 0.046010 
2316.000000 0.045867 
2317.000000 0.045724 
2318.000000 0.045582 
2319.000000 0.045440 
2320.000000 0.045298 
2321.000000 0.045156 
2322.000000 0.045015 
2323.000000 0.044874 
2324.000000 0.044733 
2325.000000 0.044593 
2326.000000 0.044453 
2327.000000 0.044313 
2328.000000 0.044174 
2329.000000 0.044035 
2330.000000 0.043896 
2331.000000 0.043758 
2332.000000 0.043620 
2333.000000 0.043482 
2334.000000 0.043345 
2335.000000 0.043207 
2336.000000 0.043071 
2337.000000 0.042934 
2338.000000 0.042798 
2339.000000 0.042662 
2340.000000 0.042526 
2341.000000 0.042391 
2342.000000 0.042256 
2343.000000 0.042122 
2344.000000 0.041987 
2345.000000 0.041853 
2346.000000 0.041720 
2347.000000 0.041586 
2348.000000 0.041453 
2349.000000 0.041320 
2350.000000 0.041188 
2351.000000 0.041056 
2352.000000 0.040924 
2353.000000 0.040792 
2354.000000 0.040661 
2355.000000 0.040530 
2356.000000 0.040400 
2357.000000 0.040269 
2358.000000 0.040139 
2359.000000 0.040010 
2360.000000 0.039880 
2361.000000 0.039751 
2362.000000 0.039622 
2363.000000 0.039494 
2364.000000 0.039366 
2365.000000 0.039238 
2366.000000 0.039110 
2367.000000 0.038983 
2368.000000 0.038856 
2369.000000 0.038729 
2370.000000 0.038603 
2371.000000 0.038477 
2372.000000 0.038351 
2373.000000 0.038226 
2374.000000 0.038101 
2375.000000 0.037976 
2376.000000 0.037851 
2377.000000 0.037727 
2378.000000 0.037603 
2379.000000 0.037479 
2380.000000 0.037356 
2381.000000 0.037233 
2382.000000 0.037110 
2383.000000 0.036988 
2384.000000 0.036865 
2385.000000 0.036743 
2386.000000 0.036622 
2387.000000 0.036500 
2388.000000 0.036379 
2389.000000 0.036259 
2390.000000 0.036138 
2391.000000 0.036018 
2392.000000 0.035898 
2393.000000 0.035779 
2394.000000 0.035659 
2395.000000 0.035540 
2396.000000 0.035422 
2397.000000 0.035303 
2398.000000 0.035185 
2399.000000 0.035067 
2400.000000 0.034950 
2401.000000 0.034833 
2402.000000 0.034716 
2403.000000 0.034599 
2404.000000 0.034482 
2405.000000 0.034366 
2406.000000 0.034251 
2407.000000 0.034135 
2408.000000 0.034020 
2409.000000 0.033905 
2410.000000 0.033790 
2411.000000 0.033676 
2412.000000 0.033561 
2413.000000 0.033448 
2414.000000 0.033334 
2415.000000 0.033221 
2416.000000 0.033108 
2417.000000 0.032995 
2418.000000 0.032882 
2419.000000 0.032770 
2420.000000 0.032658 
2421.000000 0.032547 
2422.000000 0.032435 
2423.000000 0.032324 
2424.000000 0.032213 
2425.000000 0.032103 
2426.000000 0.031993 
2427.000000 0.031883 
2428.000000 0.031773 
2429.000000 0.031664 
2430.000000 0.031554 
2431.000000 0.031446 
2432.000000 0.031337 
2433.000000 0.031229 
2434.000000 0.031120 
2435.000000 0.031013 
2436.000000 0.030905 
2437.000000 0.030798 
2438.000000 0.030691 
2439.000000 0.030584 
2440.000000 0.030478 
2441.000000 0.030371 
2442.000000 0.030266 
2443.000000 0.030160 
2444.000000 0.030054 
2445.000000 0.029949 
2446.000000 0.029844 
2447.000000 0.029740 
2448.000000 0.029636 
2449.000000 0.029531 
2450.000000 0.029428 
2451.000000 0.029324 
2452.000000 0.029221 
2453.000000 0.029118 
2454.000000 0.029015 
2455.000000 0.028912 
2456.000000 0.028810 
2457.000000 0.028708 
2458.000000 0.028607 
2459.000000 0.028505 
2460.000000 0.028404 
2461.000000 0.028303 
2462.000000 0.028202 
2463.000000 0.028102 
2464.000000 0.028002 
2465.000000 0.027902 
2466.000000 0.027802 
2467.000000 0.027703 
2468.000000 0.027603 
2469.000000 0.027505 
2470.000000 0.027406 
2471.000000 0.027307 
2472.000000 0.027209 
2473.000000 0.027111 
2474.000000 0.027014 
2475.000000 0.026916 
2476.000000 0.026819 
2477.000000 0.026722 
2478.000000 0.026626 
2479.000000 0.026529 
2480.000000 0.026433 
2481.000000 0.026337 
2482.000000 0.026242 
2483.000000 0.026146 
2484.000000 0.026051 
2485.000000 0.025956 
2486.000000 0.025862 
2487.000000 0.025767 
2488.000000 0.025673 
2489.000000 0.025579 
2490.000000 0.025486 
2491.000000 0.025392 
2492.000000 0.025299 
2493.000000 0.025206 
2494.000000 0.025113 
2495.000000 0.025021 
2496.000000 0.024929 
2497.000000 0.024837 
2498.000000 0.024745 
2499.000000 0.024654 
2500.000000 0.024562 
2501.000000 0.024471 
2502.000000 0.024381 
2503.000000 0.024290 
2504.000000 0.024200 
2505.000000 0.024110 
2506.000000 0.024020 
2507.000000 0.023930 
2508.000000 0.023841 
2509.000000 0.023752 
2510.000000 0.023663 
2511.000000 0.023575 
2512.000000 0.023486 
2513.000000 0.023398 
2514.000000 0.023310 
2515.000000 0.023223 
2516.000000 0.023135 
2517.000000 0.023048 
2518.000000 0.022961 
2519.000000 0.022874 
2520.000000 0.022788 
2521.000000 0.022702 
2522.000000 0.022616 
2523.000000 0.022530 
2524.000000 0.022444 
2525.000000 0.022359 
2526.000000 0.022274 
2527.000000 0.022189 
2528.000000 0.022105 
2529.000000 0.022020 
2530.000000 0.021936 
2531.000000 0.021852 
2532.000000 0.021768 
2533.000000 0.021685 
2534.000000 0.021602 
2535.000000 0.021519 
2536.000000 0.021436 
2537.000000 0.021354 
2538.000000 0.021271 
2539.000000 0.021189 
2540.000000 0.021107 
2541.000000 0.021026 
2542.000000 0.020944 
2543.000000 0.020863 
2544.000000 0.020782 
2545.000000 0.020702 
2546.000000 0.020621 
2547.000000 0.020541 
2548.000000 0.020461 
2549.000000 0.020381 
2550.000000 0.020301 
2551.000000 0.020222 
2552.000000 0.020143 
2553.000000 0.020064 
2554.000000 0.019985 
2555.000000 0.019907 
2556.000000 0.019829 
2557.000000 0.019751 
2558.000000 0.019673 
2559.000000 0.019595 
2560.000000 0.019518 
2561.000000 0.019441 
2562.000000 0.019364 
2563.000000 0.019287 
2564.000000 0.019211 
2565.000000 0.019135 
2566.000000 0.019059 
2567.000000 0.018983 
2568.000000 0.018907 
2569.000000 0.018832 
2570.000000 0.018757 
2571.000000 0.018682 
2572.000000 0.018607 
2573.000000 0.018533 
2574.000000 0.018459 
2575.000000 0.018385 
2576.000000 0.018311 
2577.000000 0.018237 
2578.000000 0.018164 
2579.000000 0.018091 
2580.000000 0.018018 
2581.000000 0.017945 
2582.000000 0.017873 
2583.000000 0.017800 
2584.000000 0.017728 
2585.000000 0.017656 
2586.000000 0.017585 
2587.000000 0.017513 
2588.000000 0.017442 
2589.000000 0.017371 
2590.000000 0.017300 
2591.000000 0.017230 
2592.000000 0.017159 
2593.000000 0.017089 
2594.000000 0.017019 
2595.000000 0.016949 
2596.000000 0.016880 
2597.000000 0.016811 
2598.000000 0.016741 
2599.000000 0.016673 
2600.000000 0.016604 
2601.000000 0.016535 
2602.000000 0.016467 
2603.000000 0.016399 
2604.000000 0.016331 
2605.000000 0.016264 
2606.000000 0.016196 
2607.000000 0.016129 
2608.000000 0.016062 
2609.000000 0.015995 
2610.000000 0.015929 
2611.000000 0.015862 
2612.000000 0.015796 
2613.000000 0.015730 
2614.000000 0.015664 
2615.000000 0.015599 
2616.000000 0.015533 
2617.000000 0.015468 
2618.000000 0.015403 
2619.000000 0.015338 
2620.000000 0.015274 
2621.000000 0.015210 
2622.000000 0.015145 
2623.000000 0.015081 
2624.000000 0.015018 
2625.000000 0.014954 
2626.000000 0.014891 
2627.000000 0.014828 
2628.000000 0.014765 
2629.000000 0.014702 
2630.000000 0.014639 
2631.000000 0.014577 
2632.000000 0.014515 
2633.000000 0.014453 
2634.000000 0.014391 
2635.000000 0.014329 
2636.000000 0.014268 
2637.000000 0.014207 
2638.000000 0.014146 
2639.000000 0.014085 
2640.000000 0.014025 
2641.000000 0.013964 
2642.000000 0.013904 
2643.000000 0.013844 
2644.000000 0.013784 
2645.000000 0.013724 
2646.000000 0.013665 
2647.000000 0.013606 
2648.000000 0.013547 
2649.000000 0.013488 
2650.000000 0.013429 
2651.000000 0.013371 
2652.000000 0.013312 
2653.000000 0.013254 
2654.000000 0.013196 
2655.000000 0.013138 
2656.000000 0.013081 
2657.000000 0.013023 
2658.000000 0.012966 
2659.000000 0.012909 
2660.000000 0.012852 
2661.000000 0.012796 
2662.000000 0.012739 
2663.000000 0.012683 
2664.000000 0.012627 
2665.000000 0.012571 
2666.000000 0.012515 
2667.000000 0.012460 
2668.000000 0.012404 
2669.000000 0.012349 
2670.000000 0.012294 
2671.000000 0.012239 
2672.000000 0.012184 
2673.000000 0.012130 
2674.000000 0.012076 
2675.000000 0.012022 
2676.000000 0.011968 
2677.000000 0.011914 
2678.000000 0.011860 
2679.000000 0.011807 
2680.000000 0.011754 
2681.000000 0.011700 
2682.000000 0.011648 
2683.000000 0.011595 
2684.000000 0.011542 
2685.000000 0.011490 
2686.000000 0.011438 
2687.000000 0.011386 
2688.000000 0.011334 
2689.000000 0.011282 
2690.000000 0.011230 
2691.000000 0.011179 
2692.000000 0.011128 
2693.000000 0.011077 
2694.000000 0.011026 
2695.000000 0.010975 
2696.000000 0.010925 
2697.000000 0.010874 
2698.000000 0.010824 
2699.000000 0.010774 
2700.000000 0.010724 
2701.000000 0.010674 
2702.000000 0.010625 
2703.000000 0.010576 
2704.000000 0.010526 
2705.000000 0.010477 
2706.000000 0.010428 
2707.000000 0.010380 
2708.000000 0.010331 
2709.000000 0.010283 
2710.000000 0.010234 
2711.000000 0.010186 
2712.000000 0.010138 
2713.000000 0.010091 
2714.000000 0.010043 
2715.000000 0.009995 
2716.000000 0.009948 
2717.000000 0.009901 
2718.000000 0.009854 
2719.000000 0.009807 
2720.000000 0.009761 
2721.000000 0.009714 
2722.000000 0.009668 
2723.000000 0.009621 
2724.000000 0.009575 
2725.000000 0.009529 
2726.000000 0.009484 
2727.000000 0.009438 
2728.000000 0.009393 
2729.000000 0.009347 
2730.000000 0.009302 
2731.000000 0.009257 
2732.000000 0.009212 
2733.000000 0.009168 
2734.000000 0.009123 
2735.000000 0.009079 
2736.000000 0.009035 
2737.000000 0.008991 
2738.000000 0.008947 
2739.000000 0.008903 
2740.000000 0.008859 
2741.000000 0.008816 
2742.000000 0.008772 
2743.000000 0.008729 
2744.000000 0.008686 
2745.000000 0.008643 
2746.000000 0.008600 
2747.000000 0.008558 
2748.000000 0.008515 
2749.000000 0.008473 
2750.000000 0.008431 
2751.000000 0.008389 
2752.000000 0.008347 
2753.000000 0.008305 
2754.000000 0.008264 
2755.000000 0.008222 
2756.000000 0.008181 
2757.000000 0.008140 
2758.000000 0.008099 
2759.000000 0.008058 
2760.000000 0.008017 
2761.000000 0.007977 
2762.000000 0.007936 
2763.000000 0.007896 
2764.000000 0.007856 
2765.000000 0.007816 
2766.000000 0.007776 
2767.000000 0.007736 
2768.000000 0.007697 
2769.000000 0.007657 
2770.000000 0.007618 
2771.000000 0.007579 
2772.000000 0.007540 
2773.000000 0.007501 
2774.000000 0.007462 
2775.000000 0.007424 
2776.000000 0.007385 
2777.000000 0.007347 
2778.000000 0.007309 
2779.000000 0.007271 
2780.000000 0.007233 
2781.000000 0.007195 
2782.000000 0.007157 
2783.000000 0.007120 
2784.000000 0.007083 
2785.000000 0.007045 
2786.000000 0.007008 
2787.000000 0.006971 
2788.000000 0.006935 
2789.000000 0.006898 
2790.000000 0.006861 
2791.000000 0.006825 
2792.000000 0.006789 
2793.000000 0.006753 
2794.000000 0.006717 
2795.000000 0.006681 
2796.000000 0.006645 
2797.000000 0.006610 
2798.000000 0.006574 
2799.000000 0.006539 
2800.000000 0.006504 
2801.000000 0.006469 
2802.000000 0.006434 
2803.000000 0.006399 
2804.000000 0.006365 
2805.000000 0.006330 
2806.000000 0.006296 
2807.000000 0.006262 
2808.000000 0.006228 
2809.000000 0.006194 
2810.000000 0.006160 
2811.000000 0.006126 
2812.000000 0.006093 
2813.000000 0.006059 
2814.000000 0.006026 
2815.000000 0.005993 
2816.000000 0.005960 
2817.000000 0.005927 
2818.000000 0.005894 
2819.000000 0.005862 
2820.000000 0.005829 
2821.000000 0.005797 
2822.000000 0.005765 
2823.000000 0.005733 
2824.000000 0.005701 
2825.000000 0.005669 
2826.000000 0.005637 
2827.000000 0.005606 
2828.000000 0.005575 
2829.000000 0.005543 
2830.000000 0.005512 
2831.000000 0.005481 
2832.000000 0.005450 
2833.000000 0.005420 
2834.000000 0.005389 
2835.000000 0.005359 
2836.000000 0.005328 
2837.000000 0.005298 
2838.000000 0.005268 
2839.000000 0.005238 
2840.000000 0.005208 
2841.000000 0.005179 
2842.000000 0.005149 
2843.000000 0.005120 
2844.000000 0.005090 
2845.000000 0.005061 
2846.000000 0.005032 
2847.000000 0.005003 
2848.000000 0.004975 
2849.000000 0.004946 
2850.000000 0.004917 
2851.000000 0.004889 
2852.000000 0.004861 
2853.000000 0.004833 
2854.000000 0.004805 
2855.000000 0.004777 
2856.000000 0.004749 
2857.000000 0.004721 
2858.000000 0.004694 
2859.000000 0.004667 
2860.000000 0.004639 
2861.000000 0.004612 
2862.000000 0.004585 
2863.000000 0.004559 
2864.000000 0.004532 
2865.000000 0.004505 
2866.000000 0.004479 
2867.000000 0.004452 
2868.000000 0.004426 
2869.000000 0.004400 
2870.000000 0.004374 
2871.000000 0.004348 
2872.000000 0.004323 
2873.000000 0.004297 
2874.000000 0.004272 
2875.000000 0.004246 
2876.000000 0.004221 
2877.000000 0.004196 
2878.000000 0.004171 
2879.000000 0.004146 
2880.000000 0.004121 
2881.000000 0.004097 
2882.000000 0.004072 
2883.000000 0.004048 
2884.000000 0.004024 
2885.000000 0.004000 
2886.000000 0.003976 
2887.000000 0.003952 
2888.000000 0.003928 
2889.000000 0.003905 
2890.000000 0.003881 
2891.000000 0.003858 
2892.000000 0.003834 
2893.000000 0.003811 
2894.000000 0.003788 
2895.000000 0.003765 
2896.000000 0.003743 
2897.000000 0.003720 
2898.000000 0.003697 
2899.000000 0.003675 
2900.000000 0.003653 
2901.000000 0.003630 
2902.000000 0.003608 
2903.000000 0.003586 
2904.000000 0.003565 
2905.000000 0.003543 
2906.000000 0.003521 
2907.000000 0.003500 
2908.000000 0.003478 
2909.000000 0.003457 
2910.000000 0.003436 
2911.000000 0.003415 
2912.000000 0.003394 
2913.000000 0.003373 
2914.000000 0.003352 
2915.000000 0.003332 
2916.000000 0.003311 
2917.000000 0.003291 
2918.000000 0.003271 
2919.000000 0.003251 
2920.000000 0.003231 
2921.000000 0.003211 
2922.000000 0.003191 
2923.000000 0.003171 
2924.000000 0.003152 
2925.000000 0.003132 
2926.000000 0.003113 
2927.000000 0.003094 
2928.000000 0.003075 
2929.000000 0.003056 
2930.000000 0.003037 
2931.000000 0.003018 
2932.000000 0.002999 
2933.000000 0.002980 
2934.000000 0.002962 
2935.000000 0.002944 
2936.000000 0.002925 
2937.000000 0.002907 
2938.000000 0.002889 
2939.000000 0.002871 
2940.000000 0.002853 
2941.000000 0.002836 
2942.000000 0.002818 
2943.000000 0.002800 
2944.000000 0.002783 
2945.000000 0.002766 
2946.000000 0.002748 
2947.000000 0.002731 
2948.000000 0.002714 
2949.000000 0.002697 
2950.000000 0.002681 
2951.000000 0.002664 
2952.000000 0.002647 
2953.000000 0.002631 
2954.000000 0.002614 
2955.000000 0.002598 
2956.000000 0.002582 
2957.000000 0.002566 
2958.000000 0.002550 
2959.000000 0.002534 
2960.000000 0.002518 
2961.000000 0.002503 
2962.000000 0.002487 
2963.000000 0.002471 
2964.000000 0.002456 
2965.000000 0.002441 
2966.000000 0.002426 
2967.000000 0.002411 
2968.000000 0.002396 
2969.000000 0.002381 
2970.000000 0.002366 
2971.000000 0.002351 
2972.000000 0.002337 
2973.000000 0.002322 
2974.000000 0.002308 
2975.000000 0.002293 
2976.000000 0.002279 
2977.000000 0.002265 
2978.000000 0.002251 
2979.000000 0.002237 
2980.000000 0.002223 
2981.000000 0.002210 
2982.000000 0.002196 
2983.000000 0.002183 
2984.000000 0.002169 
2985.000000 0.002156 
2986.000000 0.002143 
2987.000000 0.002129 
2988.000000 0.002116 
2989.000000 0.002103 
2990.000000 0.002091 
2991.000000 0.002078 
2992.000000 0.002065 
2993.000000 0.002053 
2994.000000 0.002040 
2995.000000 0.002028 
2996.000000 0.002016 
2997.000000 0.002003 
2998.000000 0.001991 
2999.000000 0.001979 
3000.000000 0.001967 
3001.000000 0.001956 
3002.000000 0.001944 
3003.000000 0.001932 
3004.000000 0.001921 
3005.000000 0.001909 
3006.000000 0.001898 
3007.000000 0.001887 
3008.000000 0.001876 
3009.000000 0.001865 
3010.000000 0.001854 
3011.000000 0.001843 
3012.000000 0.001832 
3013.000000 0.001821 
3014.000000 0.001811 
3015.000000 0.001800 
3016.000000 0.001790 
3017.000000 0.001780 
3018.000000 0.001769 
3019.000000 0.001759 
3020.000000 0.001749 
3021.000000 0.001739 
3022.000000 0.001730 
3023.000000 0.001720 
3024.000000 0.001710 
3025.000000 0.001701 
3026.000000 0.001691 
3027.000000 0.001682 
3028.000000 0.001673 
3029.000000 0.001663 
3030.000000 0.001654 
3031.000000 0.001645 
3032.000000 0.001636 
3033.000000 0.001628 
3034.000000 0.001619 
3035.000000 0.001610 
3036.000000 0.001602 
3037.000000 0.001593 
3038.000000 0.001585 
3039.000000 0.001577 
3040.000000 0.001569 
3041.000000 0.001561 
3042.000000 0.001553 
3043.000000 0.001545 
3044.000000 0.001537 
3045.000000 0.001529 
3046.000000 0.001522 
3047.000000 0.001514 
3048.000000 0.001507 
3049.000000 0.001499 
3050.000000 0.001492 
3051.000000 0.001485 
3052.000000 0.001478 
3053.000000 0.001471 
3054.000000 0.001464 
3055.000000 0.001457 
3056.000000 0.001450 
3057.000000 0.001444 
3058.000000 0.001437 
3059.000000 0.001431 
3060.000000 0.001424 
3061.000000 0.001418 
3062.000000 0.001412 
3063.000000 0.001406 
3064.000000 0.001400 
3065.000000 0.001394 
3066.000000 0.001388 
3067.000000 0.001382 
3068.000000 0.001377 
3069.000000 0.001371 
3070.000000 0.001366 
3071.000000 0.001360 
3072.000000 0.001355 
3073.000000 0.001350 
3074.000000 0.001344 
3075.000000 0.001339 
3076.000000 0.001334 
3077.000000 0.001329 
3078.000000 0.001324 
3079.000000 0.001320 
3080.000000 0.001315 
3081.000000 0.001310 
3082.000000 0.001306 
3083.000000 0.001301 
3084.000000 0.001297 
3085.000000 0.001293 
3086.000000 0.001288 
3087.000000 0.001284 
3088.000000 0.001280 
3089.000000 0.001276 
3090.000000 0.001272 
3091.000000 0.001268 
3092.000000 0.001265 
3093.000000 0.001261 
3094.000000 0.001257 
3095.000000 0.001254 
3096.000000 0.001250 
3097.000000 0.001247 
3098.000000 0.001243 
3099.000000 0.001240 
3100.000000 0.001237 
3101.000000 0.001234 
3102.000000 0.001231 
3103.000000 0.001227 
3104.000000 0.001224 
3105.000000 0.001222 
3106.000000 0.001219 
3107.000000 0.001216 
3108.000000 0.001213 
3109.000000 0.001211 
3110.000000 0.001208 
3111.000000 0.001205 
3112.000000 0.001203 
3113.000000 0.001200 
3114.000000 0.001198 
3115.000000 0.001196 
3116.000000 0.001193 
3117.000000 0.001191 
3118.000000 0.001189 
3119.000000 0.001187 
3120.000000 0.001185 
3121.000000 0.001183 
3122.000000 0.001181 
3123.000000 0.001179 
3124.000000 0.001177 
3125.000000 0.001175 
3126.000000 0.001173 
3127.000000 0.001172 
3128.000000 0.001170 
3129.000000 0.001168 
3130.000000 0.001167 
3131.000000 0.001165 
3132.000000 0.001164 
3133.000000 0.001162 
3134.000000 0.001161 
3135.000000 0.001159 
3136.000000 0.001158 
3137.000000 0.001157 
3138.000000 0.001155 
3139.000000 0.001154 
3140.000000 0.001153 
3141.000000 0.001152 
3142.000000 0.001151 
3143.000000 0.001149 
3144.000000 0.001148 
3145.000000 0.001147 
3146.000000 0.001146 
3147.000000 0.001145 
3148.000000 0.001144 
3149.000000 0.001143 
3150.000000 0.001142 
3151.000000 0.001142 
3152.000000 0.001141 
3153.000000 0.001140 
3154.000000 0.001139 
3155.000000 0.001138 
3156.000000 0.001138 
3157.000000 0.001137 
3158.000000 0.001136 
3159.000000 0.001135 
3160.000000 0.001135 
3161.000000 0.001134 
3162.000000 0.001133 
3163.000000 0.001133 
3164.000000 0.001132 
3165.000000 0.001132 
3166.000000 0.001131 
3167.000000 0.001131 
3168.000000 0.001130 
3169.000000 0.001129 
3170.000000 0.001129 
3171.000000 0.001128 
3172.000000 0.001128 
3173.000000 0.001128 
3174.000000 0.001127 
3175.000000 0.001127 
3176.000000 0.001126 
3177.000000 0.001126 
3178.000000 0.001125 
3179.000000 0.001125 
3180.000000 0.001125 
3181.000000 0.001124 
3182.000000 0.001124 
3183.000000 0.001124 
3184.000000 0.001123 
3185.000000 0.001123 
3186.000000 0.001123 
3187.000000 0.001122 
3188.000000 0.001122 
3189.000000 0.001122 
3190.000000 0.001121 
3191.000000 0.001121 
3192.000000 0.001121 
3193.000000 0.001120 
3194.000000 0.001120 
3195.000000 0.001120 
3196.000000 0.001120 
3197.000000 0.001119 
3198.000000 0.001119 
3199.000000 0.001119 
3200.000000 0.001118 
3201.000000 0.001118 
3202.000000 0.001118 
3203.000000 0.001118 
3204.000000 0.001117 
3205.000000 0.001117 
3206.000000 0.001117 
3207.000000 0.001117 
3208.000000 0.001116 
3209.000000 0.001116 
3210.000000 0.001116 
3211.000000 0.001115 
3212.000000 0.001115 
3213.000000 0.001115 
3214.000000 0.001115 
3215.000000 0.001114 
3216.000000 0.001114 
3217.000000 0.001114 
3218.000000 0.001114 
3219.000000 0.001113 
3220.000000 0.001113 
3221.000000 0.001113 
3222.000000 0.001112 
3223.000000 0.001112 
3224.000000 0.001112 
3225.000000 0.001111 
3226.000000 0.001111 
3227.000000 0.001111 
3228.000000 0.001111 
3229.000000 0.001110 
3230.000000 0.001110 
3231.000000 0.001110 
3232.000000 0.001109 
3233.000000 0.001109 
3234.000000 0.001109 
3235.000000 0.001108 
3236.000000 0.001108 
3237.000000 0.001107 
3238.000000 0.001107 
3239.000000 0.001107 
3240.000000 0.001106 
3241.000000 0.001106 
3242.000000 0.001106 
3243.000000 0.001105 
3244.000000 0.001105 
3245.000000 0.001104 
3246.000000 0.001104 
3247.000000 0.001104 
3248.000000 0.001103 
3249.000000 0.001103 
3250.000000 0.001102 
3251.000000 0.001102 
3252.000000 0.001101 
3253.000000 0.001101 
3254.000000 0.001100 
3255.000000 0.001100 
3256.000000 0.001099 
3257.000000 0.001099 
3258.000000 0.001098 
3259.000000 0.001098 
3260.000000 0.001097 
3261.000000 0.001097 
3262.000000 0.001096 
3263.000000 0.001096 
3264.000000 0.001095 
3265.000000 0.001095 
3266.000000 0.001094 
3267.000000 0.001094 
3268.000000 0.001093 
3269.000000 0.001093 
3270.000000 0.001092 
3271.000000 0.001091 
3272.000000 0.001091 
3273.000000 0.001090 
3274.000000 0.001090 
3275.000000 0.001089 
3276.000000 0.001088 
3277.000000 0.001088 
3278.000000 0.001087 
3279.000000 0.001086 
3280.000000 0.001086 
3281.000000 0.001085 
3282.000000 0.001084 
3283.000000 0.001084 
3284.000000 0.001083 
3285.000000 0.001082 
3286.000000 0.001082 
3287.000000 0.001081 
3288.000000 0.001080 
3289.000000 0.001079 
3290.000000 0.001079 
3291.000000 0.001078 
3292.000000 0.001077 
3293.000000 0.001076 
3294.000000 0.001076 
3295.000000 0.001075 
3296.000000 0.001074 
3297.000000 0.001073 
3298.000000 0.001072 
3299.000000 0.001071 
3300.000000 0.001071 
3301.000000 0.001070 
3302.000000 0.001069 
3303.000000 0.001068 
3304.000000 0.001067 
3305.000000 0.001066 
3306.000000 0.001065 
3307.000000 0.001064 
3308.000000 0.001064 
3309.000000 0.001063 
3310.000000 0.001062 
3311.000000 0.001061 
3312.000000 0.001060 
3313.000000 0.001059 
3314.000000 0.001058 
3315.000000 0.001057 
3316.000000 0.001056 
3317.000000 0.001055 
3318.000000 0.001054 
3319.000000 0.001053 
3320.000000 0.001052 
3321.000000 0.001051 
3322.000000 0.001050 
3323.000000 0.001049 
3324.000000 0.001048 
3325.000000 0.001047 
3326.000000 0.001046 
3327.000000 0.001044 
3328.000000 0.001043 
3329.000000 0.001042 
3330.000000 0.001041 
3331.000000 0.001040 
3332.000000 0.001039 
3333.000000 0.001038 
3334.000000 0.001037 
3335.000000 0.001035 
3336.000000 0.001034 
3337.000000 0.001033 
3338.000000 0.001032 
3339.000000 0.001031 
3340.000000 0.001029 
3341.000000 0.001028 
3342.000000 0.001027 
3343.000000 0.001026 
3344.000000 0.001024 
3345.000000 0.001023 
3346.000000 0.001022 
3347.000000 0.001021 
3348.000000 0.001019 
3349.000000 0.001018 
3350.000000 0.001017 
3351.000000 0.001015 
3352.000000 0.001014 
3353.000000 0.001013 
3354.000000 0.001011 
3355.000000 0.001010 
3356.000000 0.001008 
3357.000000 0.001007 
3358.000000 0.001006 
3359.000000 0.001004 
3360.000000 0.001003 
3361.000000 0.001001 
3362.000000 0.001000 
3363.000000 0.000999 
3364.000000 0.000997 
3365.000000 0.000996 
3366.000000 0.000994 
3367.000000 0.000993 
3368.000000 0.000991 
3369.000000 0.000990 
3370.000000 0.000988 
3371.000000 0.000987 
3372.000000 0.000985 
3373.000000 0.000983 
3374.000000 0.000982 
3375.000000 0.000980 
3376.000000 0.000979 
3377.000000 0.000977 
3378.000000 0.000976 
3379.000000 0.000974 
3380.000000 0.000972 
3381.000000 0.000971 
3382.000000 0.000969 
3383.000000 0.000967 
3384.000000 0.000966 
3385.000000 0.000964 
3386.000000 0.000963 
3387.000000 0.000961 
3388.000000 0.000959 
3389.000000 0.000957 
3390.000000 0.000956 
3391.000000 0.000954 
3392.000000 0.000952 
3393.000000 0.000951 
3394.000000 0.000949 
3395.000000 0.000947 
3396.000000 0.000945 
3397.000000 0.000944 
3398.000000 0.000942 
3399.000000 0.000940 
3400.000000 0.000938 
3401.000000 0.000936 
3402.000000 0.000935 
3403.000000 0.000933 
3404.000000 0.000931 
3405.000000 0.000929 
3406.000000 0.000927 
3407.000000 0.000925 
3408.000000 0.000923 
3409.000000 0.000922 
3410.000000 0.000920 
3411.000000 0.000918 
3412.000000 0.000916 
3413.000000 0.000914 
3414.000000 0.000912 
3415.000000 0.000910 
3416.000000 0.000908 
3417.000000 0.000906 
3418.000000 0.000904 
3419.000000 0.000902 
3420.000000 0.000900 
3421.000000 0.000899 
3422.000000 0.000897 
3423.000000 0.000895 
3424.000000 0.000893 
3425.000000 0.000891 
3426.000000 0.000889 
3427.000000 0.000887 
3428.000000 0.000885 
3429.000000 0.000883 
3430.000000 0.000881 
3431.000000 0.000878 
3432.000000 0.000876 
3433.000000 0.000874 
3434.000000 0.000872 
3435.000000 0.000870 
3436.000000 0.000868 
3437.000000 0.000866 
3438.000000 0.000864 
3439.000000 0.000862 
3440.000000 0.000860 
3441.000000 0.000858 
3442.000000 0.000856 
3443.000000 0.000854 
3444.000000 0.000851 
3445.000000 0.000849 
3446.000000 0.000847 
3447.000000 0.000845 
3448.000000 0.000843 
3449.000000 0.000841 
3450.000000 0.000839 
3451.000000 0.000836 
3452.000000 0.000834 
3453.000000 0.000832 
3454.000000 0.000830 
3455.000000 0.000828 
3456.000000 0.000826 
3457.000000 0.000823 
3458.000000 0.000821 
3459.000000 0.000819 
3460.000000 0.000817 
3461.000000 0.000815 
3462.000000 0.000812 
3463.000000 0.000810 
3464.000000 0.000808 
3465.000000 0.000806 
3466.000000 0.000804 
3467.000000 0.000801 
3468.000000 0.000799 
3469.000000 0.000797 
3470.000000 0.000795 
3471.000000 0.000792 
3472.000000 0.000790 
3473.000000 0.000788 
3474.000000 0.000786 
3475.000000 0.000783 
3476.000000 0.000781 
3477.000000 0.000779 
3478.000000 0.000777 
3479.000000 0.000774 
3480.000000 0.000772 
3481.000000 0.000770 
3482.000000 0.000767 
3483.000000 0.000765 
3484.000000 0.000763 
3485.000000 0.000761 
3486.000000 0.000758 
3487.000000 0.000756 
3488.000000 0.000754 
3489.000000 0.000751 
3490.000000 0.000749 
3491.000000 0.000747 
3492.000000 0.000744 
3493.000000 0.000742 
3494.000000 0.000740 
3495.000000 0.000737 
3496.000000 0.000735 
3497.000000 0.000733 
3498.000000 0.000730 
3499.000000 0.000728 
3500.000000 0.000726 
3501.000000 0.000723 
3502.000000 0.000721 
3503.000000 0.000719 
3504.000000 0.000716 
3505.000000 0.000714 
3506.000000 0.000712 
3507.000000 0.000709 
3508.000000 0.000707 
3509.000000 0.000705 
3510.000000 0.000702 
3511.000000 0.000700 
3512.000000 0.000698 
3513.000000 0.000695 
3514.000000 0.000693 
3515.000000 0.000691 
3516.000000 0.000688 
3517.000000 0.000686 
3518.000000 0.000683 
3519.000000 0.000681 
3520.000000 0.000679 
3521.000000 0.000676 
3522.000000 0.000674 
3523.000000 0.000672 
3524.000000 0.000669 
3525.000000 0.000667 
3526.000000 0.000664 
3527.000000 0.000662 
3528.000000 0.000660 
3529.000000 0.000657 
3530.000000 0.000655 
3531.000000 0.000653 
3532.000000 0.000650 
3533.000000 0.000648 
3534.000000 0.000645 
3535.000000 0.000643 
3536.000000 0.000641 
3537.000000 0.000638 
3538.000000 0.000636 
3539.000000 0.000633 
3540.000000 0.000631 
3541.000000 0.000629 
3542.000000 0.000626 
3543.000000 0.000624 
3544.000000 0.000621 
3545.000000 0.000619 
3546.000000 0.000617 
3547.000000 0.000614 
3548.000000 0.000612 
3549.000000 0.000609 
3550.000000 0.000607 
3551.000000 0.000605 
3552.000000 0.000602 
3553.000000 0.000600 
3554.000000 0.000597 
3555.000000 0.000595 
3556.000000 0.000593 
3557.000000 0.000590 
3558.000000 0.000588 
3559.000000 0.000585 
3560.000000 0.000583 
3561.000000 0.000580 
3562.000000 0.000578 
3563.000000 0.000576 
3564.000000 0.000573 
3565.000000 0.000571 
3566.000000 0.000568 
3567.000000 0.000566 
3568.000000 0.000563 
3569.000000 0.000561 
3570.000000 0.000559 
3571.000000 0.000556 
3572.000000 0.000554 
3573.000000 0.000551 
3574.000000 0.000549 
3575.000000 0.000546 
3576.000000 0.000544 
3577.000000 0.000542 
3578.000000 0.000539 
3579.000000 0.000537 
3580.000000 0.000534 
3581.000000 0.000532 
3582.000000 0.000529 
3583.000000 0.000527 
3584.000000 0.000524 
3585.000000 0.000522 
3586.000000 0.000520 
3587.000000 0.000517 
3588.000000 0.000515 
3589.000000 0.000512 
3590.000000 0.000510 
3591.000000 0.000507 
3592.000000 0.000505 
3593.000000 0.000502 
3594.000000 0.000500 
3595.000000 0.000497 
3596.000000 0.000495 
3597.000000 0.000493 
3598.000000 0.000490 
3599.000000 0.000488 
3600.000000 0.000485 
3601.000000 0.000483 
3602.000000 0.000480 
3603.000000 0.000478 
3604.000000 0.000475 
3605.000000 0.000473 
3606.000000 0.000470 
3607.000000 0.000468 
3608.000000 0.000465 
3609.000000 0.000463 
3610.000000 0.000460 
3611.000000 0.000458 
3612.000000 0.000455 
3613.000000 0.000453 
3614.000000 0.000450 
3615.000000 0.000448 
3616.000000 0.000445 
3617.000000 0.000443 
3618.000000 0.000440 
3619.000000 0.000438 
3620.000000 0.000435 
3621.000000 0.000433 
3622.000000 0.000430 
3623.000000 0.000428 
3624.000000 0.000425 
3625.000000 0.000423 
3626.000000 0.000420 
3627.000000 0.000418 
3628.000000 0.000415 
3629.000000 0.000413 
3630.000000 0.000410 
3631.000000 0.000408 
3632.000000 0.000405 
3633.000000 0.000403 
3634.000000 0.000400 
3635.000000 0.000398 
3636.000000 0.000395 
3637.000000 0.000393 
3638.000000 0.000390 
3639.000000 0.000388 
3640.000000 0.000385 
3641.000000 0.000383 
3642.000000 0.000380 
3643.000000 0.000378 
3644.000000 0.000375 
3645.000000 0.000372 
3646.000000 0.000370 
3647.000000 0.000367 
3648.000000 0.000365 
3649.000000 0.000362 
3650.000000 0.000360 
3651.000000 0.000357 
3652.000000 0.000355 
3653.000000 0.000352 
3654.000000 0.000349 
3655.000000 0.000347 
3656.000000 0.000344 
3657.000000 0.000342 
3658.000000 0.000339 
3659.000000 0.000337 
3660.000000 0.000334 
3661.000000 0.000331 
3662.000000 0.000329 
3663.000000 0.000326 
3664.000000 0.000324 
3665.000000 0.000321 
3666.000000 0.000318 
3667.000000 0.000316 
3668.000000 0.000313 
3669.000000 0.000311 
3670.000000 0.000308 
3671.000000 0.000305 
3672.000000 0.000303 
3673.000000 0.000300 
3674.000000 0.000297 
3675.000000 0.000295 
3676.000000 0.000292 
3677.000000 0.000289 
3678.000000 0.000287 
3679.000000 0.000284 
3680.000000 0.000281 
3681.000000 0.000279 
3682.000000 0.000276 
3683.000000 0.000273 
3684.000000 0.000271 
3685.000000 0.000268 
3686.000000 0.000265 
3687.000000 0.000263 
3688.000000 0.000260 
3689.000000 0.000257 
3690.000000 0.000254 
3691.000000 0.000252 
3692.000000 0.000249 
3693.000000 0.000246 
3694.000000 0.000243 
3695.000000 0.000241 
3696.000000 0.000238 
3697.000000 0.000235 
3698.000000 0.000232 
3699.000000 0.000229 
3700.000000 0.000227 
3701.000000 0.000224 
3702.000000 0.000221 
3703.000000 0.000218 
3704.000000 0.000215 
3705.000000 0.000212 
3706.000000 0.000209 
3707.000000 0.000207 
3708.000000 0.000204 
3709.000000 0.000201 
3710.000000 0.000198 
3711.000000 0.000195 
3712.000000 0.000192 
3713.000000 0.000189 
3714.000000 0.000186 
3715.000000 0.000183 
3716.000000 0.000179 
3717.000000 0.000176 
3718.000000 0.000173 
3719.000000 0.000170 
3720.000000 0.000167 
3721.000000 0.000164 
3722.000000 0.000160 
3723.000000 0.000157 
3724.000000 0.000154 
3725.000000 0.000150 
3726.000000 0.000147 
3727.000000 0.000143 
3728.000000 0.000140 
3729.000000 0.000136 
3730.000000 0.000133 
3731.000000 0.000129 
3732.000000 0.000125 
3733.000000 0.000121 
3734.000000 0.000118 
3735.000000 0.000113 
3736.000000 0.000109 
3737.000000 0.000105 
3738.000000 0.000101 
3739.000000 0.000096 
3740.000000 0.000092 
3741.000000 0.000087 
3742.000000 0.000082 
3743.000000 0.000076 
3744.000000 0.000070 
3745.000000 0.000064 
3746.000000 0.000057 
3747.000000 0.000050 
3748.000000 0.000041 
3749.000000 0.000030 
3750.000000 0.000009 
3751.000000 0.000026 
3752.000000 0.000038 
3753.000000 0.000047 
3754.000000 0.000055 
3755.000000 0.000061 
3756.000000 0.000067 
3757.000000 0.000072 
3758.000000 0.000077 
3759.000000 0.000081 
3760.000000 0.000086 
3761.000000 0.000090 
3762.000000 0.000093 
3763.000000 0.000097 
3764.000000 0.000100 
3765.000000 0.000103 
3766.000000 0.000107 
3767.000000 0.000110 
3768.000000 0.000112 
3769.000000 0.000115 
3770.000000 0.000118 
3771.000000 0.000120 
3772.000000 0.000123 
3773.000000 0.000125 
3774.000000 0.000128 
3775.000000 0.000130 
3776.000000 0.000132 
3777.000000 0.000134 
3778.000000 0.000136 
3779.000000 0.000138 
3780.000000 0.000140 
3781.000000 0.000142 
3782.000000 0.000144 
3783.000000 0.000146 
3784.000000 0.000148 
3785.000000 0.000149 
3786.000000 0.000151 
3787.000000 0.000153 
3788.000000 0.000154 
3789.000000 0.000156 
3790.000000 0.000157 
3791.000000 0.000159 
3792.000000 0.000160 
3793.000000 0.000161 
3794.000000 0.000163 
3795.000000 0.000164 
3796.000000 0.000165 
3797.000000 0.000167 
3798.000000 0.000168 
3799.000000 0.000169 
3800.000000 0.000170 
3801.000000 0.000172 
3802.000000 0.000173 
3803.000000 0.000174 
3804.000000 0.000175 
3805.000000 0.000176 
3806.000000 0.000177 
3807.000000 0.000178 
3808.000000 0.000179 
3809.000000 0.000180 
3810.000000 0.000181 
3811.000000 0.000182 
3812.000000 0.000183 
3813.000000 0.000184 
3814.000000 0.000184 
3815.000000 0.000185 
3816.000000 0.000186 
3817.000000 0.000187 
3818.000000 0.000188 
3819.000000 0.000188 
3820.000000 0.000189 
3821.000000 0.000190 
3822.000000 0.000191 
3823.000000 0.000191 
3824.000000 0.000192 
3825.000000 0.000193 
3826.000000 0.000193 
3827.000000 0.000194 
3828.000000 0.000195 
3829.000000 0.000195 
3830.000000 0.000196 
3831.000000 0.000196 
3832.000000 0.000197 
3833.000000 0.000197 
3834.000000 0.000198 
3835.000000 0.000199 
3836.000000 0.000199 
3837.000000 0.000199 
3838.000000 0.000200 
3839.000000 0.000200 
3840.000000 0.000201 
3841.000000 0.000201 
3842.000000 0.000202 
3843.000000 0.000202 
3844.000000 0.000203 
3845.000000 0.000203 
3846.000000 0.000203 
3847.000000 0.000204 
3848.000000 0.000204 
3849.000000 0.000204 
3850.000000 0.000205 
3851.000000 0.000205 
3852.000000 0.000205 
3853.000000 0.000206 
3854.000000 0.000206 
3855.000000 0.000206 
3856.000000 0.000206 
3857.000000 0.000207 
3858.000000 0.000207 
3859.000000 0.000207 
3860.000000 0.000207 
3861.000000 0.000207 
3862.000000 0.000208 
3863.000000 0.000208 
3864.000000 0.000208 
3865.000000 0.000208 
3866.000000 0.000208 
3867.000000 0.000208 
3868.000000 0.000209 
3869.000000 0.000209 
3870.000000 0.000209 
3871.000000 0.000209 
3872.000000 0.000209 
3873.000000 0.000209 
3874.000000 0.000209 
3875.000000 0.000209 
3876.000000 0.000209 
3877.000000 0.000209 
3878.000000 0.000209 
3879.000000 0.000209 
3880.000000 0.000209 
3881.000000 0.000209 
3882.000000 0.000209 
3883.000000 0.000209 
3884.000000 0.000209 
3885.000000 0.000209 
3886.000000 0.000209 
3887.000000 0.000209 
3888.000000 0.000209 
3889.000000 0.000209 
3890.000000 0.000209 
3891.000000 0.000209 
3892.000000 0.000209 
3893.000000 0.000209 
3894.000000 0.000209 
3895.000000 0.000209 
3896.000000 0.000209 
3897.000000 0.000209 
3898.000000 0.000208 
3899.000000 0.000208 
3900.000000 0.000208 
3901.000000 0.000208 
3902.000000 0.000208 
3903.000000 0.000208 
3904.000000 0.000207 
3905.000000 0.000207 
3906.000000 0.000207 
3907.000000 0.000207 
3908.000000 0.000207 
3909.000000 0.000207 
3910.000000 0.000206 
3911.000000 0.000206 
3912.000000 0.000206 
3913.000000 0.000206 
3914.000000 0.000205 
3915.000000 0.000205 
3916.000000 0.000205 
3917.000000 0.000205 
3918.000000 0.000204 
3919.000000 0.000204 
3920.000000 0.000204 
3921.000000 0.000204 
3922.000000 0.000203 
3923.000000 0.000203 
3924.000000 0.000203 
3925.000000 0.000202 
3926.000000 0.000202 
3927.000000 0.000202 
3928.000000 0.000201 
3929.000000 0.000201 
3930.000000 0.000201 
3931.000000 0.000200 
3932.000000 0.000200 
3933.000000 0.000200 
3934.000000 0.000199 
3935.000000 0.000199 
3936.000000 0.000198 
3937.000000 0.000198 
3938.000000 0.000198 
3939.000000 0.000197 
3940.000000 0.000197 
3941.000000 0.000197 
3942.000000 0.000196 
3943.000000 0.000196 
3944.000000 0.000195 
3945.000000 0.000195 
3946.000000 0.000194 
3947.000000 0.000194 
3948.000000 0.000193 
3949.000000 0.000193 
3950.000000 0.000193 
3951.000000 0.000192 
3952.000000 0.000192 
3953.000000 0.000191 
3954.000000 0.000191 
3955.000000 0.000190 
3956.000000 0.000190 
3957.000000 0.000189 
3958.000000 0.000189 
3959.000000 0.000188 
3960.000000 0.000188 
3961.000000 0.000187 
3962.000000 0.000187 
3963.000000 0.000186 
3964.000000 0.000186 
3965.000000 0.000185 
3966.000000 0.000184 
3967.000000 0.000184 
3968.000000 0.000183 
3969.000000 0.000183 
3970.000000 0.000182 
3971.000000 0.000182 
3972.000000 0.000181 
3973.000000 0.000180 
3974.000000 0.000180 
3975.000000 0.000179 
3976.000000 0.000179 
3977.000000 0.000178 
3978.000000 0.000177 
3979.000000 0.000177 
3980.000000 0.000176 
3981.000000 0.000176 
3982.000000 0.000175 
3983.000000 0.000174 
3984.000000 0.000174 
3985.000000 0.000173 
3986.000000 0.000172 
3987.000000 0.000172 
3988.000000 0.000171 
3989.000000 0.000170 
3990.000000 0.000170 
3991.000000 0.000169 
3992.000000 0.000168 
3993.000000 0.000168 
3994.000000 0.000167 
3995.000000 0.000166 
3996.000000 0.000166 
3997.000000 0.000165 
3998.000000 0.000164 
3999.000000 0.000164 
4000.000000 0.000163 
