0.000000 1.000000 
1.000000 0.999999 
2.000000 0.999996 
3.000000 0.999991 
4.000000 0.999985 
5.000000 0.999978 
6.000000 0.999969 
7.000000 0.999958 
8.000000 0.999946 
9.000000 0.999933 
10.000000 0.999918 
11.000000 0.999901 
12.000000 0.999883 
13.000000 0.999864 
14.000000 0.999843 
15.000000 0.999821 
16.000000 0.999797 
17.000000 0.999771 
18.000000 0.999745 
19.000000 0.999716 
20.000000 0.999686 
21.000000 0.999655 
22.000000 0.999622 
23.000000 0.999588 
24.000000 0.999552 
25.000000 0.999515 
26.000000 0.999476 
27.000000 0.999436 
28.000000 0.999394 
29.000000 0.999351 
30.000000 0.999307 
31.000000 0.999260 
32.000000 0.999213 
33.000000 0.999164 
34.000000 0.999113 
35.000000 0.999061 
36.000000 0.999008 
37.000000 0.998953 
38.000000 0.998897 
39.000000 0.998839 
40.000000 0.998780 
41.000000 0.998719 
42.000000 0.998657 
43.000000 0.998593 
44.000000 0.998528 
45.000000 0.998461 
46.000000 0.998393 
47.000000 0.998324 
48.000000 0.998253 
49.000000 0.998181 
50.000000 0.998107 
51.000000 0.998032 
52.000000 0.997955 
53.000000 0.997877 
54.000000 0.997798 
55.000000 0.997717 
56.000000 0.997634 
57.000000 0.997551 
58.000000 0.997465 
59.000000 0.997379 
60.000000 0.997291 
61.000000 0.997201 
62.000000 0.997110 
63.000000 0.997018 
64.000000 0.996924 
65.000000 0.996829 
66.000000 0.996733 
67.000000 0.996635 
68.000000 0.996536 
69.000000 0.996435 
70.000000 0.996333 
71.000000 0.996230 
72.000000 0.996125 
73.000000 0.996018 
74.000000 0.995911 
75.000000 0.995802 
76.000000 0.995691 
77.000000 0.995580 
78.000000 0.995467 
79.000000 0.995352 
80.000000 0.995236 
81.000000 0.995119 
82.000000 0.995000 
83.000000 0.994881 
84.000000 0.994759 
85.000000 0.994637 
86.000000 0.994513 
87.000000 0.994387 
88.000000 0.994261 
89.000000 0.994133 
90.000000 0.994003 
91.000000 0.993872 
92.000000 0.993740 
93.000000 0.993607 
94.000000 0.993472 
95.000000 0.993336 
96.000000 0.993199 
97.000000 0.993060 
98.000000 0.992920 
99.000000 0.992779 
100.000000 0.992636 
101.000000 0.992492 
102.000000 0.992347 
103.000000 0.992200 
104.000000 0.992052 
105.000000 0.991903 
106.000000 0.991753 
107.000000 0.991601 
108.000000 0.991448 
109.000000 0.991293 
110.000000 0.991138 
111.000000 0.990981 
112.000000 0.990822 
113.000000 0.990663 
114.000000 0.990502 
115.000000 0.990340 
116.000000 0.990177 
117.000000 0.990012 
118.000000 0.989846 
119.000000 0.989679 
120.000000 0.989510 
121.000000 0.989341 
122.000000 0.989170 
123.000000 0.988997 
124.000000 0.988824 
125.000000 0.988649 
126.000000 0.988473 
127.000000 0.988296 
128.000000 0.988117 
129.000000 0.987937 
130.000000 0.987756 
131.000000 0.987574 
132.000000 0.987390 
133.000000 0.987205 
134.000000 0.987019 
135.000000 0.986832 
136.000000 0.986644 
137.000000 0.986454 
138.000000 0.986263 
139.000000 0.986071 
140.000000 0.985877 
141.000000 0.985682 
142.000000 0.985486 
143.000000 0.985289 
144.000000 0.985091 
145.000000 0.984891 
146.000000 0.984690 
147.000000 0.984488 
148.000000 0.984285 
149.000000 0.984081 
150.000000 0.983875 
151.000000 0.983668 
152.000000 0.983460 
153.000000 0.983251 
154.000000 0.983040 
155.000000 0.982828 
156.000000 0.982615 
157.000000 0.982401 
158.000000 0.982186 
159.000000 0.981969 
160.000000 0.981751 
161.000000 0.981532 
162.000000 0.981312 
163.000000 0.981090 
164.000000 0.980868 
165.000000 0.980644 
166.000000 0.980419 
167.000000 0.980193 
168.000000 0.979965 
169.000000 0.979737 
170.000000 0.979507 
171.000000 0.979276 
172.000000 0.979043 
173.000000 0.978810 
174.000000 0.978575 
175.000000 0.978340 
176.000000 0.978103 
177.000000 0.977864 
178.000000 0.977625 
179.000000 0.977385 
180.000000 0.977143 
181.000000 0.976900 
182.000000 0.976656 
183.000000 0.976410 
184.000000 0.976164 
185.000000 0.975916 
186.000000 0.975667 
187.000000 0.975417 
188.000000 0.975166 
189.000000 0.974913 
190.000000 0.974660 
191.000000 0.974405 
192.000000 0.974149 
193.000000 0.973892 
194.000000 0.973634 
195.000000 0.973374 
196.000000 0.973113 
197.000000 0.972851 
198.000000 0.972588 
199.000000 0.972324 
200.000000 0.972059 
201.000000 0.971792 
202.000000 0.971524 
203.000000 0.971255 
204.000000 0.970985 
205.000000 0.970714 
206.000000 0.970441 
207.000000 0.970167 
208.000000 0.969893 
209.000000 0.969616 
210.000000 0.969339 
211.000000 0.969061 
212.000000 0.968781 
213.000000 0.968500 
214.000000 0.968218 
215.000000 0.967935 
216.000000 0.967651 
217.000000 0.967366 
218.000000 0.967079 
219.000000 0.966791 
220.000000 0.966502 
221.000000 0.966212 
222.000000 0.965921 
223.000000 0.965628 
224.000000 0.965334 
225.000000 0.965040 
226.000000 0.964743 
227.000000 0.964446 
228.000000 0.964148 
229.000000 0.963848 
230.000000 0.963548 
231.000000 0.963246 
232.000000 0.962943 
233.000000 0.962638 
234.000000 0.962333 
235.000000 0.962026 
236.000000 0.961719 
237.000000 0.961410 
238.000000 0.961100 
239.000000 0.960788 
240.000000 0.960476 
241.000000 0.960162 
242.000000 0.959848 
243.000000 0.959532 
244.000000 0.959215 
245.000000 0.958896 
246.000000 0.958577 
247.000000 0.958256 
248.000000 0.957935 
249.000000 0.957612 
250.000000 0.957288 
251.000000 0.956962 
252.000000 0.956636 
253.000000 0.956308 
254.000000 0.955980 
255.000000 0.955650 
256.000000 0.955319 
257.000000 0.954987 
258.000000 0.954653 
259.000000 0.954319 
260.000000 0.953983 
261.000000 0.953646 
262.000000 0.953308 
263.000000 0.952969 
264.000000 0.952629 
265.000000 0.952288 
266.000000 0.951945 
267.000000 0.951601 
268.000000 0.951256 
269.000000 0.950910 
270.000000 0.950563 
271.000000 0.950215 
272.000000 0.949865 
273.000000 0.949515 
274.000000 0.949163 
275.000000 0.948810 
276.000000 0.948456 
277.000000 0.948101 
278.000000 0.947745 
279.000000 0.947387 
280.000000 0.947029 
281.000000 0.946669 
282.000000 0.946308 
283.000000 0.945946 
284.000000 0.945583 
285.000000 0.945219 
286.000000 0.944853 
287.000000 0.944487 
288.000000 0.944119 
289.000000 0.943750 
290.000000 0.943380 
291.000000 0.943009 
292.000000 0.942637 
293.000000 0.942264 
294.000000 0.941890 
295.000000 0.941514 
296.000000 0.941138 
297.000000 0.940760 
298.000000 0.940381 
299.000000 0.940001 
300.000000 0.939620 
301.000000 0.939238 
302.000000 0.938855 
303.000000 0.938470 
304.000000 0.938085 
305.000000 0.937698 
306.000000 0.937311 
307.000000 0.936922 
308.000000 0.936532 
309.000000 0.936141 
310.000000 0.935749 
311.000000 0.935356 
312.000000 0.934962 
313.000000 0.934566 
314.000000 0.934170 
315.000000 0.933772 
316.000000 0.933374 
317.000000 0.932974 
318.000000 0.932573 
319.000000 0.932171 
320.000000 0.931769 
321.000000 0.931365 
322.000000 0.930960 
323.000000 0.930553 
324.000000 0.930146 
325.000000 0.929738 
326.000000 0.929329 
327.000000 0.928918 
328.000000 0.928507 
329.000000 0.928094 
330.000000 0.927681 
331.000000 0.927266 
332.000000 0.926851 
333.000000 0.926434 
334.000000 0.926016 
335.000000 0.925597 
336.000000 0.925177 
337.000000 0.924757 
338.000000 0.924335 
339.000000 0.923912 
340.000000 0.923488 
341.000000 0.923063 
342.000000 0.922637 
343.000000 0.922209 
344.000000 0.921781 
345.000000 0.921352 
346.000000 0.920922 
347.000000 0.920491 
348.000000 0.920058 
349.000000 0.919625 
350.000000 0.919191 
351.000000 0.918756 
352.000000 0.918319 
353.000000 0.917882 
354.000000 0.917444 
355.000000 0.917004 
356.000000 0.916564 
357.000000 0.916123 
358.000000 0.915680 
359.000000 0.915237 
360.000000 0.914793 
361.000000 0.914347 
362.000000 0.913901 
363.000000 0.913454 
364.000000 0.913006 
365.000000 0.912556 
366.000000 0.912106 
367.000000 0.911655 
368.000000 0.911203 
369.000000 0.910749 
370.000000 0.910295 
371.000000 0.909840 
372.000000 0.909384 
373.000000 0.908927 
374.000000 0.908469 
375.000000 0.908010 
376.000000 0.907550 
377.000000 0.907089 
378.000000 0.906627 
379.000000 0.906164 
380.000000 0.905700 
381.000000 0.905236 
382.000000 0.904770 
383.000000 0.904303 
384.000000 0.903835 
385.000000 0.903367 
386.000000 0.902897 
387.000000 0.902427 
388.000000 0.901956 
389.000000 0.901483 
390.000000 0.901010 
391.000000 0.900536 
392.000000 0.900061 
393.000000 0.899585 
394.000000 0.899108 
395.000000 0.898630 
396.000000 0.898151 
397.000000 0.897671 
398.000000 0.897190 
399.000000 0.896709 
400.000000 0.896226 
401.000000 0.895743 
402.000000 0.895258 
403.000000 0.894773 
404.000000 0.894287 
405.000000 0.893800 
406.000000 0.893312 
407.000000 0.892823 
408.000000 0.892333 
409.000000 0.891843 
410.000000 0.891351 
411.000000 0.890859 
412.000000 0.890365 
413.000000 0.889871 
414.000000 0.889376 
415.000000 0.888880 
416.000000 0.888383 
417.000000 0.887885 
418.000000 0.887386 
419.000000 0.886887 
420.000000 0.886386 
421.000000 0.885885 
422.000000 0.885383 
423.000000 0.884880 
424.000000 0.884376 
425.000000 0.883871 
426.000000 0.883365 
427.000000 0.882859 
428.000000 0.882351 
429.000000 0.881843 
430.000000 0.881334 
431.000000 0.880824 
432.000000 0.880313 
433.000000 0.879801 
434.000000 0.879288 
435.000000 0.878775 
436.000000 0.878261 
437.000000 0.877745 
438.000000 0.877229 
439.000000 0.876713 
440.000000 0.876195 
441.000000 0.875676 
442.000000 0.875157 
443.000000 0.874637 
444.000000 0.874116 
445.000000 0.873594 
446.000000 0.873071 
447.000000 0.872547 
448.000000 0.872023 
449.000000 0.871498 
450.000000 0.870972 
451.000000 0.870445 
452.000000 0.869917 
453.000000 0.869388 
454.000000 0.868859 
455.000000 0.868329 
456.000000 0.867798 
457.000000 0.867266 
458.000000 0.866733 
459.000000 0.866200 
460.000000 0.865666 
461.000000 0.865130 
462.000000 0.864595 
463.000000 0.864058 
464.000000 0.863520 
465.000000 0.862982 
466.000000 0.862443 
467.000000 0.861903 
468.000000 0.861362 
469.000000 0.860821 
470.000000 0.860278 
471.000000 0.859735 
472.000000 0.859191 
473.000000 0.858647 
474.000000 0.858101 
475.000000 0.857555 
476.000000 0.857008 
477.000000 0.856460 
478.000000 0.855911 
479.000000 0.855362 
480.000000 0.854812 
481.000000 0.854261 
482.000000 0.853709 
483.000000 0.853157 
484.000000 0.852603 
485.000000 0.852049 
486.000000 0.851494 
487.000000 0.850939 
488.000000 0.850383 
489.000000 0.849825 
490.000000 0.849268 
491.000000 0.848709 
492.000000 0.848150 
493.000000 0.847589 
494.000000 0.847028 
495.000000 0.846467 
496.000000 0.845904 
497.000000 0.845341 
498.000000 0.844777 
499.000000 0.844213 
500.000000 0.843647 
501.000000 0.843081 
502.000000 0.842514 
503.000000 0.841947 
504.000000 0.841378 
505.000000 0.840809 
506.000000 0.840239 
507.000000 0.839669 
508.000000 0.839098 
509.000000 0.838525 
510.000000 0.837953 
511.000000 0.837379 
512.000000 0.836805 
513.000000 0.836230 
514.000000 0.835655 
515.000000 0.835078 
516.000000 0.834501 
517.000000 0.833923 
518.000000 0.833345 
519.000000 0.832766 
520.000000 0.832186 
521.000000 0.831605 
522.000000 0.831024 
523.000000 0.830442 
524.000000 0.829859 
525.000000 0.829276 
526.000000 0.828692 
527.000000 0.828107 
528.000000 0.827521 
529.000000 0.826935 
530.000000 0.826348 
531.000000 0.825761 
532.000000 0.825173 
533.000000 0.824584 
534.000000 0.823994 
535.000000 0.823404 
536.000000 0.822813 
537.000000 0.822221 
538.000000 0.821629 
539.000000 0.821036 
540.000000 0.820442 
541.000000 0.819848 
542.000000 0.819253 
543.000000 0.818658 
544.000000 0.818061 
545.000000 0.817464 
546.000000 0.816867 
547.000000 0.816269 
548.000000 0.815670 
549.000000 0.815070 
550.000000 0.814470 
551.000000 0.813869 
552.000000 0.813268 
553.000000 0.812666 
554.000000 0.812063 
555.000000 0.811460 
556.000000 0.810856 
557.000000 0.810251 
558.000000 0.809646 
559.000000 0.809040 
560.000000 0.808433 
561.000000 0.807826 
562.000000 0.807218 
563.000000 0.806610 
564.000000 0.806001 
565.000000 0.805391 
566.000000 0.804781 
567.000000 0.804170 
568.000000 0.803559 
569.000000 0.802947 
570.000000 0.802334 
571.000000 0.801721 
572.000000 0.801107 
573.000000 0.800492 
574.000000 0.799877 
575.000000 0.799262 
576.000000 0.798646 
577.000000 0.798029 
578.000000 0.797411 
579.000000 0.796793 
580.000000 0.796175 
581.000000 0.795555 
582.000000 0.794936 
583.000000 0.794315 
584.000000 0.793694 
585.000000 0.793073 
586.000000 0.792451 
587.000000 0.791828 
588.000000 0.791205 
589.000000 0.790581 
590.000000 0.789957 
591.000000 0.789332 
592.000000 0.788707 
593.000000 0.788081 
594.000000 0.787454 
595.000000 0.786827 
596.000000 0.786200 
597.000000 0.785572 
598.000000 0.784943 
599.000000 0.784314 
600.000000 0.783684 
601.000000 0.783053 
602.000000 0.782423 
603.000000 0.781791 
604.000000 0.781159 
605.000000 0.780527 
606.000000 0.779894 
607.000000 0.779260 
608.000000 0.778626 
609.000000 0.777992 
610.000000 0.777357 
611.000000 0.776721 
612.000000 0.776085 
613.000000 0.775448 
614.000000 0.774811 
615.000000 0.774173 
616.000000 0.773535 
617.000000 0.772897 
618.000000 0.772257 
619.000000 0.771618 
620.000000 0.770978 
621.000000 0.770337 
622.000000 0.769696 
623.000000 0.769054 
624.000000 0.768412 
625.000000 0.767769 
626.000000 0.767126 
627.000000 0.766483 
628.000000 0.765839 
629.000000 0.765194 
630.000000 0.764549 
631.000000 0.763904 
632.000000 0.763258 
633.000000 0.762611 
634.000000 0.761964 
635.000000 0.761317 
636.000000 0.760669 
637.000000 0.760021 
638.000000 0.759372 
639.000000 0.758723 
640.000000 0.758073 
641.000000 0.757423 
642.000000 0.756772 
643.000000 0.756121 
644.000000 0.755470 
645.000000 0.754818 
646.000000 0.754166 
647.000000 0.753513 
648.000000 0.752860 
649.000000 0.752206 
650.000000 0.751552 
651.000000 0.750897 
652.000000 0.750242 
653.000000 0.749587 
654.000000 0.748931 
655.000000 0.748275 
656.000000 0.747618 
657.000000 0.746961 
658.000000 0.746303 
659.000000 0.745645 
660.000000 0.744987 
661.000000 0.744328 
662.000000 0.743669 
663.000000 0.743009 
664.000000 0.742349 
665.000000 0.741689 
666.000000 0.741028 
667.000000 0.740367 
668.000000 0.739705 
669.000000 0.739043 
670.000000 0.738380 
671.000000 0.737718 
672.000000 0.737054 
673.000000 0.736391 
674.000000 0.735727 
675.000000 0.735062 
676.000000 0.734398 
677.000000 0.733732 
678.000000 0.733067 
679.000000 0.732401 
680.000000 0.731735 
681.000000 0.731068 
682.000000 0.730401 
683.000000 0.729734 
684.000000 0.729066 
685.000000 0.728398 
686.000000 0.727729 
687.000000 0.727060 
688.000000 0.726391 
689.000000 0.725721 
690.000000 0.725051 
691.000000 0.724381 
692.000000 0.723710 
693.000000 0.723039 
694.000000 0.722368 
695.000000 0.721696 
696.000000 0.721024 
697.000000 0.720352 
698.000000 0.719679 
699.000000 0.719006 
700.000000 0.718332 
701.000000 0.717659 
702.000000 0.716985 
703.000000 0.716310 
704.000000 0.715635 
705.000000 0.714960 
706.000000 0.714285 
707.000000 0.713609 
708.000000 0.712933 
709.000000 0.712257 
710.000000 0.711580 
711.000000 0.710903 
712.000000 0.710226 
713.000000 0.709548 
714.000000 0.708870 
715.000000 0.708192 
716.000000 0.707513 
717.000000 0.706834 
718.000000 0.706155 
719.000000 0.705476 
720.000000 0.704796 
721.000000 0.704116 
722.000000 0.703435 
723.000000 0.702755 
724.000000 0.702074 
725.000000 0.701393 
726.000000 0.700711 
727.000000 0.700029 
728.000000 0.699347 
729.000000 0.698665 
730.000000 0.697982 
731.000000 0.697299 
732.000000 0.696616 
733.000000 0.695932 
734.000000 0.695249 
735.000000 0.694565 
736.000000 0.693880 
737.000000 0.693196 
738.000000 0.692511 
739.000000 0.691826 
740.000000 0.691141 
741.000000 0.690455 
742.000000 0.689769 
743.000000 0.689083 
744.000000 0.688397 
745.000000 0.687710 
746.000000 0.687023 
747.000000 0.686336 
748.000000 0.685649 
749.000000 0.684961 
750.000000 0.684273 
751.000000 0.683585 
752.000000 0.682897 
753.000000 0.682208 
754.000000 0.681520 
755.000000 0.680831 
756.000000 0.680141 
757.000000 0.679452 
758.000000 0.678762 
759.000000 0.678072 
760.000000 0.677382 
761.000000 0.676692 
762.000000 0.676001 
763.000000 0.675311 
764.000000 0.674620 
765.000000 0.673929 
766.000000 0.673237 
767.000000 0.672546 
768.000000 0.671854 
769.000000 0.671162 
770.000000 0.670470 
771.000000 0.669777 
772.000000 0.669085 
773.000000 0.668392 
774.000000 0.667699 
775.000000 0.667006 
776.000000 0.666312 
777.000000 0.665619 
778.000000 0.664925 
779.000000 0.664231 
780.000000 0.663537 
781.000000 0.662843 
782.000000 0.662149 
783.000000 0.661454 
784.000000 0.660759 
785.000000 0.660064 
786.000000 0.659369 
787.000000 0.658674 
788.000000 0.657978 
789.000000 0.657283 
790.000000 0.656587 
791.000000 0.655891 
792.000000 0.655195 
793.000000 0.654499 
794.000000 0.653802 
795.000000 0.653106 
796.000000 0.652409 
797.000000 0.651712 
798.000000 0.651015 
799.000000 0.650318 
800.000000 0.649621 
801.000000 0.648924 
802.000000 0.648226 
803.000000 0.647528 
804.000000 0.646831 
805.000000 0.646133 
806.000000 0.645435 
807.000000 0.644737 
808.000000 0.644038 
809.000000 0.643340 
810.000000 0.642641 
811.000000 0.641943 
812.000000 0.641244 
813.000000 0.640545 
814.000000 0.639846 
815.000000 0.639147 
816.000000 0.638448 
817.000000 0.637748 
818.000000 0.637049 
819.000000 0.636349 
820.000000 0.635650 
821.000000 0.634950 
822.000000 0.634250 
823.000000 0.633550 
824.000000 0.632850 
825.000000 0.632150 
826.000000 0.631450 
827.000000 0.630749 
828.000000 0.630049 
829.000000 0.629349 
830.000000 0.628648 
831.000000 0.627947 
832.000000 0.627247 
833.000000 0.626546 
834.000000 0.625845 
835.000000 0.625144 
836.000000 0.624443 
837.000000 0.623742 
838.000000 0.623041 
839.000000 0.622340 
840.000000 0.621638 
841.000000 0.620937 
842.000000 0.620236 
843.000000 0.619534 
844.000000 0.618833 
845.000000 0.618131 
846.000000 0.617429 
847.000000 0.616728 
848.000000 0.616026 
849.000000 0.615324 
850.000000 0.614623 
851.000000 0.613921 
852.000000 0.613219 
853.000000 0.612517 
854.000000 0.611815 
855.000000 0.611113 
856.000000 0.610411 
857.000000 0.609709 
858.000000 0.609007 
859.000000 0.608305 
860.000000 0.607602 
861.000000 0.606900 
862.000000 0.606198 
863.000000 0.605496 
864.000000 0.604793 
865.000000 0.604091 
866.000000 0.603389 
867.000000 0.602687 
868.000000 0.601984 
869.000000 0.601282 
870.000000 0.600580 
871.000000 0.599877 
872.000000 0.599175 
873.000000 0.598473 
874.000000 0.597770 
875.000000 0.597068 
876.000000 0.596366 
877.000000 0.595663 
878.000000 0.594961 
879.000000 0.594259 
880.000000 0.593556 
881.000000 0.592854 
882.000000 0.592152 
883.000000 0.591449 
884.000000 0.590747 
885.000000 0.590045 
886.000000 0.589342 
887.000000 0.588640 
888.000000 0.587938 
889.000000 0.587236 
890.000000 0.586534 
891.000000 0.585832 
892.000000 0.585129 
893.000000 0.584427 
894.000000 0.583725 
895.000000 0.583023 
896.000000 0.582321 
897.000000 0.581619 
898.000000 0.580918 
899.000000 0.580216 
900.000000 0.579514 
901.000000 0.578812 
902.000000 0.578110 
903.000000 0.577409 
904.000000 0.576707 
905.000000 0.576006 
906.000000 0.575304 
907.000000 0.574603 
908.000000 0.573901 
909.000000 0.573200 
910.000000 0.572499 
911.000000 0.571797 
912.000000 0.571096 
913.000000 0.570395 
914.000000 0.569694 
915.000000 0.568993 
916.000000 0.568292 
917.000000 0.567591 
918.000000 0.566891 
919.000000 0.566190 
920.000000 0.565489 
921.000000 0.564789 
922.000000 0.564088 
923.000000 0.563388 
924.000000 0.562688 
925.000000 0.561988 
926.000000 0.561288 
927.000000 0.560588 
928.000000 0.559888 
929.000000 0.559188 
930.000000 0.558488 
931.000000 0.557788 
932.000000 0.557089 
933.000000 0.556389 
934.000000 0.555690 
935.000000 0.554991 
936.000000 0.554292 
937.000000 0.553593 
938.000000 0.552894 
939.000000 0.552195 
940.000000 0.551496 
941.000000 0.550798 
942.000000 0.550099 
943.000000 0.549401 
944.000000 0.548703 
945.000000 0.548004 
946.000000 0.547306 
947.000000 0.546609 
948.000000 0.545911 
949.000000 0.545213 
950.000000 0.544516 
951.000000 0.543818 
952.000000 0.543121 
953.000000 0.542424 
954.000000 0.541727 
955.000000 0.541030 
956.000000 0.540333 
957.000000 0.539637 
958.000000 0.538940 
959.000000 0.538244 
960.000000 0.537548 
961.000000 0.536852 
962.000000 0.536156 
963.000000 0.535460 
964.000000 0.534765 
965.000000 0.534069 
966.000000 0.533374 
967.000000 0.532679 
968.000000 0.531984 
969.000000 0.531289 
970.000000 0.530595 
971.000000 0.529900 
972.000000 0.529206 
973.000000 0.528512 
974.000000 0.527818 
975.000000 0.527124 
976.000000 0.526430 
977.000000 0.525737 
978.000000 0.525043 
979.000000 0.524350 
980.000000 0.523657 
981.000000 0.522965 
982.000000 0.522272 
983.000000 0.521580 
984.000000 0.520887 
985.000000 0.520195 
986.000000 0.519504 
987.000000 0.518812 
988.000000 0.518120 
989.000000 0.517429 
990.000000 0.516738 
991.000000 0.516047 
992.000000 0.515356 
993.000000 0.514666 
994.000000 0.513976 
995.000000 0.513285 
996.000000 0.512596 
997.000000 0.511906 
998.000000 0.511216 
999.000000 0.510527 
1000.000000 0.509838 
1001.000000 0.509149 
1002.000000 0.508460 
1003.000000 0.507772 
1004.000000 0.507084 
1005.000000 0.506396 
1006.000000 0.505708 
1007.000000 0.505020 
1008.000000 0.504333 
1009.000000 0.503646 
1010.000000 0.502959 
1011.000000 0.502272 
1012.000000 0.501586 
1013.000000 0.500899 
1014.000000 0.500213 
1015.000000 0.499528 
1016.000000 0.498842 
1017.000000 0.498157 
1018.000000 0.497472 
1019.000000 0.496787 
1020.000000 0.496102 
1021.000000 0.495418 
1022.000000 0.494734 
1023.000000 0.494050 
1024.000000 0.493366 
1025.000000 0.492683 
1026.000000 0.492000 
1027.000000 0.491317 
1028.000000 0.490634 
1029.000000 0.489952 
1030.000000 0.489269 
1031.000000 0.488588 
1032.000000 0.487906 
1033.000000 0.487225 
1034.000000 0.486543 
1035.000000 0.485863 
1036.000000 0.485182 
1037.000000 0.484502 
1038.000000 0.483822 
1039.000000 0.483142 
1040.000000 0.482462 
1041.000000 0.481783 
1042.000000 0.481104 
1043.000000 0.480425 
1044.000000 0.479747 
1045.000000 0.479069 
1046.000000 0.478391 
1047.000000 0.477713 
1048.000000 0.477036 
1049.000000 0.476359 
1050.000000 0.475682 
1051.000000 0.475006 
1052.000000 0.474329 
1053.000000 0.473653 
1054.000000 0.472978 
1055.000000 0.472302 
1056.000000 0.471627 
1057.000000 0.470953 
1058.000000 0.470278 
1059.000000 0.469604 
1060.000000 0.468930 
1061.000000 0.468257 
1062.000000 0.467583 
1063.000000 0.466910 
1064.000000 0.466238 
1065.000000 0.465565 
1066.000000 0.464893 
1067.000000 0.464221 
1068.000000 0.463550 
1069.000000 0.462879 
1070.000000 0.462208 
1071.000000 0.461537 
1072.000000 0.460867 
1073.000000 0.460197 
1074.000000 0.459528 
1075.000000 0.458858 
1076.000000 0.458189 
1077.000000 0.457521 
1078.000000 0.456852 
1079.000000 0.456184 
1080.000000 0.455517 
1081.000000 0.454849 
1082.000000 0.454182 
1083.000000 0.453516 
1084.000000 0.452849 
1085.000000 0.452183 
1086.000000 0.451517 
1087.000000 0.450852 
1088.000000 0.450187 
1089.000000 0.449522 
1090.000000 0.448858 
1091.000000 0.448194 
1092.000000 0.447530 
1093.000000 0.446867 
1094.000000 0.446203 
1095.000000 0.445541 
1096.000000 0.444878 
1097.000000 0.444216 
1098.000000 0.443555 
1099.000000 0.442893 
1100.000000 0.442232 
1101.000000 0.441572 
1102.000000 0.440911 
1103.000000 0.440252 
1104.000000 0.439592 
1105.000000 0.438933 
1106.000000 0.438274 
1107.000000 0.437615 
1108.000000 0.436957 
1109.000000 0.436299 
1110.000000 0.435642 
1111.000000 0.434985 
1112.000000 0.434328 
1113.000000 0.433672 
1114.000000 0.433016 
1115.000000 0.432360 
1116.000000 0.431705 
1117.000000 0.431050 
1118.000000 0.430395 
1119.000000 0.429741 
1120.000000 0.429087 
1121.000000 0.428434 
1122.000000 0.427781 
1123.000000 0.427128 
1124.000000 0.426476 
1125.000000 0.425824 
1126.000000 0.425172 
1127.000000 0.424521 
1128.000000 0.423870 
1129.000000 0.423220 
1130.000000 0.422570 
1131.000000 0.421920 
1132.000000 0.421271 
1133.000000 0.420622 
1134.000000 0.419974 
1135.000000 0.419326 
1136.000000 0.418678 
1137.000000 0.418031 
1138.000000 0.417384 
1139.000000 0.416737 
1140.000000 0.416091 
1141.000000 0.415445 
1142.000000 0.414800 
1143.000000 0.414155 
1144.000000 0.413510 
1145.000000 0.412866 
1146.000000 0.412222 
1147.000000 0.411579 
1148.000000 0.410936 
1149.000000 0.410293 
1150.000000 0.409651 
1151.000000 0.409010 
1152.000000 0.408368 
1153.000000 0.407727 
1154.000000 0.407087 
1155.000000 0.406447 
1156.000000 0.405807 
1157.000000 0.405168 
1158.000000 0.404529 
1159.000000 0.403890 
1160.000000 0.403252 
1161.000000 0.402615 
1162.000000 0.401977 
1163.000000 0.401340 
1164.000000 0.400704 
1165.000000 0.400068 
1166.000000 0.399433 
1167.000000 0.398797 
1168.000000 0.398163 
1169.000000 0.397529 
1170.000000 0.396895 
1171.000000 0.396261 
1172.000000 0.395628 
1173.000000 0.394996 
1174.000000 0.394363 
1175.000000 0.393732 
1176.000000 0.393101 
1177.000000 0.392470 
1178.000000 0.391839 
1179.000000 0.391209 
1180.000000 0.390580 
1181.000000 0.389951 
1182.000000 0.389322 
1183.000000 0.388694 
1184.000000 0.388066 
1185.000000 0.387439 
1186.000000 0.386812 
1187.000000 0.386185 
1188.000000 0.385559 
1189.000000 0.384934 
1190.000000 0.384308 
1191.000000 0.383684 
1192.000000 0.383060 
1193.000000 0.382436 
1194.000000 0.381812 
1195.000000 0.381190 
1196.000000 0.380567 
1197.000000 0.379945 
1198.000000 0.379324 
1199.000000 0.378702 
1200.000000 0.378082 
1201.000000 0.377462 
1202.000000 0.376842 
1203.000000 0.376223 
1204.000000 0.375604 
1205.000000 0.374986 
1206.000000 0.374368 
1207.000000 0.373750 
1208.000000 0.373133 
1209.000000 0.372517 
1210.000000 0.371901 
1211.000000 0.371285 
1212.000000 0.370670 
1213.000000 0.370056 
1214.000000 0.369441 
1215.000000 0.368828 
1216.000000 0.368215 
1217.000000 0.367602 
1218.000000 0.366990 
1219.000000 0.366378 
1220.000000 0.365766 
1221.000000 0.365155 
1222.000000 0.364545 
1223.000000 0.363935 
1224.000000 0.363326 
1225.000000 0.362717 
1226.000000 0.362108 
1227.000000 0.361500 
1228.000000 0.360893 
1229.000000 0.360286 
1230.000000 0.359679 
1231.000000 0.359073 
1232.000000 0.358468 
1233.000000 0.357863 
1234.000000 0.357258 
1235.000000 0.356654 
1236.000000 0.356050 
1237.000000 0.355447 
1238.000000 0.354844 
1239.000000 0.354242 
1240.000000 0.353641 
1241.000000 0.353039 
1242.000000 0.352439 
1243.000000 0.351838 
1244.000000 0.351239 
1245.000000 0.350639 
1246.000000 0.350041 
1247.000000 0.349442 
1248.000000 0.348845 
1249.000000 0.348248 
1250.000000 0.347651 
1251.000000 0.347055 
1252.000000 0.346459 
1253.000000 0.345864 
1254.000000 0.345269 
1255.000000 0.344675 
1256.000000 0.344081 
1257.000000 0.343488 
1258.000000 0.342895 
1259.000000 0.342303 
1260.000000 0.341711 
1261.000000 0.341120 
1262.000000 0.340529 
1263.000000 0.339939 
1264.000000 0.339349 
1265.000000 0.338760 
1266.000000 0.338171 
1267.000000 0.337583 
1268.000000 0.336995 
1269.000000 0.336408 
1270.000000 0.335822 
1271.000000 0.335236 
1272.000000 0.334650 
1273.000000 0.334065 
1274.000000 0.333480 
1275.000000 0.332896 
1276.000000 0.332313 
1277.000000 0.331730 
1278.000000 0.331147 
1279.000000 0.330565 
1280.000000 0.329984 
1281.000000 0.329403 
1282.000000 0.328822 
1283.000000 0.328242 
1284.000000 0.327663 
1285.000000 0.327084 
1286.000000 0.326506 
1287.000000 0.325928 
1288.000000 0.325351 
1289.000000 0.324774 
1290.000000 0.324198 
1291.000000 0.323622 
1292.000000 0.323047 
1293.000000 0.322472 
1294.000000 0.321898 
1295.000000 0.321324 
1296.000000 0.320751 
1297.000000 0.320179 
1298.000000 0.319607 
1299.000000 0.319035 
1300.000000 0.318464 
1301.000000 0.317894 
1302.000000 0.317324 
1303.000000 0.316754 
1304.000000 0.316186 
1305.000000 0.315617 
1306.000000 0.315050 
1307.000000 0.314482 
1308.000000 0.313916 
1309.000000 0.313350 
1310.000000 0.312784 
1311.000000 0.312219 
1312.000000 0.311654 
1313.000000 0.311090 
1314.000000 0.310527 
1315.000000 0.309964 
1316.000000 0.309402 
1317.000000 0.308840 
1318.000000 0.308278 
1319.000000 0.307718 
1320.000000 0.307157 
1321.000000 0.306598 
1322.000000 0.306039 
1323.000000 0.305480 
1324.000000 0.304922 
1325.000000 0.304364 
1326.000000 0.303808 
1327.000000 0.303251 
1328.000000 0.302695 
1329.000000 0.302140 
1330.000000 0.301585 
1331.000000 0.301031 
1332.000000 0.300477 
1333.000000 0.299924 
1334.000000 0.299372 
1335.000000 0.298820 
1336.000000 0.298268 
1337.000000 0.297717 
1338.000000 0.297167 
1339.000000 0.296617 
1340.000000 0.296068 
1341.000000 0.295519 
1342.000000 0.294971 
1343.000000 0.294423 
1344.000000 0.293876 
1345.000000 0.293330 
1346.000000 0.292784 
1347.000000 0.292238 
1348.000000 0.291694 
1349.000000 0.291149 
1350.000000 0.290606 
1351.000000 0.290063 
1352.000000 0.289520 
1353.000000 0.288978 
1354.000000 0.288436 
1355.000000 0.287896 
1356.000000 0.287355 
1357.000000 0.286815 
1358.000000 0.286276 
1359.000000 0.285737 
1360.000000 0.285199 
1361.000000 0.284662 
1362.000000 0.284125 
1363.000000 0.283588 
1364.000000 0.283053 
1365.000000 0.282517 
1366.000000 0.281983 
1367.000000 0.281448 
1368.000000 0.280915 
1369.000000 0.280382 
1370.000000 0.279849 
1371.000000 0.279318 
1372.000000 0.278786 
1373.000000 0.278255 
1374.000000 0.277725 
1375.000000 0.277196 
1376.000000 0.276667 
1377.000000 0.276138 
1378.000000 0.275610 
1379.000000 0.275083 
1380.000000 0.274556 
1381.000000 0.274030 
1382.000000 0.273504 
1383.000000 0.272979 
1384.000000 0.272455 
1385.000000 0.271931 
1386.000000 0.271408 
1387.000000 0.270885 
1388.000000 0.270363 
1389.000000 0.269841 
1390.000000 0.269320 
1391.000000 0.268800 
1392.000000 0.268280 
1393.000000 0.267761 
1394.000000 0.267242 
1395.000000 0.266724 
1396.000000 0.266206 
1397.000000 0.265689 
1398.000000 0.265173 
1399.000000 0.264657 
1400.000000 0.264142 
1401.000000 0.263627 
1402.000000 0.263113 
1403.000000 0.262599 
1404.000000 0.262087 
1405.000000 0.261574 
1406.000000 0.261062 
1407.000000 0.260551 
1408.000000 0.260041 
1409.000000 0.259531 
1410.000000 0.259021 
1411.000000 0.258512 
1412.000000 0.258004 
1413.000000 0.257496 
1414.000000 0.256989 
1415.000000 0.256483 
1416.000000 0.255977 
1417.000000 0.255472 
1418.000000 0.254967 
1419.000000 0.254463 
1420.000000 0.253959 
1421.000000 0.253456 
1422.000000 0.252954 
1423.000000 0.252452 
1424.000000 0.251951 
1425.000000 0.251450 
1426.000000 0.250950 
1427.000000 0.250451 
1428.000000 0.249952 
1429.000000 0.249454 
1430.000000 0.248956 
1431.000000 0.248459 
1432.000000 0.247962 
1433.000000 0.247466 
1434.000000 0.246971 
1435.000000 0.246476 
1436.000000 0.245982 
1437.000000 0.245489 
1438.000000 0.244996 
1439.000000 0.244503 
1440.000000 0.244012 
1441.000000 0.243520 
1442.000000 0.243030 
1443.000000 0.242540 
1444.000000 0.242050 
1445.000000 0.241562 
1446.000000 0.241073 
1447.000000 0.240586 
1448.000000 0.240099 
1449.000000 0.239612 
1450.000000 0.239127 
1451.000000 0.238641 
1452.000000 0.238157 
1453.000000 0.237673 
1454.000000 0.237189 
1455.000000 0.236706 
1456.000000 0.236224 
1457.000000 0.235743 
1458.000000 0.235262 
1459.000000 0.234781 
1460.000000 0.234301 
1461.000000 0.233822 
1462.000000 0.233343 
1463.000000 0.232865 
1464.000000 0.232388 
1465.000000 0.231911 
1466.000000 0.231435 
1467.000000 0.230959 
1468.000000 0.230484 
1469.000000 0.230009 
1470.000000 0.229536 
1471.000000 0.229062 
1472.000000 0.228590 
1473.000000 0.228118 
1474.000000 0.227646 
1475.000000 0.227175 
1476.000000 0.226705 
1477.000000 0.226235 
1478.000000 0.225766 
1479.000000 0.225298 
1480.000000 0.224830 
1481.000000 0.224363 
1482.000000 0.223896 
1483.000000 0.223430 
1484.000000 0.222964 
1485.000000 0.222500 
1486.000000 0.222035 
1487.000000 0.221572 
1488.000000 0.221109 
1489.000000 0.220646 
1490.000000 0.220184 
1491.000000 0.219723 
1492.000000 0.219262 
1493.000000 0.218802 
1494.000000 0.218343 
1495.000000 0.217884 
1496.000000 0.217426 
1497.000000 0.216968 
1498.000000 0.216511 
1499.000000 0.216054 
1500.000000 0.215599 
1501.000000 0.215143 
1502.000000 0.214689 
1503.000000 0.214235 
1504.000000 0.213781 
1505.000000 0.213328 
1506.000000 0.212876 
1507.000000 0.212424 
1508.000000 0.211973 
1509.000000 0.211523 
1510.000000 0.211073 
1511.000000 0.210624 
1512.000000 0.210175 
1513.000000 0.209727 
1514.000000 0.209280 
1515.000000 0.208833 
1516.000000 0.208387 
1517.000000 0.207941 
1518.000000 0.207496 
1519.000000 0.207052 
1520.000000 0.206608 
1521.000000 0.206165 
1522.000000 0.205722 
1523.000000 0.205280 
1524.000000 0.204839 
1525.000000 0.204398 
1526.000000 0.203958 
1527.000000 0.203518 
1528.000000 0.203079 
1529.000000 0.202640 
1530.000000 0.202203 
1531.000000 0.201765 
1532.000000 0.201329 
1533.000000 0.200893 
1534.000000 0.200457 
1535.000000 0.200023 
1536.000000 0.199588 
1537.000000 0.199155 
1538.000000 0.198722 
1539.000000 0.198289 
1540.000000 0.197858 
1541.000000 0.197426 
1542.000000 0.196996 
1543.000000 0.196566 
1544.000000 0.196136 
1545.000000 0.195707 
1546.000000 0.195279 
1547.000000 0.194852 
1548.000000 0.194425 
1549.000000 0.193998 
1550.000000 0.193572 
1551.000000 0.193147 
1552.000000 0.192723 
1553.000000 0.192299 
1554.000000 0.191875 
1555.000000 0.191452 
1556.000000 0.191030 
1557.000000 0.190608 
1558.000000 0.190187 
1559.000000 0.189767 
1560.000000 0.189347 
1561.000000 0.188928 
1562.000000 0.188509 
1563.000000 0.188091 
1564.000000 0.187674 
1565.000000 0.187257 
1566.000000 0.186841 
1567.000000 0.186425 
1568.000000 0.186010 
1569.000000 0.185596 
1570.000000 0.185182 
1571.000000 0.184769 
1572.000000 0.184356 
1573.000000 0.183944 
1574.000000 0.183532 
1575.000000 0.183122 
1576.000000 0.182711 
1577.000000 0.182302 
1578.000000 0.181893 
1579.000000 0.181484 
1580.000000 0.181076 
1581.000000 0.180669 
1582.000000 0.180262 
1583.000000 0.179856 
1584.000000 0.179451 
1585.000000 0.179046 
1586.000000 0.178641 
1587.000000 0.178238 
1588.000000 0.177835 
1589.000000 0.177432 
1590.000000 0.177030 
1591.000000 0.176629 
1592.000000 0.176228 
1593.000000 0.175828 
1594.000000 0.175428 
1595.000000 0.175030 
1596.000000 0.174631 
1597.000000 0.174233 
1598.000000 0.173836 
1599.000000 0.173440 
1600.000000 0.173044 
1601.000000 0.172648 
1602.000000 0.172254 
1603.000000 0.171859 
1604.000000 0.171466 
1605.000000 0.171073 
1606.000000 0.170680 
1607.000000 0.170288 
1608.000000 0.169897 
1609.000000 0.169507 
1610.000000 0.169117 
1611.000000 0.168727 
1612.000000 0.168338 
1613.000000 0.167950 
1614.000000 0.167562 
1615.000000 0.167175 
1616.000000 0.166789 
1617.000000 0.166403 
1618.000000 0.166018 
1619.000000 0.165633 
1620.000000 0.165249 
1621.000000 0.164865 
1622.000000 0.164482 
1623.000000 0.164100 
1624.000000 0.163718 
1625.000000 0.163337 
1626.000000 0.162956 
1627.000000 0.162576 
1628.000000 0.162197 
1629.000000 0.161818 
1630.000000 0.161440 
1631.000000 0.161062 
1632.000000 0.160685 
1633.000000 0.160309 
1634.000000 0.159933 
1635.000000 0.159558 
1636.000000 0.159183 
1637.000000 0.158809 
1638.000000 0.158436 
1639.000000 0.158063 
1640.000000 0.157690 
1641.000000 0.157319 
1642.000000 0.156947 
1643.000000 0.156577 
1644.000000 0.156207 
1645.000000 0.155838 
1646.000000 0.155469 
1647.000000 0.155101 
1648.000000 0.154733 
1649.000000 0.154366 
1650.000000 0.154000 
1651.000000 0.153634 
1652.000000 0.153268 
1653.000000 0.152904 
1654.000000 0.152540 
1655.000000 0.152176 
1656.000000 0.151813 
1657.000000 0.151451 
1658.000000 0.151089 
1659.000000 0.150728 
1660.000000 0.150367 
1661.000000 0.150007 
1662.000000 0.149648 
1663.000000 0.149289 
1664.000000 0.148931 
1665.000000 0.148573 
1666.000000 0.148216 
1667.000000 0.147860 
1668.000000 0.147504 
1669.000000 0.147149 
1670.000000 0.146794 
1671.000000 0.146440 
1672.000000 0.146086 
1673.000000 0.145733 
1674.000000 0.145381 
1675.000000 0.145029 
1676.000000 0.144678 
1677.000000 0.144327 
1678.000000 0.143977 
1679.000000 0.143628 
1680.000000 0.143279 
1681.000000 0.142930 
1682.000000 0.142583 
1683.000000 0.142235 
1684.000000 0.141889 
1685.000000 0.141543 
1686.000000 0.141197 
1687.000000 0.140853 
1688.000000 0.140508 
1689.000000 0.140165 
1690.000000 0.139821 
1691.000000 0.139479 
1692.000000 0.139137 
1693.000000 0.138796 
1694.000000 0.138455 
1695.000000 0.138115 
1696.000000 0.137775 
1697.000000 0.137436 
1698.000000 0.137097 
1699.000000 0.136760 
1700.000000 0.136422 
1701.000000 0.136085 
1702.000000 0.135749 
1703.000000 0.135414 
1704.000000 0.135079 
1705.000000 0.134744 
1706.000000 0.134410 
1707.000000 0.134077 
1708.000000 0.133744 
1709.000000 0.133412 
1710.000000 0.133080 
1711.000000 0.132749 
1712.000000 0.132419 
1713.000000 0.132089 
1714.000000 0.131760 
1715.000000 0.131431 
1716.000000 0.131103 
1717.000000 0.130775 
1718.000000 0.130448 
1719.000000 0.130122 
1720.000000 0.129796 
1721.000000 0.129471 
1722.000000 0.129146 
1723.000000 0.128822 
1724.000000 0.128498 
1725.000000 0.128175 
1726.000000 0.127853 
1727.000000 0.127531 
1728.000000 0.127209 
1729.000000 0.126889 
1730.000000 0.126568 
1731.000000 0.126249 
1732.000000 0.125930 
1733.000000 0.125611 
1734.000000 0.125293 
1735.000000 0.124976 
1736.000000 0.124659 
1737.000000 0.124343 
1738.000000 0.124027 
1739.000000 0.123712 
1740.000000 0.123397 
1741.000000 0.123083 
1742.000000 0.122770 
1743.000000 0.122457 
1744.000000 0.122145 
1745.000000 0.121833 
1746.000000 0.121522 
1747.000000 0.121211 
1748.000000 0.120901 
1749.000000 0.120591 
1750.000000 0.120282 
1751.000000 0.119974 
1752.000000 0.119666 
1753.000000 0.119359 
1754.000000 0.119052 
1755.000000 0.118746 
1756.000000 0.118440 
1757.000000 0.118135 
1758.000000 0.117831 
1759.000000 0.117527 
1760.000000 0.117223 
1761.000000 0.116920 
1762.000000 0.116618 
1763.000000 0.116316 
1764.000000 0.116015 
1765.000000 0.115714 
1766.000000 0.115414 
1767.000000 0.115115 
1768.000000 0.114816 
1769.000000 0.114517 
1770.000000 0.114219 
1771.000000 0.113922 
1772.000000 0.113625 
1773.000000 0.113329 
1774.000000 0.113033 
1775.000000 0.112738 
1776.000000 0.112443 
1777.000000 0.112149 
1778.000000 0.111855 
1779.000000 0.111562 
1780.000000 0.111270 
1781.000000 0.110978 
1782.000000 0.110687 
1783.000000 0.110396 
1784.000000 0.110106 
1785.000000 0.109816 
1786.000000 0.109527 
1787.000000 0.109238 
1788.000000 0.108950 
1789.000000 0.108662 
1790.000000 0.108375 
1791.000000 0.108089 
1792.000000 0.107803 
1793.000000 0.107517 
1794.000000 0.107232 
1795.000000 0.106948 
1796.000000 0.106664 
1797.000000 0.106381 
1798.000000 0.106098 
1799.000000 0.105816 
1800.000000 0.105534 
1801.000000 0.105253 
1802.000000 0.104972 
1803.000000 0.104692 
1804.000000 0.104413 
1805.000000 0.104134 
1806.000000 0.103855 
1807.000000 0.103577 
1808.000000 0.103300 
1809.000000 0.103023 
1810.000000 0.102746 
1811.000000 0.102471 
1812.000000 0.102195 
1813.000000 0.101920 
1814.000000 0.101646 
1815.000000 0.101373 
1816.000000 0.101099 
1817.000000 0.100827 
1818.000000 0.100554 
1819.000000 0.100283 
1820.000000 0.100012 
1821.000000 0.099741 
1822.000000 0.099471 
1823.000000 0.099201 
1824.000000 0.098932 
1825.000000 0.098664 
1826.000000 0.098396 
1827.000000 0.098129 
1828.000000 0.097862 
1829.000000 0.097595 
1830.000000 0.097329 
1831.000000 0.097064 
1832.000000 0.096799 
1833.000000 0.096535 
1834.000000 0.096271 
1835.000000 0.096008 
1836.000000 0.095745 
1837.000000 0.095483 
1838.000000 0.095221 
1839.000000 0.094960 
1840.000000 0.094699 
1841.000000 0.094439 
1842.000000 0.094179 
1843.000000 0.093920 
1844.000000 0.093661 
1845.000000 0.093403 
1846.000000 0.093145 
1847.000000 0.092888 
1848.000000 0.092632 
1849.000000 0.092376 
1850.000000 0.092120 
1851.000000 0.091865 
1852.000000 0.091610 
1853.000000 0.091356 
1854.000000 0.091103 
1855.000000 0.090850 
1856.000000 0.090597 
1857.000000 0.090345 
1858.000000 0.090093 
1859.000000 0.089842 
1860.000000 0.089592 
1861.000000 0.089342 
1862.000000 0.089092 
1863.000000 0.088843 
1864.000000 0.088595 
1865.000000 0.088347 
1866.000000 0.088099 
1867.000000 0.087852 
1868.000000 0.087606 
1869.000000 0.087360 
1870.000000 0.087114 
1871.000000 0.086869 
1872.000000 0.086625 
1873.000000 0.086381 
1874.000000 0.086137 
1875.000000 0.085894 
1876.000000 0.085652 
1877.000000 0.085410 
1878.000000 0.085168 
1879.000000 0.084927 
1880.000000 0.084687 
1881.000000 0.084447 
1882.000000 0.084207 
1883.000000 0.083968 
1884.000000 0.083730 
1885.000000 0.083492 
1886.000000 0.083254 
1887.000000 0.083017 
1888.000000 0.082780 
1889.000000 0.082544 
1890.000000 0.082309 
1891.000000 0.082074 
1892.000000 0.081839 
1893.000000 0.081605 
1894.000000 0.081371 
1895.000000 0.081138 
1896.000000 0.080906 
1897.000000 0.080673 
1898.000000 0.080442 
1899.000000 0.080211 
1900.000000 0.079980 
1901.000000 0.079750 
1902.000000 0.079520 
1903.000000 0.079291 
1904.000000 0.079062 
1905.000000 0.078834 
1906.000000 0.078606 
1907.000000 0.078378 
1908.000000 0.078152 
1909.000000 0.077925 
1910.000000 0.077699 
1911.000000 0.077474 
1912.000000 0.077249 
1913.000000 0.077025 
1914.000000 0.076801 
1915.000000 0.076577 
1916.000000 0.076354 
1917.000000 0.076132 
1918.000000 0.075909 
1919.000000 0.075688 
1920.000000 0.075467 
1921.000000 0.075246 
1922.000000 0.075026 
1923.000000 0.074806 
1924.000000 0.074587 
1925.000000 0.074368 
1926.000000 0.074150 
1927.000000 0.073932 
1928.000000 0.073715 
1929.000000 0.073498 
1930.000000 0.073282 
1931.000000 0.073066 
1932.000000 0.072850 
1933.000000 0.072635 
1934.000000 0.072421 
1935.000000 0.072207 
1936.000000 0.071993 
1937.000000 0.071780 
1938.000000 0.071567 
1939.000000 0.071355 
1940.000000 0.071144 
1941.000000 0.070932 
1942.000000 0.070722 
1943.000000 0.070511 
1944.000000 0.070301 
1945.000000 0.070092 
1946.000000 0.069883 
1947.000000 0.069675 
1948.000000 0.069466 
1949.000000 0.069259 
1950.000000 0.069052 
1951.000000 0.068845 
1952.000000 0.068639 
1953.000000 0.068433 
1954.000000 0.068228 
1955.000000 0.068023 
1956.000000 0.067819 
1957.000000 0.067615 
1958.000000 0.067411 
1959.000000 0.067208 
1960.000000 0.067006 
1961.000000 0.066804 
1962.000000 0.066602 
1963.000000 0.066401 
1964.000000 0.066200 
1965.000000 0.066000 
1966.000000 0.065800 
1967.000000 0.065601 
1968.000000 0.065402 
1969.000000 0.065203 
1970.000000 0.065005 
1971.000000 0.064807 
1972.000000 0.064610 
1973.000000 0.064414 
1974.000000 0.064217 
1975.000000 0.064021 
1976.000000 0.063826 
1977.000000 0.063631 
1978.000000 0.063437 
1979.000000 0.063243 
1980.000000 0.063049 
1981.000000 0.062856 
1982.000000 0.062663 
1983.000000 0.062471 
1984.000000 0.062279 
1985.000000 0.062087 
1986.000000 0.061896 
1987.000000 0.061706 
1988.000000 0.061516 
1989.000000 0.061326 
1990.000000 0.061137 
1991.000000 0.060948 
1992.000000 0.060760 
1993.000000 0.060572 
1994.000000 0.060384 
1995.000000 0.060197 
1996.000000 0.060010 
1997.000000 0.059824 
1998.000000 0.059638 
1999.000000 0.059453 
2000.000000 0.059268 
2001.000000 0.059084 
2002.000000 0.058900 
2003.000000 0.058716 
2004.000000 0.058533 
2005.000000 0.058350 
2006.000000 0.058168 
2007.000000 0.057986 
2008.000000 0.057804 
2009.000000 0.057623 
2010.000000 0.057442 
2011.000000 0.057262 
2012.000000 0.057082 
2013.000000 0.056903 
2014.000000 0.056724 
2015.000000 0.056545 
2016.000000 0.056367 
2017.000000 0.056189 
2018.000000 0.056012 
2019.000000 0.055835 
2020.000000 0.055659 
2021.000000 0.055483 
2022.000000 0.055307 
2023.000000 0.055132 
2024.000000 0.054957 
2025.000000 0.054783 
2026.000000 0.054609 
2027.000000 0.054435 
2028.000000 0.054262 
2029.000000 0.054089 
2030.000000 0.053917 
2031.000000 0.053745 
2032.000000 0.053573 
2033.000000 0.053402 
2034.000000 0.053231 
2035.000000 0.053061 
2036.000000 0.052891 
2037.000000 0.052722 
2038.000000 0.052553 
2039.000000 0.052384 
2040.000000 0.052216 
2041.000000 0.052048 
2042.000000 0.051880 
2043.000000 0.051713 
2044.000000 0.051547 
2045.000000 0.051380 
2046.000000 0.051215 
2047.000000 0.051049 
2048.000000 0.050884 
2049.000000 0.050719 
2050.000000 0.050555 
2051.000000 0.050391 
2052.000000 0.050228 
2053.000000 0.050065 
2054.000000 0.049902 
2055.000000 0.049740 
2056.000000 0.049578 
2057.000000 0.049417 
2058.000000 0.049256 
2059.000000 0.049095 
2060.000000 0.048935 
2061.000000 0.048775 
2062.000000 0.048615 
2063.000000 0.048456 
2064.000000 0.048297 
2065.000000 0.048139 
2066.000000 0.047981 
2067.000000 0.047823 
2068.000000 0.047666 
2069.000000 0.047510 
2070.000000 0.047353 
2071.000000 0.047197 
2072.000000 0.047042 
2073.000000 0.046886 
2074.000000 0.046731 
2075.000000 0.046577 
2076.000000 0.046423 
2077.000000 0.046269 
2078.000000 0.046116 
2079.000000 0.045963 
2080.000000 0.045810 
2081.000000 0.045658 
2082.000000 0.045506 
2083.000000 0.045355 
2084.000000 0.045204 
2085.000000 0.045053 
2086.000000 0.044903 
2087.000000 0.044753 
2088.000000 0.044604 
2089.000000 0.044455 
2090.000000 0.044306 
2091.000000 0.044157 
2092.000000 0.044009 
2093.000000 0.043862 
2094.000000 0.043714 
2095.000000 0.043568 
2096.000000 0.043421 
2097.000000 0.043275 
2098.000000 0.043129 
2099.000000 0.042984 
2100.000000 0.042839 
2101.000000 0.042694 
2102.000000 0.042550 
2103.000000 0.042406 
2104.000000 0.042262 
2105.000000 0.042119 
2106.000000 0.041976 
2107.000000 0.041834 
2108.000000 0.041692 
2109.000000 0.041550 
2110.000000 0.041409 
2111.000000 0.041268 
2112.000000 0.041127 
2113.000000 0.040987 
2114.000000 0.040847 
2115.000000 0.040707 
2116.000000 0.040568 
2117.000000 0.040429 
2118.000000 0.040291 
2119.000000 0.040153 
2120.000000 0.040015 
2121.000000 0.039877 
2122.000000 0.039740 
2123.000000 0.039604 
2124.000000 0.039467 
2125.000000 0.039331 
2126.000000 0.039196 
2127.000000 0.039060 
2128.000000 0.038926 
2129.000000 0.038791 
2130.000000 0.038657 
2131.000000 0.038523 
2132.000000 0.038389 
2133.000000 0.038256 
2134.000000 0.038123 
2135.000000 0.037991 
2136.000000 0.037859 
2137.000000 0.037727 
2138.000000 0.037596 
2139.000000 0.037465 
2140.000000 0.037334 
2141.000000 0.037204 
2142.000000 0.037074 
2143.000000 0.036944 
2144.000000 0.036815 
2145.000000 0.036686 
2146.000000 0.036557 
2147.000000 0.036429 
2148.000000 0.036301 
2149.000000 0.036173 
2150.000000 0.036046 
2151.000000 0.035919 
2152.000000 0.035792 
2153.000000 0.035666 
2154.000000 0.035540 
2155.000000 0.035415 
2156.000000 0.035289 
2157.000000 0.035164 
2158.000000 0.035040 
2159.000000 0.034916 
2160.000000 0.034792 
2161.000000 0.034668 
2162.000000 0.034545 
2163.000000 0.034422 
2164.000000 0.034300 
2165.000000 0.034177 
2166.000000 0.034055 
2167.000000 0.033934 
2168.000000 0.033813 
2169.000000 0.033692 
2170.000000 0.033571 
2171.000000 0.033451 
2172.000000 0.033331 
2173.000000 0.033211 
2174.000000 0.033092 
2175.000000 0.032973 
2176.000000 0.032855 
2177.000000 0.032736 
2178.000000 0.032618 
2179.000000 0.032501 
2180.000000 0.032383 
2181.000000 0.032266 
2182.000000 0.032150 
2183.000000 0.032033 
2184.000000 0.031917 
2185.000000 0.031802 
2186.000000 0.031686 
2187.000000 0.031571 
2188.000000 0.031456 
2189.000000 0.031342 
2190.000000 0.031228 
2191.000000 0.031114 
2192.000000 0.031000 
2193.000000 0.030887 
2194.000000 0.030774 
2195.000000 0.030662 
2196.000000 0.030550 
2197.000000 0.030438 
2198.000000 0.030326 
2199.000000 0.030215 
2200.000000 0.030104 
2201.000000 0.029993 
2202.000000 0.029883 
2203.000000 0.029773 
2204.000000 0.029663 
2205.000000 0.029554 
2206.000000 0.029445 
2207.000000 0.029336 
2208.000000 0.029227 
2209.000000 0.029119 
2210.000000 0.029011 
2211.000000 0.028904 
2212.000000 0.028796 
2213.000000 0.028689 
2214.000000 0.028583 
2215.000000 0.028476 
2216.000000 0.028370 
2217.000000 0.028264 
2218.000000 0.028159 
2219.000000 0.028054 
2220.000000 0.027949 
2221.000000 0.027844 
2222.000000 0.027740 
2223.000000 0.027636 
2224.000000 0.027532 
2225.000000 0.027429 
2226.000000 0.027326 
2227.000000 0.027223 
2228.000000 0.027121 
2229.000000 0.027018 
2230.000000 0.026917 
2231.000000 0.026815 
2232.000000 0.026714 
2233.000000 0.026613 
2234.000000 0.026512 
2235.000000 0.026411 
2236.000000 0.026311 
2237.000000 0.026211 
2238.000000 0.026112 
2239.000000 0.026012 
2240.000000 0.025913 
2241.000000 0.025815 
2242.000000 0.025716 
2243.000000 0.025618 
2244.000000 0.025520 
2245.000000 0.025423 
2246.000000 0.025326 
2247.000000 0.025229 
2248.000000 0.025132 
2249.000000 0.025035 
2250.000000 0.024939 
2251.000000 0.024843 
2252.000000 0.024748 
2253.000000 0.024652 
2254.000000 0.024557 
2255.000000 0.024463 
2256.000000 0.024368 
2257.000000 0.024274 
2258.000000 0.024180 
2259.000000 0.024087 
2260.000000 0.023993 
2261.000000 0.023900 
2262.000000 0.023807 
2263.000000 0.023715 
2264.000000 0.023623 
2265.000000 0.023531 
2266.000000 0.023439 
2267.000000 0.023347 
2268.000000 0.023256 
2269.000000 0.023165 
2270.000000 0.023075 
2271.000000 0.022984 
2272.000000 0.022894 
2273.000000 0.022805 
2274.000000 0.022715 
2275.000000 0.022626 
2276.000000 0.022537 
2277.000000 0.022448 
2278.000000 0.022360 
2279.000000 0.022271 
2280.000000 0.022183 
2281.000000 0.022096 
2282.000000 0.022008 
2283.000000 0.021921 
2284.000000 0.021834 
2285.000000 0.021748 
2286.000000 0.021661 
2287.000000 0.021575 
2288.000000 0.021490 
2289.000000 0.021404 
2290.000000 0.021319 
2291.000000 0.021234 
2292.000000 0.021149 
2293.000000 0.021064 
2294.000000 0.020980 
2295.000000 0.020896 
2296.000000 0.020812 
2297.000000 0.020729 
2298.000000 0.020646 
2299.000000 0.020563 
2300.000000 0.020480 
2301.000000 0.020398 
2302.000000 0.020315 
2303.000000 0.020233 
2304.000000 0.020152 
2305.000000 0.020070 
2306.000000 0.019989 
2307.000000 0.019908 
2308.000000 0.019827 
2309.000000 0.019747 
2310.000000 0.019667 
2311.000000 0.019587 
2312.000000 0.019507 
2313.000000 0.019428 
2314.000000 0.019348 
2315.000000 0.019270 
2316.000000 0.019191 
2317.000000 0.019112 
2318.000000 0.019034 
2319.000000 0.018956 
2320.000000 0.018879 
2321.000000 0.018801 
2322.000000 0.018724 
2323.000000 0.018647 
2324.000000 0.018570 
2325.000000 0.018494 
2326.000000 0.018417 
2327.000000 0.018341 
2328.000000 0.018266 
2329.000000 0.018190 
2330.000000 0.018115 
2331.000000 0.018040 
2332.000000 0.017965 
2333.000000 0.017890 
2334.000000 0.017816 
2335.000000 0.017742 
2336.000000 0.017668 
2337.000000 0.017594 
2338.000000 0.017521 
2339.000000 0.017448 
2340.000000 0.017375 
2341.000000 0.017302 
2342.000000 0.017230 
2343.000000 0.017157 
2344.000000 0.017086 
2345.000000 0.017014 
2346.000000 0.016942 
2347.000000 0.016871 
2348.000000 0.016800 
2349.000000 0.016729 
2350.000000 0.016658 
2351.000000 0.016588 
2352.000000 0.016518 
2353.000000 0.016448 
2354.000000 0.016378 
2355.000000 0.016309 
2356.000000 0.016240 
2357.000000 0.016171 
2358.000000 0.016102 
2359.000000 0.016033 
2360.000000 0.015965 
2361.000000 0.015897 
2362.000000 0.015829 
2363.000000 0.015761 
2364.000000 0.015694 
2365.000000 0.015627 
2366.000000 0.015560 
2367.000000 0.015493 
2368.000000 0.015426 
2369.000000 0.015360 
2370.000000 0.015294 
2371.000000 0.015228 
2372.000000 0.015162 
2373.000000 0.015097 
2374.000000 0.015031 
2375.000000 0.014966 
2376.000000 0.014902 
2377.000000 0.014837 
2378.000000 0.014773 
2379.000000 0.014708 
2380.000000 0.014645 
2381.000000 0.014581 
2382.000000 0.014517 
2383.000000 0.014454 
2384.000000 0.014391 
2385.000000 0.014328 
2386.000000 0.014265 
2387.000000 0.014203 
2388.000000 0.014141 
2389.000000 0.014078 
2390.000000 0.014017 
2391.000000 0.013955 
2392.000000 0.013894 
2393.000000 0.013832 
2394.000000 0.013771 
2395.000000 0.013711 
2396.000000 0.013650 
2397.000000 0.013590 
2398.000000 0.013529 
2399.000000 0.013469 
2400.000000 0.013410 
2401.000000 0.013350 
2402.000000 0.013291 
2403.000000 0.013232 
2404.000000 0.013173 
2405.000000 0.013114 
2406.000000 0.013055 
2407.000000 0.012997 
2408.000000 0.012939 
2409.000000 0.012881 
2410.000000 0.012823 
2411.000000 0.012765 
2412.000000 0.012708 
2413.000000 0.012651 
2414.000000 0.012594 
2415.000000 0.012537 
2416.000000 0.012481 
2417.000000 0.012424 
2418.000000 0.012368 
2419.000000 0.012312 
2420.000000 0.012256 
2421.000000 0.012201 
2422.000000 0.012145 
2423.000000 0.012090 
2424.000000 0.012035 
2425.000000 0.011980 
2426.000000 0.011925 
2427.000000 0.011871 
2428.000000 0.011817 
2429.000000 0.011763 
2430.000000 0.011709 
2431.000000 0.011655 
2432.000000 0.011602 
2433.000000 0.011548 
2434.000000 0.011495 
2435.000000 0.011442 
2436.000000 0.011389 
2437.000000 0.011337 
2438.000000 0.011285 
2439.000000 0.011232 
2440.000000 0.011180 
2441.000000 0.011128 
2442.000000 0.011077 
2443.000000 0.011025 
2444.000000 0.010974 
2445.000000 0.010923 
2446.000000 0.010872 
2447.000000 0.010821 
2448.000000 0.010771 
2449.000000 0.010720 
2450.000000 0.010670 
2451.000000 0.010620 
2452.000000 0.010570 
2453.000000 0.010521 
2454.000000 0.010471 
2455.000000 0.010422 
2456.000000 0.010373 
2457.000000 0.010324 
2458.000000 0.010275 
2459.000000 0.010227 
2460.000000 0.010178 
2461.000000 0.010130 
2462.000000 0.010082 
2463.000000 0.010034 
2464.000000 0.009986 
2465.000000 0.009939 
2466.000000 0.009891 
2467.000000 0.009844 
2468.000000 0.009797 
2469.000000 0.009750 
2470.000000 0.009703 
2471.000000 0.009657 
2472.000000 0.009611 
2473.000000 0.009564 
2474.000000 0.009518 
2475.000000 0.009473 
2476.000000 0.009427 
2477.000000 0.009381 
2478.000000 0.009336 
2479.000000 0.009291 
2480.000000 0.009246 
2481.000000 0.009201 
2482.000000 0.009156 
2483.000000 0.009112 
2484.000000 0.009068 
2485.000000 0.009023 
2486.000000 0.008979 
2487.000000 0.008936 
2488.000000 0.008892 
2489.000000 0.008848 
2490.000000 0.008805 
2491.000000 0.008762 
2492.000000 0.008719 
2493.000000 0.008676 
2494.000000 0.008633 
2495.000000 0.008591 
2496.000000 0.008548 
2497.000000 0.008506 
2498.000000 0.008464 
2499.000000 0.008422 
2500.000000 0.008380 
2501.000000 0.008339 
2502.000000 0.008297 
2503.000000 0.008256 
2504.000000 0.008215 
2505.000000 0.008174 
2506.000000 0.008133 
2507.000000 0.008092 
2508.000000 0.008052 
2509.000000 0.008012 
2510.000000 0.007971 
2511.000000 0.007931 
2512.000000 0.007891 
2513.000000 0.007852 
2514.000000 0.007812 
2515.000000 0.007773 
2516.000000 0.007733 
2517.000000 0.007694 
2518.000000 0.007655 
2519.000000 0.007616 
2520.000000 0.007578 
2521.000000 0.007539 
2522.000000 0.007501 
2523.000000 0.007463 
2524.000000 0.007425 
2525.000000 0.007387 
2526.000000 0.007349 
2527.000000 0.007311 
2528.000000 0.007274 
2529.000000 0.007236 
2530.000000 0.007199 
2531.000000 0.007162 
2532.000000 0.007125 
2533.000000 0.007089 
2534.000000 0.007052 
2535.000000 0.007015 
2536.000000 0.006979 
2537.000000 0.006943 
2538.000000 0.006907 
2539.000000 0.006871 
2540.000000 0.006835 
2541.000000 0.006800 
2542.000000 0.006764 
2543.000000 0.006729 
2544.000000 0.006694 
2545.000000 0.006659 
2546.000000 0.006624 
2547.000000 0.006589 
2548.000000 0.006554 
2549.000000 0.006520 
2550.000000 0.006486 
2551.000000 0.006451 
2552.000000 0.006417 
2553.000000 0.006383 
2554.000000 0.006350 
2555.000000 0.006316 
2556.000000 0.006282 
2557.000000 0.006249 
2558.000000 0.006216 
2559.000000 0.006183 
2560.000000 0.006150 
2561.000000 0.006117 
2562.000000 0.006084 
2563.000000 0.006052 
2564.000000 0.006019 
2565.000000 0.005987 
2566.000000 0.005955 
2567.000000 0.005923 
2568.000000 0.005891 
2569.000000 0.005859 
2570.000000 0.005827 
2571.000000 0.005796 
2572.000000 0.005764 
2573.000000 0.005733 
2574.000000 0.005702 
2575.000000 0.005671 
2576.000000 0.005640 
2577.000000 0.005609 
2578.000000 0.005579 
2579.000000 0.005548 
2580.000000 0.005518 
2581.000000 0.005488 
2582.000000 0.005458 
2583.000000 0.005428 
2584.000000 0.005398 
2585.000000 0.005368 
2586.000000 0.005338 
2587.000000 0.005309 
2588.000000 0.005280 
2589.000000 0.005250 
2590.000000 0.005221 
2591.000000 0.005192 
2592.000000 0.005163 
2593.000000 0.005135 
2594.000000 0.005106 
2595.000000 0.005078 
2596.000000 0.005049 
2597.000000 0.005021 
2598.000000 0.004993 
2599.000000 0.004965 
2600.000000 0.004937 
2601.000000 0.004909 
2602.000000 0.004882 
2603.000000 0.004854 
2604.000000 0.004827 
2605.000000 0.004799 
2606.000000 0.004772 
2607.000000 0.004745 
2608.000000 0.004718 
2609.000000 0.004692 
2610.000000 0.004665 
2611.000000 0.004638 
2612.000000 0.004612 
2613.000000 0.004585 
2614.000000 0.004559 
2615.000000 0.004533 
2616.000000 0.004507 
2617.000000 0.004481 
2618.000000 0.004455 
2619.000000 0.004430 
2620.000000 0.004404 
2621.000000 0.004379 
2622.000000 0.004353 
2623.000000 0.004328 
2624.000000 0.004303 
2625.000000 0.004278 
2626.000000 0.004253 
2627.000000 0.004229 
2628.000000 0.004204 
2629.000000 0.004179 
2630.000000 0.004155 
2631.000000 0.004131 
2632.000000 0.004106 
2633.000000 0.004082 
2634.000000 0.004058 
2635.000000 0.004034 
2636.000000 0.004011 
2637.000000 0.003987 
2638.000000 0.003963 
2639.000000 0.003940 
2640.000000 0.003917 
2641.000000 0.003893 
2642.000000 0.003870 
2643.000000 0.003847 
2644.000000 0.003824 
2645.000000 0.003801 
2646.000000 0.003779 
2647.000000 0.003756 
2648.000000 0.003733 
2649.000000 0.003711 
2650.000000 0.003689 
2651.000000 0.003667 
2652.000000 0.003644 
2653.000000 0.003622 
2654.000000 0.003601 
2655.000000 0.003579 
2656.000000 0.003557 
2657.000000 0.003535 
2658.000000 0.003514 
2659.000000 0.003493 
2660.000000 0.003471 
2661.000000 0.003450 
2662.000000 0.003429 
2663.000000 0.003408 
2664.000000 0.003387 
2665.000000 0.003366 
2666.000000 0.003345 
2667.000000 0.003325 
2668.000000 0.003304 
2669.000000 0.003284 
2670.000000 0.003264 
2671.000000 0.003243 
2672.000000 0.003223 
2673.000000 0.003203 
2674.000000 0.003183 
2675.000000 0.003163 
2676.000000 0.003144 
2677.000000 0.003124 
2678.000000 0.003104 
2679.000000 0.003085 
2680.000000 0.003066 
2681.000000 0.003046 
2682.000000 0.003027 
2683.000000 0.003008 
2684.000000 0.002989 
2685.000000 0.002970 
2686.000000 0.002951 
2687.000000 0.002932 
2688.000000 0.002914 
2689.000000 0.002895 
2690.000000 0.002877 
2691.000000 0.002858 
2692.000000 0.002840 
2693.000000 0.002822 
2694.000000 0.002804 
2695.000000 0.002786 
2696.000000 0.002768 
2697.000000 0.002750 
2698.000000 0.002732 
2699.000000 0.002714 
2700.000000 0.002697 
2701.000000 0.002679 
2702.000000 0.002662 
2703.000000 0.002645 
2704.000000 0.002627 
2705.000000 0.002610 
2706.000000 0.002593 
2707.000000 0.002576 
2708.000000 0.002559 
2709.000000 0.002542 
2710.000000 0.002526 
2711.000000 0.002509 
2712.000000 0.002492 
2713.000000 0.002476 
2714.000000 0.002460 
2715.000000 0.002443 
2716.000000 0.002427 
2717.000000 0.002411 
2718.000000 0.002395 
2719.000000 0.002379 
2720.000000 0.002363 
2721.000000 0.002347 
2722.000000 0.002331 
2723.000000 0.002316 
2724.000000 0.002300 
2725.000000 0.002285 
2726.000000 0.002269 
2727.000000 0.002254 
2728.000000 0.002238 
2729.000000 0.002223 
2730.000000 0.002208 
2731.000000 0.002193 
2732.000000 0.002178 
2733.000000 0.002163 
2734.000000 0.002148 
2735.000000 0.002134 
2736.000000 0.002119 
2737.000000 0.002104 
2738.000000 0.002090 
2739.000000 0.002076 
2740.000000 0.002061 
2741.000000 0.002047 
2742.000000 0.002033 
2743.000000 0.002019 
2744.000000 0.002005 
2745.000000 0.001991 
2746.000000 0.001977 
2747.000000 0.001963 
2748.000000 0.001949 
2749.000000 0.001935 
2750.000000 0.001922 
2751.000000 0.001908 
2752.000000 0.001895 
2753.000000 0.001881 
2754.000000 0.001868 
2755.000000 0.001855 
2756.000000 0.001842 
2757.000000 0.001829 
2758.000000 0.001815 
2759.000000 0.001803 
2760.000000 0.001790 
2761.000000 0.001777 
2762.000000 0.001764 
2763.000000 0.001751 
2764.000000 0.001739 
2765.000000 0.001726 
2766.000000 0.001714 
2767.000000 0.001701 
2768.000000 0.001689 
2769.000000 0.001677 
2770.000000 0.001664 
2771.000000 0.001652 
2772.000000 0.001640 
2773.000000 0.001628 
2774.000000 0.001616 
2775.000000 0.001604 
2776.000000 0.001593 
2777.000000 0.001581 
2778.000000 0.001569 
2779.000000 0.001558 
2780.000000 0.001546 
2781.000000 0.001535 
2782.000000 0.001523 
2783.000000 0.001512 
2784.000000 0.001501 
2785.000000 0.001489 
2786.000000 0.001478 
2787.000000 0.001467 
2788.000000 0.001456 
2789.000000 0.001445 
2790.000000 0.001434 
2791.000000 0.001423 
2792.000000 0.001413 
2793.000000 0.001402 
2794.000000 0.001391 
2795.000000 0.001381 
2796.000000 0.001370 
2797.000000 0.001360 
2798.000000 0.001349 
2799.000000 0.001339 
2800.000000 0.001329 
2801.000000 0.001318 
2802.000000 0.001308 
2803.000000 0.001298 
2804.000000 0.001288 
2805.000000 0.001278 
2806.000000 0.001268 
2807.000000 0.001258 
2808.000000 0.001249 
2809.000000 0.001239 
2810.000000 0.001229 
2811.000000 0.001220 
2812.000000 0.001210 
2813.000000 0.001201 
2814.000000 0.001191 
2815.000000 0.001182 
2816.000000 0.001172 
2817.000000 0.001163 
2818.000000 0.001154 
2819.000000 0.001145 
2820.000000 0.001136 
2821.000000 0.001126 
2822.000000 0.001117 
2823.000000 0.001109 
2824.000000 0.001100 
2825.000000 0.001091 
2826.000000 0.001082 
2827.000000 0.001073 
2828.000000 0.001065 
2829.000000 0.001056 
2830.000000 0.001047 
2831.000000 0.001039 
2832.000000 0.001031 
2833.000000 0.001022 
2834.000000 0.001014 
2835.000000 0.001005 
2836.000000 0.000997 
2837.000000 0.000989 
2838.000000 0.000981 
2839.000000 0.000973 
2840.000000 0.000965 
2841.000000 0.000957 
2842.000000 0.000949 
2843.000000 0.000941 
2844.000000 0.000933 
2845.000000 0.000925 
2846.000000 0.000918 
2847.000000 0.000910 
2848.000000 0.000902 
2849.000000 0.000895 
2850.000000 0.000887 
2851.000000 0.000880 
2852.000000 0.000872 
2853.000000 0.000865 
2854.000000 0.000858 
2855.000000 0.000850 
2856.000000 0.000843 
2857.000000 0.000836 
2858.000000 0.000829 
2859.000000 0.000822 
2860.000000 0.000815 
2861.000000 0.000808 
2862.000000 0.000801 
2863.000000 0.000794 
2864.000000 0.000787 
2865.000000 0.000780 
2866.000000 0.000773 
2867.000000 0.000767 
2868.000000 0.000760 
2869.000000 0.000753 
2870.000000 0.000747 
2871.000000 0.000740 
2872.000000 0.000734 
2873.000000 0.000727 
2874.000000 0.000721 
2875.000000 0.000715 
2876.000000 0.000708 
2877.000000 0.000702 
2878.000000 0.000696 
2879.000000 0.000690 
2880.000000 0.000684 
2881.000000 0.000678 
2882.000000 0.000671 
2883.000000 0.000665 
2884.000000 0.000660 
2885.000000 0.000654 
2886.000000 0.000648 
2887.000000 0.000642 
2888.000000 0.000636 
2889.000000 0.000630 
2890.000000 0.000625 
2891.000000 0.000619 
2892.000000 0.000613 
2893.000000 0.000608 
2894.000000 0.000602 
2895.000000 0.000597 
2896.000000 0.000591 
2897.000000 0.000586 
2898.000000 0.000581 
2899.000000 0.000575 
2900.000000 0.000570 
2901.000000 0.000565 
2902.000000 0.000559 
2903.000000 0.000554 
2904.000000 0.000549 
2905.000000 0.000544 
2906.000000 0.000539 
2907.000000 0.000534 
2908.000000 0.000529 
2909.000000 0.000524 
2910.000000 0.000519 
2911.000000 0.000514 
2912.000000 0.000509 
2913.000000 0.000505 
2914.000000 0.000500 
2915.000000 0.000495 
2916.000000 0.000491 
2917.000000 0.000486 
2918.000000 0.000481 
2919.000000 0.000477 
2920.000000 0.000472 
2921.000000 0.000468 
2922.000000 0.000463 
2923.000000 0.000459 
2924.000000 0.000455 
2925.000000 0.000450 
2926.000000 0.000446 
2927.000000 0.000442 
2928.000000 0.000437 
2929.000000 0.000433 
2930.000000 0.000429 
2931.000000 0.000425 
2932.000000 0.000421 
2933.000000 0.000417 
2934.000000 0.000413 
2935.000000 0.000409 
2936.000000 0.000405 
2937.000000 0.000401 
2938.000000 0.000397 
2939.000000 0.000393 
2940.000000 0.000389 
2941.000000 0.000385 
2942.000000 0.000382 
2943.000000 0.000378 
2944.000000 0.000374 
2945.000000 0.000371 
2946.000000 0.000367 
2947.000000 0.000363 
2948.000000 0.000360 
2949.000000 0.000356 
2950.000000 0.000353 
2951.000000 0.000349 
2952.000000 0.000346 
2953.000000 0.000342 
2954.000000 0.000339 
2955.000000 0.000336 
2956.000000 0.000332 
2957.000000 0.000329 
2958.000000 0.000326 
2959.000000 0.000323 
2960.000000 0.000320 
2961.000000 0.000316 
2962.000000 0.000313 
2963.000000 0.000310 
2964.000000 0.000307 
2965.000000 0.000304 
2966.000000 0.000301 
2967.000000 0.000298 
2968.000000 0.000295 
2969.000000 0.000292 
2970.000000 0.000289 
2971.000000 0.000286 
2972.000000 0.000284 
2973.000000 0.000281 
2974.000000 0.000278 
2975.000000 0.000275 
2976.000000 0.000273 
2977.000000 0.000270 
2978.000000 0.000267 
2979.000000 0.000265 
2980.000000 0.000262 
2981.000000 0.000260 
2982.000000 0.000257 
2983.000000 0.000254 
2984.000000 0.000252 
2985.000000 0.000250 
2986.000000 0.000247 
2987.000000 0.000245 
2988.000000 0.000242 
2989.000000 0.000240 
2990.000000 0.000238 
2991.000000 0.000235 
2992.000000 0.000233 
2993.000000 0.000231 
2994.000000 0.000229 
2995.000000 0.000226 
2996.000000 0.000224 
2997.000000 0.000222 
2998.000000 0.000220 
2999.000000 0.000218 
3000.000000 0.000216 
3001.000000 0.000214 
3002.000000 0.000212 
3003.000000 0.000210 
3004.000000 0.000208 
3005.000000 0.000206 
3006.000000 0.000204 
3007.000000 0.000202 
3008.000000 0.000200 
3009.000000 0.000198 
3010.000000 0.000197 
3011.000000 0.000195 
3012.000000 0.000193 
3013.000000 0.000191 
3014.000000 0.000190 
3015.000000 0.000188 
3016.000000 0.000186 
3017.000000 0.000185 
3018.000000 0.000183 
3019.000000 0.000181 
3020.000000 0.000180 
3021.000000 0.000178 
3022.000000 0.000177 
3023.000000 0.000175 
3024.000000 0.000174 
3025.000000 0.000172 
3026.000000 0.000171 
3027.000000 0.000170 
3028.000000 0.000168 
3029.000000 0.000167 
3030.000000 0.000165 
3031.000000 0.000164 
3032.000000 0.000163 
3033.000000 0.000162 
3034.000000 0.000160 
3035.000000 0.000159 
3036.000000 0.000158 
3037.000000 0.000157 
3038.000000 0.000156 
3039.000000 0.000154 
3040.000000 0.000153 
3041.000000 0.000152 
3042.000000 0.000151 
3043.000000 0.000150 
3044.000000 0.000149 
3045.000000 0.000148 
3046.000000 0.000147 
3047.000000 0.000146 
3048.000000 0.000145 
3049.000000 0.000144 
3050.000000 0.000143 
3051.000000 0.000142 
3052.000000 0.000141 
3053.000000 0.000140 
3054.000000 0.000140 
3055.000000 0.000139 
3056.000000 0.000138 
3057.000000 0.000137 
3058.000000 0.000136 
3059.000000 0.000136 
3060.000000 0.000135 
3061.000000 0.000134 
3062.000000 0.000133 
3063.000000 0.000133 
3064.000000 0.000132 
3065.000000 0.000131 
3066.000000 0.000131 
3067.000000 0.000130 
3068.000000 0.000130 
3069.000000 0.000129 
3070.000000 0.000128 
3071.000000 0.000128 
3072.000000 0.000127 
3073.000000 0.000127 
3074.000000 0.000126 
3075.000000 0.000126 
3076.000000 0.000125 
3077.000000 0.000125 
3078.000000 0.000124 
3079.000000 0.000124 
3080.000000 0.000123 
3081.000000 0.000123 
3082.000000 0.000123 
3083.000000 0.000122 
3084.000000 0.000122 
3085.000000 0.000121 
3086.000000 0.000121 
3087.000000 0.000121 
3088.000000 0.000120 
3089.000000 0.000120 
3090.000000 0.000120 
3091.000000 0.000120 
3092.000000 0.000119 
3093.000000 0.000119 
3094.000000 0.000119 
3095.000000 0.000118 
3096.000000 0.000118 
3097.000000 0.000118 
3098.000000 0.000118 
3099.000000 0.000118 
3100.000000 0.000117 
3101.000000 0.000117 
3102.000000 0.000117 
3103.000000 0.000117 
3104.000000 0.000117 
3105.000000 0.000117 
3106.000000 0.000116 
3107.000000 0.000116 
3108.000000 0.000116 
3109.000000 0.000116 
3110.000000 0.000116 
3111.000000 0.000116 
3112.000000 0.000116 
3113.000000 0.000116 
3114.000000 0.000116 
3115.000000 0.000116 
3116.000000 0.000116 
3117.000000 0.000116 
3118.000000 0.000115 
3119.000000 0.000115 
3120.000000 0.000115 
3121.000000 0.000115 
3122.000000 0.000115 
3123.000000 0.000115 
3124.000000 0.000115 
3125.000000 0.000115 
3126.000000 0.000115 
3127.000000 0.000115 
3128.000000 0.000115 
3129.000000 0.000115 
3130.000000 0.000115 
3131.000000 0.000116 
3132.000000 0.000116 
3133.000000 0.000116 
3134.000000 0.000116 
3135.000000 0.000116 
3136.000000 0.000116 
3137.000000 0.000116 
3138.000000 0.000116 
3139.000000 0.000116 
3140.000000 0.000116 
3141.000000 0.000116 
3142.000000 0.000116 
3143.000000 0.000116 
3144.000000 0.000116 
3145.000000 0.000116 
3146.000000 0.000117 
3147.000000 0.000117 
3148.000000 0.000117 
3149.000000 0.000117 
3150.000000 0.000117 
3151.000000 0.000117 
3152.000000 0.000117 
3153.000000 0.000117 
3154.000000 0.000118 
3155.000000 0.000118 
3156.000000 0.000118 
3157.000000 0.000118 
3158.000000 0.000118 
3159.000000 0.000118 
3160.000000 0.000118 
3161.000000 0.000118 
3162.000000 0.000119 
3163.000000 0.000119 
3164.000000 0.000119 
3165.000000 0.000119 
3166.000000 0.000119 
3167.000000 0.000119 
3168.000000 0.000119 
3169.000000 0.000120 
3170.000000 0.000120 
3171.000000 0.000120 
3172.000000 0.000120 
3173.000000 0.000120 
3174.000000 0.000120 
3175.000000 0.000121 
3176.000000 0.000121 
3177.000000 0.000121 
3178.000000 0.000121 
3179.000000 0.000121 
3180.000000 0.000121 
3181.000000 0.000122 
3182.000000 0.000122 
3183.000000 0.000122 
3184.000000 0.000122 
3185.000000 0.000122 
3186.000000 0.000123 
3187.000000 0.000123 
3188.000000 0.000123 
3189.000000 0.000123 
3190.000000 0.000123 
3191.000000 0.000123 
3192.000000 0.000124 
3193.000000 0.000124 
3194.000000 0.000124 
3195.000000 0.000124 
3196.000000 0.000124 
3197.000000 0.000125 
3198.000000 0.000125 
3199.000000 0.000125 
3200.000000 0.000125 
3201.000000 0.000125 
3202.000000 0.000126 
3203.000000 0.000126 
3204.000000 0.000126 
3205.000000 0.000126 
3206.000000 0.000126 
3207.000000 0.000126 
3208.000000 0.000127 
3209.000000 0.000127 
3210.000000 0.000127 
3211.000000 0.000127 
3212.000000 0.000127 
3213.000000 0.000128 
3214.000000 0.000128 
3215.000000 0.000128 
3216.000000 0.000128 
3217.000000 0.000128 
3218.000000 0.000129 
3219.000000 0.000129 
3220.000000 0.000129 
3221.000000 0.000129 
3222.000000 0.000129 
3223.000000 0.000130 
3224.000000 0.000130 
3225.000000 0.000130 
3226.000000 0.000130 
3227.000000 0.000131 
3228.000000 0.000131 
3229.000000 0.000131 
3230.000000 0.000131 
3231.000000 0.000131 
3232.000000 0.000132 
3233.000000 0.000132 
3234.000000 0.000132 
3235.000000 0.000132 
3236.000000 0.000132 
3237.000000 0.000133 
3238.000000 0.000133 
3239.000000 0.000133 
3240.000000 0.000133 
3241.000000 0.000133 
3242.000000 0.000134 
3243.000000 0.000134 
3244.000000 0.000134 
3245.000000 0.000134 
3246.000000 0.000135 
3247.000000 0.000135 
3248.000000 0.000135 
3249.000000 0.000135 
3250.000000 0.000135 
3251.000000 0.000136 
3252.000000 0.000136 
3253.000000 0.000136 
3254.000000 0.000136 
3255.000000 0.000137 
3256.000000 0.000137 
3257.000000 0.000137 
3258.000000 0.000137 
3259.000000 0.000137 
3260.000000 0.000138 
3261.000000 0.000138 
3262.000000 0.000138 
3263.000000 0.000138 
3264.000000 0.000139 
3265.000000 0.000139 
3266.000000 0.000139 
3267.000000 0.000139 
3268.000000 0.000139 
3269.000000 0.000140 
3270.000000 0.000140 
3271.000000 0.000140 
3272.000000 0.000140 
3273.000000 0.000141 
3274.000000 0.000141 
3275.000000 0.000141 
3276.000000 0.000141 
3277.000000 0.000142 
3278.000000 0.000142 
3279.000000 0.000142 
3280.000000 0.000142 
3281.000000 0.000142 
3282.000000 0.000143 
3283.000000 0.000143 
3284.000000 0.000143 
3285.000000 0.000143 
3286.000000 0.000144 
3287.000000 0.000144 
3288.000000 0.000144 
3289.000000 0.000144 
3290.000000 0.000145 
3291.000000 0.000145 
3292.000000 0.000145 
3293.000000 0.000145 
3294.000000 0.000146 
3295.000000 0.000146 
3296.000000 0.000146 
3297.000000 0.000146 
3298.000000 0.000147 
3299.000000 0.000147 
3300.000000 0.000147 
3301.000000 0.000147 
3302.000000 0.000147 
3303.000000 0.000148 
3304.000000 0.000148 
3305.000000 0.000148 
3306.000000 0.000148 
3307.000000 0.000149 
3308.000000 0.000149 
3309.000000 0.000149 
3310.000000 0.000149 
3311.000000 0.000150 
3312.000000 0.000150 
3313.000000 0.000150 
3314.000000 0.000150 
3315.000000 0.000151 
3316.000000 0.000151 
3317.000000 0.000151 
3318.000000 0.000151 
3319.000000 0.000152 
3320.000000 0.000152 
3321.000000 0.000152 
3322.000000 0.000152 
3323.000000 0.000153 
3324.000000 0.000153 
3325.000000 0.000153 
3326.000000 0.000153 
3327.000000 0.000153 
3328.000000 0.000154 
3329.000000 0.000154 
3330.000000 0.000154 
3331.000000 0.000154 
3332.000000 0.000155 
3333.000000 0.000155 
3334.000000 0.000155 
3335.000000 0.000155 
3336.000000 0.000156 
3337.000000 0.000156 
3338.000000 0.000156 
3339.000000 0.000156 
3340.000000 0.000156 
3341.000000 0.000157 
3342.000000 0.000157 
3343.000000 0.000157 
3344.000000 0.000157 
3345.000000 0.000158 
3346.000000 0.000158 
3347.000000 0.000158 
3348.000000 0.000158 
3349.000000 0.000158 
3350.000000 0.000159 
3351.000000 0.000159 
3352.000000 0.000159 
3353.000000 0.000159 
3354.000000 0.000160 
3355.000000 0.000160 
3356.000000 0.000160 
3357.000000 0.000160 
3358.000000 0.000160 
3359.000000 0.000161 
3360.000000 0.000161 
3361.000000 0.000161 
3362.000000 0.000161 
3363.000000 0.000161 
3364.000000 0.000162 
3365.000000 0.000162 
3366.000000 0.000162 
3367.000000 0.000162 
3368.000000 0.000162 
3369.000000 0.000163 
3370.000000 0.000163 
3371.000000 0.000163 
3372.000000 0.000163 
3373.000000 0.000163 
3374.000000 0.000164 
3375.000000 0.000164 
3376.000000 0.000164 
3377.000000 0.000164 
3378.000000 0.000164 
3379.000000 0.000165 
3380.000000 0.000165 
3381.000000 0.000165 
3382.000000 0.000165 
3383.000000 0.000165 
3384.000000 0.000166 
3385.000000 0.000166 
3386.000000 0.000166 
3387.000000 0.000166 
3388.000000 0.000166 
3389.000000 0.000166 
3390.000000 0.000167 
3391.000000 0.000167 
3392.000000 0.000167 
3393.000000 0.000167 
3394.000000 0.000167 
3395.000000 0.000167 
3396.000000 0.000168 
3397.000000 0.000168 
3398.000000 0.000168 
3399.000000 0.000168 
3400.000000 0.000168 
3401.000000 0.000168 
3402.000000 0.000168 
3403.000000 0.000169 
3404.000000 0.000169 
3405.000000 0.000169 
3406.000000 0.000169 
3407.000000 0.000169 
3408.000000 0.000169 
3409.000000 0.000169 
3410.000000 0.000170 
3411.000000 0.000170 
3412.000000 0.000170 
3413.000000 0.000170 
3414.000000 0.000170 
3415.000000 0.000170 
3416.000000 0.000170 
3417.000000 0.000171 
3418.000000 0.000171 
3419.000000 0.000171 
3420.000000 0.000171 
3421.000000 0.000171 
3422.000000 0.000171 
3423.000000 0.000171 
3424.000000 0.000171 
3425.000000 0.000172 
3426.000000 0.000172 
3427.000000 0.000172 
3428.000000 0.000172 
3429.000000 0.000172 
3430.000000 0.000172 
3431.000000 0.000172 
3432.000000 0.000172 
3433.000000 0.000172 
3434.000000 0.000173 
3435.000000 0.000173 
3436.000000 0.000173 
3437.000000 0.000173 
3438.000000 0.000173 
3439.000000 0.000173 
3440.000000 0.000173 
3441.000000 0.000173 
3442.000000 0.000173 
3443.000000 0.000173 
3444.000000 0.000174 
3445.000000 0.000174 
3446.000000 0.000174 
3447.000000 0.000174 
3448.000000 0.000174 
3449.000000 0.000174 
3450.000000 0.000174 
3451.000000 0.000174 
3452.000000 0.000174 
3453.000000 0.000174 
3454.000000 0.000174 
3455.000000 0.000175 
3456.000000 0.000175 
3457.000000 0.000175 
3458.000000 0.000175 
3459.000000 0.000175 
3460.000000 0.000175 
3461.000000 0.000175 
3462.000000 0.000175 
3463.000000 0.000175 
3464.000000 0.000175 
3465.000000 0.000175 
3466.000000 0.000175 
3467.000000 0.000175 
3468.000000 0.000175 
3469.000000 0.000176 
3470.000000 0.000176 
3471.000000 0.000176 
3472.000000 0.000176 
3473.000000 0.000176 
3474.000000 0.000176 
3475.000000 0.000176 
3476.000000 0.000176 
3477.000000 0.000176 
3478.000000 0.000176 
3479.000000 0.000176 
3480.000000 0.000176 
3481.000000 0.000176 
3482.000000 0.000176 
3483.000000 0.000176 
3484.000000 0.000176 
3485.000000 0.000176 
3486.000000 0.000177 
3487.000000 0.000177 
3488.000000 0.000177 
3489.000000 0.000177 
3490.000000 0.000177 
3491.000000 0.000177 
3492.000000 0.000177 
3493.000000 0.000177 
3494.000000 0.000177 
3495.000000 0.000177 
3496.000000 0.000177 
3497.000000 0.000177 
3498.000000 0.000177 
3499.000000 0.000177 
3500.000000 0.000177 
3501.000000 0.000177 
3502.000000 0.000177 
3503.000000 0.000177 
3504.000000 0.000177 
3505.000000 0.000177 
3506.000000 0.000177 
3507.000000 0.000177 
3508.000000 0.000177 
3509.000000 0.000177 
3510.000000 0.000177 
3511.000000 0.000177 
3512.000000 0.000177 
3513.000000 0.000177 
3514.000000 0.000178 
3515.000000 0.000178 
3516.000000 0.000178 
3517.000000 0.000178 
3518.000000 0.000178 
3519.000000 0.000178 
3520.000000 0.000178 
3521.000000 0.000178 
3522.000000 0.000178 
3523.000000 0.000178 
3524.000000 0.000178 
3525.000000 0.000178 
3526.000000 0.000178 
3527.000000 0.000178 
3528.000000 0.000178 
3529.000000 0.000178 
3530.000000 0.000178 
3531.000000 0.000178 
3532.000000 0.000178 
3533.000000 0.000178 
3534.000000 0.000178 
3535.000000 0.000178 
3536.000000 0.000178 
3537.000000 0.000178 
3538.000000 0.000178 
3539.000000 0.000178 
3540.000000 0.000178 
3541.000000 0.000178 
3542.000000 0.000178 
3543.000000 0.000178 
3544.000000 0.000178 
3545.000000 0.000178 
3546.000000 0.000178 
3547.000000 0.000178 
3548.000000 0.000178 
3549.000000 0.000178 
3550.000000 0.000178 
3551.000000 0.000178 
3552.000000 0.000178 
3553.000000 0.000178 
3554.000000 0.000178 
3555.000000 0.000178 
3556.000000 0.000178 
3557.000000 0.000178 
3558.000000 0.000178 
3559.000000 0.000178 
3560.000000 0.000178 
3561.000000 0.000178 
3562.000000 0.000178 
3563.000000 0.000178 
3564.000000 0.000177 
3565.000000 0.000177 
3566.000000 0.000177 
3567.000000 0.000177 
3568.000000 0.000177 
3569.000000 0.000177 
3570.000000 0.000177 
3571.000000 0.000177 
3572.000000 0.000177 
3573.000000 0.000177 
3574.000000 0.000177 
3575.000000 0.000177 
3576.000000 0.000177 
3577.000000 0.000177 
3578.000000 0.000177 
3579.000000 0.000177 
3580.000000 0.000177 
3581.000000 0.000177 
3582.000000 0.000177 
3583.000000 0.000177 
3584.000000 0.000177 
3585.000000 0.000177 
3586.000000 0.000177 
3587.000000 0.000177 
3588.000000 0.000177 
3589.000000 0.000177 
3590.000000 0.000177 
3591.000000 0.000177 
3592.000000 0.000176 
3593.000000 0.000176 
3594.000000 0.000176 
3595.000000 0.000176 
3596.000000 0.000176 
3597.000000 0.000176 
3598.000000 0.000176 
3599.000000 0.000176 
3600.000000 0.000176 
3601.000000 0.000176 
3602.000000 0.000176 
3603.000000 0.000176 
3604.000000 0.000176 
3605.000000 0.000176 
3606.000000 0.000176 
3607.000000 0.000176 
3608.000000 0.000176 
3609.000000 0.000176 
3610.000000 0.000176 
3611.000000 0.000175 
3612.000000 0.000175 
3613.000000 0.000175 
3614.000000 0.000175 
3615.000000 0.000175 
3616.000000 0.000175 
3617.000000 0.000175 
3618.000000 0.000175 
3619.000000 0.000175 
3620.000000 0.000175 
3621.000000 0.000175 
3622.000000 0.000175 
3623.000000 0.000175 
3624.000000 0.000175 
3625.000000 0.000175 
3626.000000 0.000174 
3627.000000 0.000174 
3628.000000 0.000174 
3629.000000 0.000174 
3630.000000 0.000174 
3631.000000 0.000174 
3632.000000 0.000174 
3633.000000 0.000174 
3634.000000 0.000174 
3635.000000 0.000174 
3636.000000 0.000174 
3637.000000 0.000174 
3638.000000 0.000174 
3639.000000 0.000174 
3640.000000 0.000173 
3641.000000 0.000173 
3642.000000 0.000173 
3643.000000 0.000173 
3644.000000 0.000173 
3645.000000 0.000173 
3646.000000 0.000173 
3647.000000 0.000173 
3648.000000 0.000173 
3649.000000 0.000173 
3650.000000 0.000173 
3651.000000 0.000173 
3652.000000 0.000173 
3653.000000 0.000173 
3654.000000 0.000172 
3655.000000 0.000172 
3656.000000 0.000172 
3657.000000 0.000172 
3658.000000 0.000172 
3659.000000 0.000172 
3660.000000 0.000172 
3661.000000 0.000172 
3662.000000 0.000172 
3663.000000 0.000172 
3664.000000 0.000172 
3665.000000 0.000172 
3666.000000 0.000171 
3667.000000 0.000171 
3668.000000 0.000171 
3669.000000 0.000171 
3670.000000 0.000171 
3671.000000 0.000171 
3672.000000 0.000171 
3673.000000 0.000171 
3674.000000 0.000171 
3675.000000 0.000171 
3676.000000 0.000171 
3677.000000 0.000171 
3678.000000 0.000170 
3679.000000 0.000170 
3680.000000 0.000170 
3681.000000 0.000170 
3682.000000 0.000170 
3683.000000 0.000170 
3684.000000 0.000170 
3685.000000 0.000170 
3686.000000 0.000170 
3687.000000 0.000170 
3688.000000 0.000170 
3689.000000 0.000169 
3690.000000 0.000169 
3691.000000 0.000169 
3692.000000 0.000169 
3693.000000 0.000169 
3694.000000 0.000169 
3695.000000 0.000169 
3696.000000 0.000169 
3697.000000 0.000169 
3698.000000 0.000169 
3699.000000 0.000169 
3700.000000 0.000168 
3701.000000 0.000168 
3702.000000 0.000168 
3703.000000 0.000168 
3704.000000 0.000168 
3705.000000 0.000168 
3706.000000 0.000168 
3707.000000 0.000168 
3708.000000 0.000168 
3709.000000 0.000168 
3710.000000 0.000168 
3711.000000 0.000167 
3712.000000 0.000167 
3713.000000 0.000167 
3714.000000 0.000167 
3715.000000 0.000167 
3716.000000 0.000167 
3717.000000 0.000167 
3718.000000 0.000167 
3719.000000 0.000167 
3720.000000 0.000167 
3721.000000 0.000166 
3722.000000 0.000166 
3723.000000 0.000166 
3724.000000 0.000166 
3725.000000 0.000166 
3726.000000 0.000166 
3727.000000 0.000166 
3728.000000 0.000166 
3729.000000 0.000166 
3730.000000 0.000165 
3731.000000 0.000165 
3732.000000 0.000165 
3733.000000 0.000165 
3734.000000 0.000165 
3735.000000 0.000165 
3736.000000 0.000165 
3737.000000 0.000165 
3738.000000 0.000165 
3739.000000 0.000164 
3740.000000 0.000164 
3741.000000 0.000164 
3742.000000 0.000164 
3743.000000 0.000164 
3744.000000 0.000164 
3745.000000 0.000164 
3746.000000 0.000164 
3747.000000 0.000164 
3748.000000 0.000163 
3749.000000 0.000163 
3750.000000 0.000163 
3751.000000 0.000163 
3752.000000 0.000163 
3753.000000 0.000163 
3754.000000 0.000163 
3755.000000 0.000163 
3756.000000 0.000162 
3757.000000 0.000162 
3758.000000 0.000162 
3759.000000 0.000162 
3760.000000 0.000162 
3761.000000 0.000162 
3762.000000 0.000162 
3763.000000 0.000162 
3764.000000 0.000161 
3765.000000 0.000161 
3766.000000 0.000161 
3767.000000 0.000161 
3768.000000 0.000161 
3769.000000 0.000161 
3770.000000 0.000161 
3771.000000 0.000160 
3772.000000 0.000160 
3773.000000 0.000160 
3774.000000 0.000160 
3775.000000 0.000160 
3776.000000 0.000160 
3777.000000 0.000160 
3778.000000 0.000160 
3779.000000 0.000159 
3780.000000 0.000159 
3781.000000 0.000159 
3782.000000 0.000159 
3783.000000 0.000159 
3784.000000 0.000159 
3785.000000 0.000159 
3786.000000 0.000158 
3787.000000 0.000158 
3788.000000 0.000158 
3789.000000 0.000158 
3790.000000 0.000158 
3791.000000 0.000158 
3792.000000 0.000158 
3793.000000 0.000157 
3794.000000 0.000157 
3795.000000 0.000157 
3796.000000 0.000157 
3797.000000 0.000157 
3798.000000 0.000157 
3799.000000 0.000157 
3800.000000 0.000156 
3801.000000 0.000156 
3802.000000 0.000156 
3803.000000 0.000156 
3804.000000 0.000156 
3805.000000 0.000156 
3806.000000 0.000156 
3807.000000 0.000155 
3808.000000 0.000155 
3809.000000 0.000155 
3810.000000 0.000155 
3811.000000 0.000155 
3812.000000 0.000155 
3813.000000 0.000155 
3814.000000 0.000154 
3815.000000 0.000154 
3816.000000 0.000154 
3817.000000 0.000154 
3818.000000 0.000154 
3819.000000 0.000154 
3820.000000 0.000154 
3821.000000 0.000153 
3822.000000 0.000153 
3823.000000 0.000153 
3824.000000 0.000153 
3825.000000 0.000153 
3826.000000 0.000153 
3827.000000 0.000153 
3828.000000 0.000152 
3829.000000 0.000152 
3830.000000 0.000152 
3831.000000 0.000152 
3832.000000 0.000152 
3833.000000 0.000152 
3834.000000 0.000152 
3835.000000 0.000151 
3836.000000 0.000151 
3837.000000 0.000151 
3838.000000 0.000151 
3839.000000 0.000151 
3840.000000 0.000151 
3841.000000 0.000151 
3842.000000 0.000150 
3843.000000 0.000150 
3844.000000 0.000150 
3845.000000 0.000150 
3846.000000 0.000150 
3847.000000 0.000150 
3848.000000 0.000150 
3849.000000 0.000149 
3850.000000 0.000149 
3851.000000 0.000149 
3852.000000 0.000149 
3853.000000 0.000149 
3854.000000 0.000149 
3855.000000 0.000149 
3856.000000 0.000149 
3857.000000 0.000148 
3858.000000 0.000148 
3859.000000 0.000148 
3860.000000 0.000148 
3861.000000 0.000148 
3862.000000 0.000148 
3863.000000 0.000148 
3864.000000 0.000147 
3865.000000 0.000147 
3866.000000 0.000147 
3867.000000 0.000147 
3868.000000 0.000147 
3869.000000 0.000147 
3870.000000 0.000147 
3871.000000 0.000147 
3872.000000 0.000146 
3873.000000 0.000146 
3874.000000 0.000146 
3875.000000 0.000146 
3876.000000 0.000146 
3877.000000 0.000146 
3878.000000 0.000146 
3879.000000 0.000146 
3880.000000 0.000146 
3881.000000 0.000145 
3882.000000 0.000145 
3883.000000 0.000145 
3884.000000 0.000145 
3885.000000 0.000145 
3886.000000 0.000145 
3887.000000 0.000145 
3888.000000 0.000145 
3889.000000 0.000144 
3890.000000 0.000144 
3891.000000 0.000144 
3892.000000 0.000144 
3893.000000 0.000144 
3894.000000 0.000144 
3895.000000 0.000144 
3896.000000 0.000144 
3897.000000 0.000144 
3898.000000 0.000143 
3899.000000 0.000143 
3900.000000 0.000143 
3901.000000 0.000143 
3902.000000 0.000143 
3903.000000 0.000143 
3904.000000 0.000143 
3905.000000 0.000143 
3906.000000 0.000143 
3907.000000 0.000143 
3908.000000 0.000142 
3909.000000 0.000142 
3910.000000 0.000142 
3911.000000 0.000142 
3912.000000 0.000142 
3913.000000 0.000142 
3914.000000 0.000142 
3915.000000 0.000142 
3916.000000 0.000142 
3917.000000 0.000142 
3918.000000 0.000142 
3919.000000 0.000141 
3920.000000 0.000141 
3921.000000 0.000141 
3922.000000 0.000141 
3923.000000 0.000141 
3924.000000 0.000141 
3925.000000 0.000141 
3926.000000 0.000141 
3927.000000 0.000141 
3928.000000 0.000141 
3929.000000 0.000141 
3930.000000 0.000140 
3931.000000 0.000140 
3932.000000 0.000140 
3933.000000 0.000140 
3934.000000 0.000140 
3935.000000 0.000140 
3936.000000 0.000140 
3937.000000 0.000140 
3938.000000 0.000140 
3939.000000 0.000140 
3940.000000 0.000140 
3941.000000 0.000140 
3942.000000 0.000139 
3943.000000 0.000139 
3944.000000 0.000139 
3945.000000 0.000139 
3946.000000 0.000139 
3947.000000 0.000139 
3948.000000 0.000139 
3949.000000 0.000139 
3950.000000 0.000139 
3951.000000 0.000139 
3952.000000 0.000139 
3953.000000 0.000139 
3954.000000 0.000139 
3955.000000 0.000139 
3956.000000 0.000139 
3957.000000 0.000138 
3958.000000 0.000138 
3959.000000 0.000138 
3960.000000 0.000138 
3961.000000 0.000138 
3962.000000 0.000138 
3963.000000 0.000138 
3964.000000 0.000138 
3965.000000 0.000138 
3966.000000 0.000138 
3967.000000 0.000138 
3968.000000 0.000138 
3969.000000 0.000138 
3970.000000 0.000138 
3971.000000 0.000138 
3972.000000 0.000138 
3973.000000 0.000138 
3974.000000 0.000137 
3975.000000 0.000137 
3976.000000 0.000137 
3977.000000 0.000137 
3978.000000 0.000137 
3979.000000 0.000137 
3980.000000 0.000137 
3981.000000 0.000137 
3982.000000 0.000137 
3983.000000 0.000137 
3984.000000 0.000137 
3985.000000 0.000137 
3986.000000 0.000137 
3987.000000 0.000137 
3988.000000 0.000137 
3989.000000 0.000137 
3990.000000 0.000137 
3991.000000 0.000137 
3992.000000 0.000137 
3993.000000 0.000137 
3994.000000 0.000137 
3995.000000 0.000137 
3996.000000 0.000137 
3997.000000 0.000137 
3998.000000 0.000137 
3999.000000 0.000137 
4000.000000 0.000137 
