0.000000 1.000000 
1.000000 1.000000 
2.000000 0.999997 
3.000000 0.999995 
4.000000 0.999991 
5.000000 0.999986 
6.000000 0.999981 
7.000000 0.999975 
8.000000 0.999967 
9.000000 0.999959 
10.000000 0.999950 
11.000000 0.999940 
12.000000 0.999929 
13.000000 0.999918 
14.000000 0.999905 
15.000000 0.999892 
16.000000 0.999877 
17.000000 0.999862 
18.000000 0.999846 
19.000000 0.999828 
20.000000 0.999810 
21.000000 0.999791 
22.000000 0.999771 
23.000000 0.999751 
24.000000 0.999729 
25.000000 0.999707 
26.000000 0.999683 
27.000000 0.999659 
28.000000 0.999633 
29.000000 0.999607 
30.000000 0.999580 
31.000000 0.999552 
32.000000 0.999524 
33.000000 0.999494 
34.000000 0.999463 
35.000000 0.999432 
36.000000 0.999400 
37.000000 0.999366 
38.000000 0.999332 
39.000000 0.999297 
40.000000 0.999261 
41.000000 0.999224 
42.000000 0.999186 
43.000000 0.999148 
44.000000 0.999108 
45.000000 0.999068 
46.000000 0.999027 
47.000000 0.998985 
48.000000 0.998942 
49.000000 0.998898 
50.000000 0.998853 
51.000000 0.998807 
52.000000 0.998761 
53.000000 0.998714 
54.000000 0.998665 
55.000000 0.998616 
56.000000 0.998566 
57.000000 0.998515 
58.000000 0.998463 
59.000000 0.998411 
60.000000 0.998357 
61.000000 0.998303 
62.000000 0.998248 
63.000000 0.998192 
64.000000 0.998135 
65.000000 0.998077 
66.000000 0.998018 
67.000000 0.997959 
68.000000 0.997898 
69.000000 0.997837 
70.000000 0.997775 
71.000000 0.997712 
72.000000 0.997648 
73.000000 0.997583 
74.000000 0.997518 
75.000000 0.997451 
76.000000 0.997384 
77.000000 0.997316 
78.000000 0.997247 
79.000000 0.997177 
80.000000 0.997106 
81.000000 0.997035 
82.000000 0.996963 
83.000000 0.996889 
84.000000 0.996815 
85.000000 0.996741 
86.000000 0.996665 
87.000000 0.996588 
88.000000 0.996511 
89.000000 0.996433 
90.000000 0.996354 
91.000000 0.996274 
92.000000 0.996193 
93.000000 0.996112 
94.000000 0.996029 
95.000000 0.995946 
96.000000 0.995862 
97.000000 0.995777 
98.000000 0.995692 
99.000000 0.995605 
100.000000 0.995518 
101.000000 0.995430 
102.000000 0.995341 
103.000000 0.995251 
104.000000 0.995160 
105.000000 0.995069 
106.000000 0.994977 
107.000000 0.994884 
108.000000 0.994790 
109.000000 0.994695 
110.000000 0.994600 
111.000000 0.994503 
112.000000 0.994406 
113.000000 0.994309 
114.000000 0.994210 
115.000000 0.994110 
116.000000 0.994010 
117.000000 0.993909 
118.000000 0.993807 
119.000000 0.993705 
120.000000 0.993601 
121.000000 0.993497 
122.000000 0.993392 
123.000000 0.993286 
124.000000 0.993179 
125.000000 0.993072 
126.000000 0.992963 
127.000000 0.992854 
128.000000 0.992745 
129.000000 0.992634 
130.000000 0.992523 
131.000000 0.992410 
132.000000 0.992297 
133.000000 0.992184 
134.000000 0.992069 
135.000000 0.991954 
136.000000 0.991838 
137.000000 0.991721 
138.000000 0.991603 
139.000000 0.991485 
140.000000 0.991366 
141.000000 0.991246 
142.000000 0.991125 
143.000000 0.991003 
144.000000 0.990881 
145.000000 0.990758 
146.000000 0.990634 
147.000000 0.990509 
148.000000 0.990384 
149.000000 0.990258 
150.000000 0.990131 
151.000000 0.990003 
152.000000 0.989875 
153.000000 0.989746 
154.000000 0.989616 
155.000000 0.989485 
156.000000 0.989353 
157.000000 0.989221 
158.000000 0.989088 
159.000000 0.988954 
160.000000 0.988820 
161.000000 0.988684 
162.000000 0.988548 
163.000000 0.988411 
164.000000 0.988274 
165.000000 0.988136 
166.000000 0.987997 
167.000000 0.987857 
168.000000 0.987716 
169.000000 0.987575 
170.000000 0.987432 
171.000000 0.987290 
172.000000 0.987146 
173.000000 0.987002 
174.000000 0.986856 
175.000000 0.986711 
176.000000 0.986564 
177.000000 0.986417 
178.000000 0.986269 
179.000000 0.986120 
180.000000 0.985970 
181.000000 0.985820 
182.000000 0.985669 
183.000000 0.985517 
184.000000 0.985364 
185.000000 0.985211 
186.000000 0.985057 
187.000000 0.984902 
188.000000 0.984746 
189.000000 0.984590 
190.000000 0.984433 
191.000000 0.984275 
192.000000 0.984117 
193.000000 0.983957 
194.000000 0.983797 
195.000000 0.983637 
196.000000 0.983475 
197.000000 0.983313 
198.000000 0.983150 
199.000000 0.982986 
200.000000 0.982822 
201.000000 0.982657 
202.000000 0.982491 
203.000000 0.982324 
204.000000 0.982157 
205.000000 0.981988 
206.000000 0.981820 
207.000000 0.981650 
208.000000 0.981480 
209.000000 0.981309 
210.000000 0.981137 
211.000000 0.980964 
212.000000 0.980791 
213.000000 0.980617 
214.000000 0.980442 
215.000000 0.980267 
216.000000 0.980091 
217.000000 0.979914 
218.000000 0.979736 
219.000000 0.979558 
220.000000 0.979379 
221.000000 0.979199 
222.000000 0.979018 
223.000000 0.978837 
224.000000 0.978655 
225.000000 0.978472 
226.000000 0.978289 
227.000000 0.978104 
228.000000 0.977920 
229.000000 0.977734 
230.000000 0.977548 
231.000000 0.977360 
232.000000 0.977172 
233.000000 0.976984 
234.000000 0.976795 
235.000000 0.976605 
236.000000 0.976414 
237.000000 0.976222 
238.000000 0.976030 
239.000000 0.975837 
240.000000 0.975644 
241.000000 0.975449 
242.000000 0.975254 
243.000000 0.975058 
244.000000 0.974862 
245.000000 0.974665 
246.000000 0.974467 
247.000000 0.974268 
248.000000 0.974069 
249.000000 0.973868 
250.000000 0.973668 
251.000000 0.973466 
252.000000 0.973264 
253.000000 0.973061 
254.000000 0.972857 
255.000000 0.972653 
256.000000 0.972447 
257.000000 0.972242 
258.000000 0.972035 
259.000000 0.971828 
260.000000 0.971620 
261.000000 0.971411 
262.000000 0.971201 
263.000000 0.970991 
264.000000 0.970780 
265.000000 0.970569 
266.000000 0.970356 
267.000000 0.970143 
268.000000 0.969930 
269.000000 0.969715 
270.000000 0.969500 
271.000000 0.969284 
272.000000 0.969068 
273.000000 0.968850 
274.000000 0.968632 
275.000000 0.968414 
276.000000 0.968194 
277.000000 0.967974 
278.000000 0.967753 
279.000000 0.967532 
280.000000 0.967310 
281.000000 0.967087 
282.000000 0.966863 
283.000000 0.966639 
284.000000 0.966414 
285.000000 0.966188 
286.000000 0.965961 
287.000000 0.965734 
288.000000 0.965506 
289.000000 0.965278 
290.000000 0.965049 
291.000000 0.964819 
292.000000 0.964588 
293.000000 0.964357 
294.000000 0.964125 
295.000000 0.963892 
296.000000 0.963658 
297.000000 0.963424 
298.000000 0.963189 
299.000000 0.962954 
300.000000 0.962718 
301.000000 0.962481 
302.000000 0.962243 
303.000000 0.962005 
304.000000 0.961766 
305.000000 0.961526 
306.000000 0.961286 
307.000000 0.961045 
308.000000 0.960803 
309.000000 0.960560 
310.000000 0.960317 
311.000000 0.960074 
312.000000 0.959829 
313.000000 0.959584 
314.000000 0.959338 
315.000000 0.959091 
316.000000 0.958844 
317.000000 0.958596 
318.000000 0.958348 
319.000000 0.958098 
320.000000 0.957848 
321.000000 0.957598 
322.000000 0.957346 
323.000000 0.957094 
324.000000 0.956842 
325.000000 0.956588 
326.000000 0.956334 
327.000000 0.956080 
328.000000 0.955824 
329.000000 0.955568 
330.000000 0.955312 
331.000000 0.955054 
332.000000 0.954796 
333.000000 0.954537 
334.000000 0.954278 
335.000000 0.954018 
336.000000 0.953757 
337.000000 0.953496 
338.000000 0.953234 
339.000000 0.952971 
340.000000 0.952708 
341.000000 0.952444 
342.000000 0.952179 
343.000000 0.951914 
344.000000 0.951648 
345.000000 0.951381 
346.000000 0.951114 
347.000000 0.950846 
348.000000 0.950577 
349.000000 0.950308 
350.000000 0.950038 
351.000000 0.949767 
352.000000 0.949496 
353.000000 0.949224 
354.000000 0.948951 
355.000000 0.948678 
356.000000 0.948404 
357.000000 0.948130 
358.000000 0.947855 
359.000000 0.947579 
360.000000 0.947302 
361.000000 0.947025 
362.000000 0.946748 
363.000000 0.946469 
364.000000 0.946190 
365.000000 0.945911 
366.000000 0.945630 
367.000000 0.945349 
368.000000 0.945068 
369.000000 0.944786 
370.000000 0.944503 
371.000000 0.944219 
372.000000 0.943935 
373.000000 0.943650 
374.000000 0.943365 
375.000000 0.943079 
376.000000 0.942792 
377.000000 0.942505 
378.000000 0.942217 
379.000000 0.941929 
380.000000 0.941639 
381.000000 0.941350 
382.000000 0.941059 
383.000000 0.940768 
384.000000 0.940476 
385.000000 0.940184 
386.000000 0.939891 
387.000000 0.939598 
388.000000 0.939304 
389.000000 0.939009 
390.000000 0.938714 
391.000000 0.938418 
392.000000 0.938121 
393.000000 0.937824 
394.000000 0.937526 
395.000000 0.937227 
396.000000 0.936928 
397.000000 0.936629 
398.000000 0.936328 
399.000000 0.936027 
400.000000 0.935726 
401.000000 0.935424 
402.000000 0.935121 
403.000000 0.934818 
404.000000 0.934514 
405.000000 0.934209 
406.000000 0.933904 
407.000000 0.933598 
408.000000 0.933292 
409.000000 0.932985 
410.000000 0.932677 
411.000000 0.932369 
412.000000 0.932060 
413.000000 0.931751 
414.000000 0.931441 
415.000000 0.931131 
416.000000 0.930820 
417.000000 0.930508 
418.000000 0.930196 
419.000000 0.929883 
420.000000 0.929569 
421.000000 0.929255 
422.000000 0.928940 
423.000000 0.928625 
424.000000 0.928309 
425.000000 0.927993 
426.000000 0.927676 
427.000000 0.927358 
428.000000 0.927040 
429.000000 0.926721 
430.000000 0.926402 
431.000000 0.926082 
432.000000 0.925761 
433.000000 0.925440 
434.000000 0.925118 
435.000000 0.924796 
436.000000 0.924473 
437.000000 0.924150 
438.000000 0.923826 
439.000000 0.923501 
440.000000 0.923176 
441.000000 0.922850 
442.000000 0.922524 
443.000000 0.922197 
444.000000 0.921869 
445.000000 0.921541 
446.000000 0.921213 
447.000000 0.920884 
448.000000 0.920554 
449.000000 0.920224 
450.000000 0.919893 
451.000000 0.919561 
452.000000 0.919229 
453.000000 0.918897 
454.000000 0.918564 
455.000000 0.918230 
456.000000 0.917896 
457.000000 0.917561 
458.000000 0.917225 
459.000000 0.916889 
460.000000 0.916553 
461.000000 0.916216 
462.000000 0.915878 
463.000000 0.915540 
464.000000 0.915201 
465.000000 0.914862 
466.000000 0.914522 
467.000000 0.914182 
468.000000 0.913841 
469.000000 0.913499 
470.000000 0.913157 
471.000000 0.912815 
472.000000 0.912472 
473.000000 0.912128 
474.000000 0.911784 
475.000000 0.911439 
476.000000 0.911093 
477.000000 0.910747 
478.000000 0.910401 
479.000000 0.910054 
480.000000 0.909707 
481.000000 0.909359 
482.000000 0.909010 
483.000000 0.908661 
484.000000 0.908311 
485.000000 0.907961 
486.000000 0.907610 
487.000000 0.907259 
488.000000 0.906907 
489.000000 0.906555 
490.000000 0.906202 
491.000000 0.905848 
492.000000 0.905494 
493.000000 0.905140 
494.000000 0.904785 
495.000000 0.904429 
496.000000 0.904073 
497.000000 0.903716 
498.000000 0.903359 
499.000000 0.903002 
500.000000 0.902643 
501.000000 0.902285 
502.000000 0.901925 
503.000000 0.901566 
504.000000 0.901205 
505.000000 0.900844 
506.000000 0.900483 
507.000000 0.900121 
508.000000 0.899759 
509.000000 0.899396 
510.000000 0.899032 
511.000000 0.898668 
512.000000 0.898304 
513.000000 0.897939 
514.000000 0.897573 
515.000000 0.897207 
516.000000 0.896841 
517.000000 0.896474 
518.000000 0.896106 
519.000000 0.895738 
520.000000 0.895370 
521.000000 0.895001 
522.000000 0.894631 
523.000000 0.894261 
524.000000 0.893890 
525.000000 0.893519 
526.000000 0.893147 
527.000000 0.892775 
528.000000 0.892403 
529.000000 0.892029 
530.000000 0.891656 
531.000000 0.891282 
532.000000 0.890907 
533.000000 0.890532 
534.000000 0.890156 
535.000000 0.889780 
536.000000 0.889403 
537.000000 0.889026 
538.000000 0.888649 
539.000000 0.888270 
540.000000 0.887892 
541.000000 0.887513 
542.000000 0.887133 
543.000000 0.886753 
544.000000 0.886372 
545.000000 0.885991 
546.000000 0.885610 
547.000000 0.885228 
548.000000 0.884845 
549.000000 0.884462 
550.000000 0.884079 
551.000000 0.883695 
552.000000 0.883310 
553.000000 0.882925 
554.000000 0.882540 
555.000000 0.882154 
556.000000 0.881767 
557.000000 0.881380 
558.000000 0.880993 
559.000000 0.880605 
560.000000 0.880217 
561.000000 0.879828 
562.000000 0.879439 
563.000000 0.879049 
564.000000 0.878659 
565.000000 0.878268 
566.000000 0.877877 
567.000000 0.877485 
568.000000 0.877093 
569.000000 0.876700 
570.000000 0.876307 
571.000000 0.875914 
572.000000 0.875520 
573.000000 0.875125 
574.000000 0.874730 
575.000000 0.874335 
576.000000 0.873939 
577.000000 0.873543 
578.000000 0.873146 
579.000000 0.872749 
580.000000 0.872351 
581.000000 0.871953 
582.000000 0.871554 
583.000000 0.871155 
584.000000 0.870756 
585.000000 0.870356 
586.000000 0.869955 
587.000000 0.869554 
588.000000 0.869153 
589.000000 0.868751 
590.000000 0.868349 
591.000000 0.867946 
592.000000 0.867543 
593.000000 0.867139 
594.000000 0.866735 
595.000000 0.866331 
596.000000 0.865926 
597.000000 0.865521 
598.000000 0.865115 
599.000000 0.864709 
600.000000 0.864302 
601.000000 0.863895 
602.000000 0.863487 
603.000000 0.863079 
604.000000 0.862670 
605.000000 0.862261 
606.000000 0.861852 
607.000000 0.861442 
608.000000 0.861032 
609.000000 0.860622 
610.000000 0.860210 
611.000000 0.859799 
612.000000 0.859387 
613.000000 0.858975 
614.000000 0.858562 
615.000000 0.858149 
616.000000 0.857735 
617.000000 0.857321 
618.000000 0.856906 
619.000000 0.856491 
620.000000 0.856076 
621.000000 0.855660 
622.000000 0.855244 
623.000000 0.854827 
624.000000 0.854410 
625.000000 0.853992 
626.000000 0.853574 
627.000000 0.853156 
628.000000 0.852737 
629.000000 0.852318 
630.000000 0.851899 
631.000000 0.851479 
632.000000 0.851058 
633.000000 0.850637 
634.000000 0.850216 
635.000000 0.849794 
636.000000 0.849372 
637.000000 0.848950 
638.000000 0.848527 
639.000000 0.848104 
640.000000 0.847680 
641.000000 0.847256 
642.000000 0.846831 
643.000000 0.846406 
644.000000 0.845981 
645.000000 0.845555 
646.000000 0.845129 
647.000000 0.844702 
648.000000 0.844275 
649.000000 0.843848 
650.000000 0.843420 
651.000000 0.842992 
652.000000 0.842563 
653.000000 0.842134 
654.000000 0.841705 
655.000000 0.841275 
656.000000 0.840845 
657.000000 0.840415 
658.000000 0.839984 
659.000000 0.839552 
660.000000 0.839121 
661.000000 0.838689 
662.000000 0.838256 
663.000000 0.837823 
664.000000 0.837390 
665.000000 0.836956 
666.000000 0.836522 
667.000000 0.836088 
668.000000 0.835653 
669.000000 0.835217 
670.000000 0.834782 
671.000000 0.834346 
672.000000 0.833910 
673.000000 0.833473 
674.000000 0.833036 
675.000000 0.832598 
676.000000 0.832160 
677.000000 0.831722 
678.000000 0.831283 
679.000000 0.830844 
680.000000 0.830405 
681.000000 0.829965 
682.000000 0.829525 
683.000000 0.829084 
684.000000 0.828643 
685.000000 0.828202 
686.000000 0.827761 
687.000000 0.827318 
688.000000 0.826876 
689.000000 0.826433 
690.000000 0.825990 
691.000000 0.825547 
692.000000 0.825103 
693.000000 0.824659 
694.000000 0.824214 
695.000000 0.823769 
696.000000 0.823324 
697.000000 0.822878 
698.000000 0.822432 
699.000000 0.821986 
700.000000 0.821539 
701.000000 0.821092 
702.000000 0.820644 
703.000000 0.820196 
704.000000 0.819748 
705.000000 0.819300 
706.000000 0.818851 
707.000000 0.818402 
708.000000 0.817952 
709.000000 0.817502 
710.000000 0.817052 
711.000000 0.816601 
712.000000 0.816150 
713.000000 0.815699 
714.000000 0.815247 
715.000000 0.814795 
716.000000 0.814342 
717.000000 0.813890 
718.000000 0.813437 
719.000000 0.812983 
720.000000 0.812529 
721.000000 0.812075 
722.000000 0.811621 
723.000000 0.811166 
724.000000 0.810711 
725.000000 0.810255 
726.000000 0.809799 
727.000000 0.809343 
728.000000 0.808887 
729.000000 0.808430 
730.000000 0.807973 
731.000000 0.807515 
732.000000 0.807057 
733.000000 0.806599 
734.000000 0.806141 
735.000000 0.805682 
736.000000 0.805223 
737.000000 0.804763 
738.000000 0.804303 
739.000000 0.803843 
740.000000 0.803383 
741.000000 0.802922 
742.000000 0.802461 
743.000000 0.801999 
744.000000 0.801538 
745.000000 0.801075 
746.000000 0.800613 
747.000000 0.800150 
748.000000 0.799687 
749.000000 0.799224 
750.000000 0.798760 
751.000000 0.798296 
752.000000 0.797832 
753.000000 0.797367 
754.000000 0.796902 
755.000000 0.796437 
756.000000 0.795971 
757.000000 0.795505 
758.000000 0.795039 
759.000000 0.794573 
760.000000 0.794106 
761.000000 0.793638 
762.000000 0.793171 
763.000000 0.792703 
764.000000 0.792235 
765.000000 0.791767 
766.000000 0.791298 
767.000000 0.790829 
768.000000 0.790360 
769.000000 0.789890 
770.000000 0.789420 
771.000000 0.788950 
772.000000 0.788480 
773.000000 0.788009 
774.000000 0.787538 
775.000000 0.787066 
776.000000 0.786595 
777.000000 0.786123 
778.000000 0.785650 
779.000000 0.785178 
780.000000 0.784705 
781.000000 0.784232 
782.000000 0.783758 
783.000000 0.783285 
784.000000 0.782811 
785.000000 0.782336 
786.000000 0.781862 
787.000000 0.781387 
788.000000 0.780912 
789.000000 0.780436 
790.000000 0.779961 
791.000000 0.779485 
792.000000 0.779008 
793.000000 0.778532 
794.000000 0.778055 
795.000000 0.777578 
796.000000 0.777100 
797.000000 0.776622 
798.000000 0.776144 
799.000000 0.775666 
800.000000 0.775188 
801.000000 0.774709 
802.000000 0.774230 
803.000000 0.773750 
804.000000 0.773271 
805.000000 0.772791 
806.000000 0.772311 
807.000000 0.771830 
808.000000 0.771350 
809.000000 0.770869 
810.000000 0.770387 
811.000000 0.769906 
812.000000 0.769424 
813.000000 0.768942 
814.000000 0.768460 
815.000000 0.767977 
816.000000 0.767494 
817.000000 0.767011 
818.000000 0.766528 
819.000000 0.766045 
820.000000 0.765561 
821.000000 0.765077 
822.000000 0.764592 
823.000000 0.764108 
824.000000 0.763623 
825.000000 0.763138 
826.000000 0.762652 
827.000000 0.762167 
828.000000 0.761681 
829.000000 0.761195 
830.000000 0.760708 
831.000000 0.760222 
832.000000 0.759735 
833.000000 0.759248 
834.000000 0.758760 
835.000000 0.758273 
836.000000 0.757785 
837.000000 0.757297 
838.000000 0.756808 
839.000000 0.756320 
840.000000 0.755831 
841.000000 0.755342 
842.000000 0.754853 
843.000000 0.754363 
844.000000 0.753873 
845.000000 0.753383 
846.000000 0.752893 
847.000000 0.752403 
848.000000 0.751912 
849.000000 0.751421 
850.000000 0.750930 
851.000000 0.750439 
852.000000 0.749947 
853.000000 0.749455 
854.000000 0.748963 
855.000000 0.748471 
856.000000 0.747978 
857.000000 0.747485 
858.000000 0.746992 
859.000000 0.746499 
860.000000 0.746006 
861.000000 0.745512 
862.000000 0.745018 
863.000000 0.744524 
864.000000 0.744030 
865.000000 0.743535 
866.000000 0.743041 
867.000000 0.742546 
868.000000 0.742050 
869.000000 0.741555 
870.000000 0.741059 
871.000000 0.740564 
872.000000 0.740067 
873.000000 0.739571 
874.000000 0.739075 
875.000000 0.738578 
876.000000 0.738081 
877.000000 0.737584 
878.000000 0.737087 
879.000000 0.736589 
880.000000 0.736092 
881.000000 0.735594 
882.000000 0.735096 
883.000000 0.734597 
884.000000 0.734099 
885.000000 0.733600 
886.000000 0.733101 
887.000000 0.732602 
888.000000 0.732103 
889.000000 0.731603 
890.000000 0.731103 
891.000000 0.730604 
892.000000 0.730103 
893.000000 0.729603 
894.000000 0.729103 
895.000000 0.728602 
896.000000 0.728101 
897.000000 0.727600 
898.000000 0.727099 
899.000000 0.726597 
900.000000 0.726096 
901.000000 0.725594 
902.000000 0.725092 
903.000000 0.724590 
904.000000 0.724087 
905.000000 0.723585 
906.000000 0.723082 
907.000000 0.722579 
908.000000 0.722076 
909.000000 0.721573 
910.000000 0.721069 
911.000000 0.720565 
912.000000 0.720062 
913.000000 0.719558 
914.000000 0.719053 
915.000000 0.718549 
916.000000 0.718044 
917.000000 0.717540 
918.000000 0.717035 
919.000000 0.716530 
920.000000 0.716025 
921.000000 0.715519 
922.000000 0.715014 
923.000000 0.714508 
924.000000 0.714002 
925.000000 0.713496 
926.000000 0.712990 
927.000000 0.712483 
928.000000 0.711977 
929.000000 0.711470 
930.000000 0.710963 
931.000000 0.710456 
932.000000 0.709949 
933.000000 0.709441 
934.000000 0.708934 
935.000000 0.708426 
936.000000 0.707918 
937.000000 0.707410 
938.000000 0.706902 
939.000000 0.706393 
940.000000 0.705885 
941.000000 0.705376 
942.000000 0.704867 
943.000000 0.704359 
944.000000 0.703849 
945.000000 0.703340 
946.000000 0.702831 
947.000000 0.702321 
948.000000 0.701811 
949.000000 0.701302 
950.000000 0.700792 
951.000000 0.700282 
952.000000 0.699771 
953.000000 0.699261 
954.000000 0.698750 
955.000000 0.698239 
956.000000 0.697728 
957.000000 0.697217 
958.000000 0.696706 
959.000000 0.696195 
960.000000 0.695684 
961.000000 0.695172 
962.000000 0.694660 
963.000000 0.694148 
964.000000 0.693637 
965.000000 0.693124 
966.000000 0.692612 
967.000000 0.692100 
968.000000 0.691587 
969.000000 0.691075 
970.000000 0.690562 
971.000000 0.690049 
972.000000 0.689536 
973.000000 0.689023 
974.000000 0.688509 
975.000000 0.687996 
976.000000 0.687482 
977.000000 0.686969 
978.000000 0.686455 
979.000000 0.685941 
980.000000 0.685427 
981.000000 0.684913 
982.000000 0.684399 
983.000000 0.683884 
984.000000 0.683370 
985.000000 0.682855 
986.000000 0.682340 
987.000000 0.681825 
988.000000 0.681310 
989.000000 0.680795 
990.000000 0.680280 
991.000000 0.679765 
992.000000 0.679249 
993.000000 0.678734 
994.000000 0.678218 
995.000000 0.677702 
996.000000 0.677187 
997.000000 0.676671 
998.000000 0.676155 
999.000000 0.675638 
1000.000000 0.675122 
1001.000000 0.674606 
1002.000000 0.674089 
1003.000000 0.673572 
1004.000000 0.673056 
1005.000000 0.672539 
1006.000000 0.672022 
1007.000000 0.671505 
1008.000000 0.670988 
1009.000000 0.670471 
1010.000000 0.669953 
1011.000000 0.669436 
1012.000000 0.668918 
1013.000000 0.668401 
1014.000000 0.667883 
1015.000000 0.667365 
1016.000000 0.666847 
1017.000000 0.666329 
1018.000000 0.665811 
1019.000000 0.665293 
1020.000000 0.664775 
1021.000000 0.664257 
1022.000000 0.663738 
1023.000000 0.663220 
1024.000000 0.662701 
1025.000000 0.662182 
1026.000000 0.661664 
1027.000000 0.661145 
1028.000000 0.660626 
1029.000000 0.660107 
1030.000000 0.659588 
1031.000000 0.659069 
1032.000000 0.658549 
1033.000000 0.658030 
1034.000000 0.657511 
1035.000000 0.656991 
1036.000000 0.656471 
1037.000000 0.655952 
1038.000000 0.655432 
1039.000000 0.654912 
1040.000000 0.654392 
1041.000000 0.653873 
1042.000000 0.653352 
1043.000000 0.652832 
1044.000000 0.652312 
1045.000000 0.651792 
1046.000000 0.651272 
1047.000000 0.650751 
1048.000000 0.650231 
1049.000000 0.649710 
1050.000000 0.649190 
1051.000000 0.648669 
1052.000000 0.648149 
1053.000000 0.647628 
1054.000000 0.647107 
1055.000000 0.646586 
1056.000000 0.646065 
1057.000000 0.645544 
1058.000000 0.645023 
1059.000000 0.644502 
1060.000000 0.643981 
1061.000000 0.643460 
1062.000000 0.642938 
1063.000000 0.642417 
1064.000000 0.641896 
1065.000000 0.641374 
1066.000000 0.640853 
1067.000000 0.640331 
1068.000000 0.639809 
1069.000000 0.639288 
1070.000000 0.638766 
1071.000000 0.638244 
1072.000000 0.637723 
1073.000000 0.637201 
1074.000000 0.636679 
1075.000000 0.636157 
1076.000000 0.635635 
1077.000000 0.635113 
1078.000000 0.634591 
1079.000000 0.634069 
1080.000000 0.633547 
1081.000000 0.633024 
1082.000000 0.632502 
1083.000000 0.631980 
1084.000000 0.631457 
1085.000000 0.630935 
1086.000000 0.630413 
1087.000000 0.629890 
1088.000000 0.629368 
1089.000000 0.628845 
1090.000000 0.628323 
1091.000000 0.627800 
1092.000000 0.627278 
1093.000000 0.626755 
1094.000000 0.626232 
1095.000000 0.625710 
1096.000000 0.625187 
1097.000000 0.624664 
1098.000000 0.624141 
1099.000000 0.623618 
1100.000000 0.623096 
1101.000000 0.622573 
1102.000000 0.622050 
1103.000000 0.621527 
1104.000000 0.621004 
1105.000000 0.620481 
1106.000000 0.619958 
1107.000000 0.619435 
1108.000000 0.618912 
1109.000000 0.618389 
1110.000000 0.617866 
1111.000000 0.617343 
1112.000000 0.616820 
1113.000000 0.616296 
1114.000000 0.615773 
1115.000000 0.615250 
1116.000000 0.614727 
1117.000000 0.614204 
1118.000000 0.613680 
1119.000000 0.613157 
1120.000000 0.612634 
1121.000000 0.612111 
1122.000000 0.611588 
1123.000000 0.611064 
1124.000000 0.610541 
1125.000000 0.610018 
1126.000000 0.609494 
1127.000000 0.608971 
1128.000000 0.608448 
1129.000000 0.607924 
1130.000000 0.607401 
1131.000000 0.606878 
1132.000000 0.606354 
1133.000000 0.605831 
1134.000000 0.605308 
1135.000000 0.604784 
1136.000000 0.604261 
1137.000000 0.603738 
1138.000000 0.603214 
1139.000000 0.602691 
1140.000000 0.602168 
1141.000000 0.601644 
1142.000000 0.601121 
1143.000000 0.600598 
1144.000000 0.600074 
1145.000000 0.599551 
1146.000000 0.599028 
1147.000000 0.598504 
1148.000000 0.597981 
1149.000000 0.597458 
1150.000000 0.596935 
1151.000000 0.596411 
1152.000000 0.595888 
1153.000000 0.595365 
1154.000000 0.594842 
1155.000000 0.594318 
1156.000000 0.593795 
1157.000000 0.593272 
1158.000000 0.592749 
1159.000000 0.592226 
1160.000000 0.591703 
1161.000000 0.591179 
1162.000000 0.590656 
1163.000000 0.590133 
1164.000000 0.589610 
1165.000000 0.589087 
1166.000000 0.588564 
1167.000000 0.588041 
1168.000000 0.587518 
1169.000000 0.586995 
1170.000000 0.586472 
1171.000000 0.585949 
1172.000000 0.585426 
1173.000000 0.584903 
1174.000000 0.584381 
1175.000000 0.583858 
1176.000000 0.583335 
1177.000000 0.582812 
1178.000000 0.582289 
1179.000000 0.581767 
1180.000000 0.581244 
1181.000000 0.580721 
1182.000000 0.580199 
1183.000000 0.579676 
1184.000000 0.579154 
1185.000000 0.578631 
1186.000000 0.578109 
1187.000000 0.577586 
1188.000000 0.577064 
1189.000000 0.576541 
1190.000000 0.576019 
1191.000000 0.575497 
1192.000000 0.574974 
1193.000000 0.574452 
1194.000000 0.573930 
1195.000000 0.573408 
1196.000000 0.572886 
1197.000000 0.572364 
1198.000000 0.571842 
1199.000000 0.571320 
1200.000000 0.570798 
1201.000000 0.570276 
1202.000000 0.569754 
1203.000000 0.569232 
1204.000000 0.568711 
1205.000000 0.568189 
1206.000000 0.567667 
1207.000000 0.567146 
1208.000000 0.566624 
1209.000000 0.566102 
1210.000000 0.565581 
1211.000000 0.565060 
1212.000000 0.564538 
1213.000000 0.564017 
1214.000000 0.563496 
1215.000000 0.562975 
1216.000000 0.562453 
1217.000000 0.561932 
1218.000000 0.561411 
1219.000000 0.560890 
1220.000000 0.560369 
1221.000000 0.559849 
1222.000000 0.559328 
1223.000000 0.558807 
1224.000000 0.558286 
1225.000000 0.557766 
1226.000000 0.557245 
1227.000000 0.556725 
1228.000000 0.556204 
1229.000000 0.555684 
1230.000000 0.555164 
1231.000000 0.554643 
1232.000000 0.554123 
1233.000000 0.553603 
1234.000000 0.553083 
1235.000000 0.552563 
1236.000000 0.552043 
1237.000000 0.551523 
1238.000000 0.551003 
1239.000000 0.550484 
1240.000000 0.549964 
1241.000000 0.549444 
1242.000000 0.548925 
1243.000000 0.548406 
1244.000000 0.547886 
1245.000000 0.547367 
1246.000000 0.546848 
1247.000000 0.546329 
1248.000000 0.545810 
1249.000000 0.545291 
1250.000000 0.544772 
1251.000000 0.544253 
1252.000000 0.543734 
1253.000000 0.543216 
1254.000000 0.542697 
1255.000000 0.542179 
1256.000000 0.541660 
1257.000000 0.541142 
1258.000000 0.540624 
1259.000000 0.540105 
1260.000000 0.539587 
1261.000000 0.539069 
1262.000000 0.538551 
1263.000000 0.538034 
1264.000000 0.537516 
1265.000000 0.536998 
1266.000000 0.536481 
1267.000000 0.535963 
1268.000000 0.535446 
1269.000000 0.534929 
1270.000000 0.534411 
1271.000000 0.533894 
1272.000000 0.533377 
1273.000000 0.532860 
1274.000000 0.532343 
1275.000000 0.531826 
1276.000000 0.531310 
1277.000000 0.530793 
1278.000000 0.530277 
1279.000000 0.529760 
1280.000000 0.529244 
1281.000000 0.528728 
1282.000000 0.528212 
1283.000000 0.527696 
1284.000000 0.527180 
1285.000000 0.526664 
1286.000000 0.526149 
1287.000000 0.525633 
1288.000000 0.525118 
1289.000000 0.524602 
1290.000000 0.524087 
1291.000000 0.523572 
1292.000000 0.523057 
1293.000000 0.522542 
1294.000000 0.522027 
1295.000000 0.521512 
1296.000000 0.520997 
1297.000000 0.520483 
1298.000000 0.519968 
1299.000000 0.519454 
1300.000000 0.518940 
1301.000000 0.518426 
1302.000000 0.517912 
1303.000000 0.517398 
1304.000000 0.516884 
1305.000000 0.516370 
1306.000000 0.515857 
1307.000000 0.515343 
1308.000000 0.514830 
1309.000000 0.514317 
1310.000000 0.513804 
1311.000000 0.513291 
1312.000000 0.512778 
1313.000000 0.512265 
1314.000000 0.511752 
1315.000000 0.511240 
1316.000000 0.510727 
1317.000000 0.510215 
1318.000000 0.509703 
1319.000000 0.509191 
1320.000000 0.508679 
1321.000000 0.508167 
1322.000000 0.507655 
1323.000000 0.507144 
1324.000000 0.506632 
1325.000000 0.506121 
1326.000000 0.505610 
1327.000000 0.505099 
1328.000000 0.504588 
1329.000000 0.504077 
1330.000000 0.503566 
1331.000000 0.503056 
1332.000000 0.502545 
1333.000000 0.502035 
1334.000000 0.501525 
1335.000000 0.501015 
1336.000000 0.500505 
1337.000000 0.499995 
1338.000000 0.499485 
1339.000000 0.498976 
1340.000000 0.498466 
1341.000000 0.497957 
1342.000000 0.497448 
1343.000000 0.496939 
1344.000000 0.496430 
1345.000000 0.495921 
1346.000000 0.495413 
1347.000000 0.494904 
1348.000000 0.494396 
1349.000000 0.493888 
1350.000000 0.493380 
1351.000000 0.492872 
1352.000000 0.492364 
1353.000000 0.491856 
1354.000000 0.491349 
1355.000000 0.490842 
1356.000000 0.490334 
1357.000000 0.489827 
1358.000000 0.489320 
1359.000000 0.488814 
1360.000000 0.488307 
1361.000000 0.487801 
1362.000000 0.487294 
1363.000000 0.486788 
1364.000000 0.486282 
1365.000000 0.485776 
1366.000000 0.485270 
1367.000000 0.484765 
1368.000000 0.484259 
1369.000000 0.483754 
1370.000000 0.483249 
1371.000000 0.482744 
1372.000000 0.482239 
1373.000000 0.481734 
1374.000000 0.481229 
1375.000000 0.480725 
1376.000000 0.480221 
1377.000000 0.479717 
1378.000000 0.479213 
1379.000000 0.478709 
1380.000000 0.478205 
1381.000000 0.477702 
1382.000000 0.477198 
1383.000000 0.476695 
1384.000000 0.476192 
1385.000000 0.475689 
1386.000000 0.475187 
1387.000000 0.474684 
1388.000000 0.474182 
1389.000000 0.473679 
1390.000000 0.473177 
1391.000000 0.472675 
1392.000000 0.472174 
1393.000000 0.471672 
1394.000000 0.471171 
1395.000000 0.470669 
1396.000000 0.470168 
1397.000000 0.469667 
1398.000000 0.469167 
1399.000000 0.468666 
1400.000000 0.468165 
1401.000000 0.467665 
1402.000000 0.467165 
1403.000000 0.466665 
1404.000000 0.466165 
1405.000000 0.465666 
1406.000000 0.465166 
1407.000000 0.464667 
1408.000000 0.464168 
1409.000000 0.463669 
1410.000000 0.463170 
1411.000000 0.462672 
1412.000000 0.462173 
1413.000000 0.461675 
1414.000000 0.461177 
1415.000000 0.460679 
1416.000000 0.460181 
1417.000000 0.459684 
1418.000000 0.459186 
1419.000000 0.458689 
1420.000000 0.458192 
1421.000000 0.457695 
1422.000000 0.457199 
1423.000000 0.456702 
1424.000000 0.456206 
1425.000000 0.455710 
1426.000000 0.455214 
1427.000000 0.454718 
1428.000000 0.454222 
1429.000000 0.453727 
1430.000000 0.453232 
1431.000000 0.452737 
1432.000000 0.452242 
1433.000000 0.451747 
1434.000000 0.451252 
1435.000000 0.450758 
1436.000000 0.450264 
1437.000000 0.449770 
1438.000000 0.449276 
1439.000000 0.448783 
1440.000000 0.448289 
1441.000000 0.447796 
1442.000000 0.447303 
1443.000000 0.446810 
1444.000000 0.446317 
1445.000000 0.445825 
1446.000000 0.445333 
1447.000000 0.444841 
1448.000000 0.444349 
1449.000000 0.443857 
1450.000000 0.443366 
1451.000000 0.442874 
1452.000000 0.442383 
1453.000000 0.441892 
1454.000000 0.441401 
1455.000000 0.440911 
1456.000000 0.440420 
1457.000000 0.439930 
1458.000000 0.439440 
1459.000000 0.438951 
1460.000000 0.438461 
1461.000000 0.437972 
1462.000000 0.437482 
1463.000000 0.436993 
1464.000000 0.436505 
1465.000000 0.436016 
1466.000000 0.435528 
1467.000000 0.435039 
1468.000000 0.434551 
1469.000000 0.434064 
1470.000000 0.433576 
1471.000000 0.433089 
1472.000000 0.432602 
1473.000000 0.432115 
1474.000000 0.431628 
1475.000000 0.431141 
1476.000000 0.430655 
1477.000000 0.430169 
1478.000000 0.429683 
1479.000000 0.429197 
1480.000000 0.428711 
1481.000000 0.428226 
1482.000000 0.427741 
1483.000000 0.427256 
1484.000000 0.426771 
1485.000000 0.426287 
1486.000000 0.425802 
1487.000000 0.425318 
1488.000000 0.424834 
1489.000000 0.424351 
1490.000000 0.423867 
1491.000000 0.423384 
1492.000000 0.422901 
1493.000000 0.422418 
1494.000000 0.421936 
1495.000000 0.421453 
1496.000000 0.420971 
1497.000000 0.420489 
1498.000000 0.420007 
1499.000000 0.419526 
1500.000000 0.419044 
1501.000000 0.418563 
1502.000000 0.418082 
1503.000000 0.417601 
1504.000000 0.417121 
1505.000000 0.416641 
1506.000000 0.416161 
1507.000000 0.415681 
1508.000000 0.415201 
1509.000000 0.414722 
1510.000000 0.414243 
1511.000000 0.413764 
1512.000000 0.413285 
1513.000000 0.412807 
1514.000000 0.412328 
1515.000000 0.411850 
1516.000000 0.411372 
1517.000000 0.410895 
1518.000000 0.410417 
1519.000000 0.409940 
1520.000000 0.409463 
1521.000000 0.408986 
1522.000000 0.408510 
1523.000000 0.408034 
1524.000000 0.407558 
1525.000000 0.407082 
1526.000000 0.406606 
1527.000000 0.406131 
1528.000000 0.405656 
1529.000000 0.405181 
1530.000000 0.404706 
1531.000000 0.404232 
1532.000000 0.403757 
1533.000000 0.403283 
1534.000000 0.402810 
1535.000000 0.402336 
1536.000000 0.401863 
1537.000000 0.401390 
1538.000000 0.400917 
1539.000000 0.400444 
1540.000000 0.399972 
1541.000000 0.399500 
1542.000000 0.399028 
1543.000000 0.398556 
1544.000000 0.398085 
1545.000000 0.397613 
1546.000000 0.397142 
1547.000000 0.396672 
1548.000000 0.396201 
1549.000000 0.395731 
1550.000000 0.395261 
1551.000000 0.394791 
1552.000000 0.394321 
1553.000000 0.393852 
1554.000000 0.393383 
1555.000000 0.392914 
1556.000000 0.392446 
1557.000000 0.391977 
1558.000000 0.391509 
1559.000000 0.391041 
1560.000000 0.390574 
1561.000000 0.390106 
1562.000000 0.389639 
1563.000000 0.389172 
1564.000000 0.388705 
1565.000000 0.388239 
1566.000000 0.387773 
1567.000000 0.387307 
1568.000000 0.386841 
1569.000000 0.386375 
1570.000000 0.385910 
1571.000000 0.385445 
1572.000000 0.384981 
1573.000000 0.384516 
1574.000000 0.384052 
1575.000000 0.383588 
1576.000000 0.383124 
1577.000000 0.382661 
1578.000000 0.382197 
1579.000000 0.381734 
1580.000000 0.381271 
1581.000000 0.380809 
1582.000000 0.380347 
1583.000000 0.379885 
1584.000000 0.379423 
1585.000000 0.378961 
1586.000000 0.378500 
1587.000000 0.378039 
1588.000000 0.377578 
1589.000000 0.377118 
1590.000000 0.376658 
1591.000000 0.376198 
1592.000000 0.375738 
1593.000000 0.375278 
1594.000000 0.374819 
1595.000000 0.374360 
1596.000000 0.373901 
1597.000000 0.373443 
1598.000000 0.372984 
1599.000000 0.372526 
1600.000000 0.372069 
1601.000000 0.371611 
1602.000000 0.371154 
1603.000000 0.370697 
1604.000000 0.370240 
1605.000000 0.369784 
1606.000000 0.369328 
1607.000000 0.368872 
1608.000000 0.368416 
1609.000000 0.367961 
1610.000000 0.367506 
1611.000000 0.367051 
1612.000000 0.366596 
1613.000000 0.366142 
1614.000000 0.365688 
1615.000000 0.365234 
1616.000000 0.364780 
1617.000000 0.364327 
1618.000000 0.363874 
1619.000000 0.363421 
1620.000000 0.362968 
1621.000000 0.362516 
1622.000000 0.362064 
1623.000000 0.361612 
1624.000000 0.361161 
1625.000000 0.360710 
1626.000000 0.360259 
1627.000000 0.359808 
1628.000000 0.359358 
1629.000000 0.358907 
1630.000000 0.358457 
1631.000000 0.358008 
1632.000000 0.357558 
1633.000000 0.357109 
1634.000000 0.356661 
1635.000000 0.356212 
1636.000000 0.355764 
1637.000000 0.355316 
1638.000000 0.354868 
1639.000000 0.354420 
1640.000000 0.353973 
1641.000000 0.353526 
1642.000000 0.353079 
1643.000000 0.352633 
1644.000000 0.352187 
1645.000000 0.351741 
1646.000000 0.351295 
1647.000000 0.350850 
1648.000000 0.350405 
1649.000000 0.349960 
1650.000000 0.349516 
1651.000000 0.349072 
1652.000000 0.348628 
1653.000000 0.348184 
1654.000000 0.347740 
1655.000000 0.347297 
1656.000000 0.346854 
1657.000000 0.346412 
1658.000000 0.345969 
1659.000000 0.345527 
1660.000000 0.345086 
1661.000000 0.344644 
1662.000000 0.344203 
1663.000000 0.343762 
1664.000000 0.343321 
1665.000000 0.342881 
1666.000000 0.342441 
1667.000000 0.342001 
1668.000000 0.341561 
1669.000000 0.341122 
1670.000000 0.340683 
1671.000000 0.340244 
1672.000000 0.339806 
1673.000000 0.339368 
1674.000000 0.338930 
1675.000000 0.338492 
1676.000000 0.338055 
1677.000000 0.337618 
1678.000000 0.337181 
1679.000000 0.336744 
1680.000000 0.336308 
1681.000000 0.335872 
1682.000000 0.335437 
1683.000000 0.335001 
1684.000000 0.334566 
1685.000000 0.334131 
1686.000000 0.333697 
1687.000000 0.333263 
1688.000000 0.332829 
1689.000000 0.332395 
1690.000000 0.331962 
1691.000000 0.331529 
1692.000000 0.331096 
1693.000000 0.330663 
1694.000000 0.330231 
1695.000000 0.329799 
1696.000000 0.329367 
1697.000000 0.328936 
1698.000000 0.328505 
1699.000000 0.328074 
1700.000000 0.327644 
1701.000000 0.327213 
1702.000000 0.326783 
1703.000000 0.326354 
1704.000000 0.325924 
1705.000000 0.325495 
1706.000000 0.325066 
1707.000000 0.324638 
1708.000000 0.324210 
1709.000000 0.323782 
1710.000000 0.323354 
1711.000000 0.322927 
1712.000000 0.322500 
1713.000000 0.322073 
1714.000000 0.321647 
1715.000000 0.321220 
1716.000000 0.320794 
1717.000000 0.320369 
1718.000000 0.319944 
1719.000000 0.319518 
1720.000000 0.319094 
1721.000000 0.318669 
1722.000000 0.318245 
1723.000000 0.317821 
1724.000000 0.317398 
1725.000000 0.316974 
1726.000000 0.316551 
1727.000000 0.316129 
1728.000000 0.315706 
1729.000000 0.315284 
1730.000000 0.314862 
1731.000000 0.314441 
1732.000000 0.314020 
1733.000000 0.313599 
1734.000000 0.313178 
1735.000000 0.312758 
1736.000000 0.312338 
1737.000000 0.311918 
1738.000000 0.311499 
1739.000000 0.311080 
1740.000000 0.310661 
1741.000000 0.310242 
1742.000000 0.309824 
1743.000000 0.309406 
1744.000000 0.308988 
1745.000000 0.308571 
1746.000000 0.308154 
1747.000000 0.307737 
1748.000000 0.307321 
1749.000000 0.306905 
1750.000000 0.306489 
1751.000000 0.306073 
1752.000000 0.305658 
1753.000000 0.305243 
1754.000000 0.304828 
1755.000000 0.304414 
1756.000000 0.304000 
1757.000000 0.303586 
1758.000000 0.303173 
1759.000000 0.302759 
1760.000000 0.302347 
1761.000000 0.301934 
1762.000000 0.301522 
1763.000000 0.301110 
1764.000000 0.300698 
1765.000000 0.300287 
1766.000000 0.299876 
1767.000000 0.299465 
1768.000000 0.299055 
1769.000000 0.298645 
1770.000000 0.298235 
1771.000000 0.297825 
1772.000000 0.297416 
1773.000000 0.297007 
1774.000000 0.296598 
1775.000000 0.296190 
1776.000000 0.295782 
1777.000000 0.295374 
1778.000000 0.294967 
1779.000000 0.294560 
1780.000000 0.294153 
1781.000000 0.293747 
1782.000000 0.293341 
1783.000000 0.292935 
1784.000000 0.292529 
1785.000000 0.292124 
1786.000000 0.291719 
1787.000000 0.291314 
1788.000000 0.290910 
1789.000000 0.290506 
1790.000000 0.290102 
1791.000000 0.289699 
1792.000000 0.289296 
1793.000000 0.288893 
1794.000000 0.288490 
1795.000000 0.288088 
1796.000000 0.287686 
1797.000000 0.287285 
1798.000000 0.286884 
1799.000000 0.286483 
1800.000000 0.286082 
1801.000000 0.285682 
1802.000000 0.285282 
1803.000000 0.284882 
1804.000000 0.284483 
1805.000000 0.284083 
1806.000000 0.283685 
1807.000000 0.283286 
1808.000000 0.282888 
1809.000000 0.282490 
1810.000000 0.282093 
1811.000000 0.281696 
1812.000000 0.281299 
1813.000000 0.280902 
1814.000000 0.280506 
1815.000000 0.280110 
1816.000000 0.279714 
1817.000000 0.279319 
1818.000000 0.278924 
1819.000000 0.278529 
1820.000000 0.278135 
1821.000000 0.277741 
1822.000000 0.277347 
1823.000000 0.276953 
1824.000000 0.276560 
1825.000000 0.276167 
1826.000000 0.275775 
1827.000000 0.275383 
1828.000000 0.274991 
1829.000000 0.274599 
1830.000000 0.274208 
1831.000000 0.273817 
1832.000000 0.273426 
1833.000000 0.273036 
1834.000000 0.272646 
1835.000000 0.272256 
1836.000000 0.271867 
1837.000000 0.271478 
1838.000000 0.271089 
1839.000000 0.270701 
1840.000000 0.270313 
1841.000000 0.269925 
1842.000000 0.269537 
1843.000000 0.269150 
1844.000000 0.268763 
1845.000000 0.268377 
1846.000000 0.267991 
1847.000000 0.267605 
1848.000000 0.267219 
1849.000000 0.266834 
1850.000000 0.266449 
1851.000000 0.266064 
1852.000000 0.265680 
1853.000000 0.265296 
1854.000000 0.264912 
1855.000000 0.264529 
1856.000000 0.264146 
1857.000000 0.263763 
1858.000000 0.263381 
1859.000000 0.262999 
1860.000000 0.262617 
1861.000000 0.262236 
1862.000000 0.261854 
1863.000000 0.261474 
1864.000000 0.261093 
1865.000000 0.260713 
1866.000000 0.260333 
1867.000000 0.259954 
1868.000000 0.259574 
1869.000000 0.259196 
1870.000000 0.258817 
1871.000000 0.258439 
1872.000000 0.258061 
1873.000000 0.257683 
1874.000000 0.257306 
1875.000000 0.256929 
1876.000000 0.256552 
1877.000000 0.256176 
1878.000000 0.255800 
1879.000000 0.255424 
1880.000000 0.255049 
1881.000000 0.254674 
1882.000000 0.254299 
1883.000000 0.253925 
1884.000000 0.253551 
1885.000000 0.253177 
1886.000000 0.252804 
1887.000000 0.252430 
1888.000000 0.252058 
1889.000000 0.251685 
1890.000000 0.251313 
1891.000000 0.250941 
1892.000000 0.250570 
1893.000000 0.250199 
1894.000000 0.249828 
1895.000000 0.249457 
1896.000000 0.249087 
1897.000000 0.248717 
1898.000000 0.248348 
1899.000000 0.247978 
1900.000000 0.247609 
1901.000000 0.247241 
1902.000000 0.246873 
1903.000000 0.246505 
1904.000000 0.246137 
1905.000000 0.245770 
1906.000000 0.245403 
1907.000000 0.245036 
1908.000000 0.244670 
1909.000000 0.244304 
1910.000000 0.243938 
1911.000000 0.243573 
1912.000000 0.243208 
1913.000000 0.242843 
1914.000000 0.242479 
1915.000000 0.242115 
1916.000000 0.241751 
1917.000000 0.241388 
1918.000000 0.241024 
1919.000000 0.240662 
1920.000000 0.240299 
1921.000000 0.239937 
1922.000000 0.239575 
1923.000000 0.239214 
1924.000000 0.238853 
1925.000000 0.238492 
1926.000000 0.238132 
1927.000000 0.237771 
1928.000000 0.237412 
1929.000000 0.237052 
1930.000000 0.236693 
1931.000000 0.236334 
1932.000000 0.235976 
1933.000000 0.235617 
1934.000000 0.235259 
1935.000000 0.234902 
1936.000000 0.234545 
1937.000000 0.234188 
1938.000000 0.233831 
1939.000000 0.233475 
1940.000000 0.233119 
1941.000000 0.232764 
1942.000000 0.232408 
1943.000000 0.232053 
1944.000000 0.231699 
1945.000000 0.231344 
1946.000000 0.230991 
1947.000000 0.230637 
1948.000000 0.230284 
1949.000000 0.229931 
1950.000000 0.229578 
1951.000000 0.229226 
1952.000000 0.228874 
1953.000000 0.228522 
1954.000000 0.228171 
1955.000000 0.227820 
1956.000000 0.227469 
1957.000000 0.227119 
1958.000000 0.226769 
1959.000000 0.226419 
1960.000000 0.226070 
1961.000000 0.225721 
1962.000000 0.225372 
1963.000000 0.225023 
1964.000000 0.224675 
1965.000000 0.224328 
1966.000000 0.223980 
1967.000000 0.223633 
1968.000000 0.223286 
1969.000000 0.222940 
1970.000000 0.222594 
1971.000000 0.222248 
1972.000000 0.221903 
1973.000000 0.221558 
1974.000000 0.221213 
1975.000000 0.220868 
1976.000000 0.220524 
1977.000000 0.220180 
1978.000000 0.219837 
1979.000000 0.219494 
1980.000000 0.219151 
1981.000000 0.218809 
1982.000000 0.218466 
1983.000000 0.218125 
1984.000000 0.217783 
1985.000000 0.217442 
1986.000000 0.217101 
1987.000000 0.216761 
1988.000000 0.216421 
1989.000000 0.216081 
1990.000000 0.215741 
1991.000000 0.215402 
1992.000000 0.215063 
1993.000000 0.214725 
1994.000000 0.214386 
1995.000000 0.214049 
1996.000000 0.213711 
1997.000000 0.213374 
1998.000000 0.213037 
1999.000000 0.212700 
2000.000000 0.212364 
2001.000000 0.212028 
2002.000000 0.211693 
2003.000000 0.211357 
2004.000000 0.211023 
2005.000000 0.210688 
2006.000000 0.210354 
2007.000000 0.210020 
2008.000000 0.209686 
2009.000000 0.209353 
2010.000000 0.209020 
2011.000000 0.208687 
2012.000000 0.208355 
2013.000000 0.208023 
2014.000000 0.207692 
2015.000000 0.207360 
2016.000000 0.207029 
2017.000000 0.206699 
2018.000000 0.206368 
2019.000000 0.206038 
2020.000000 0.205709 
2021.000000 0.205380 
2022.000000 0.205051 
2023.000000 0.204722 
2024.000000 0.204394 
2025.000000 0.204066 
2026.000000 0.203738 
2027.000000 0.203411 
2028.000000 0.203084 
2029.000000 0.202757 
2030.000000 0.202431 
2031.000000 0.202105 
2032.000000 0.201779 
2033.000000 0.201454 
2034.000000 0.201129 
2035.000000 0.200804 
2036.000000 0.200480 
2037.000000 0.200156 
2038.000000 0.199832 
2039.000000 0.199509 
2040.000000 0.199186 
2041.000000 0.198863 
2042.000000 0.198540 
2043.000000 0.198218 
2044.000000 0.197897 
2045.000000 0.197575 
2046.000000 0.197254 
2047.000000 0.196934 
2048.000000 0.196613 
2049.000000 0.196293 
2050.000000 0.195973 
2051.000000 0.195654 
2052.000000 0.195335 
2053.000000 0.195016 
2054.000000 0.194698 
2055.000000 0.194380 
2056.000000 0.194062 
2057.000000 0.193744 
2058.000000 0.193427 
2059.000000 0.193111 
2060.000000 0.192794 
2061.000000 0.192478 
2062.000000 0.192162 
2063.000000 0.191847 
2064.000000 0.191532 
2065.000000 0.191217 
2066.000000 0.190903 
2067.000000 0.190588 
2068.000000 0.190275 
2069.000000 0.189961 
2070.000000 0.189648 
2071.000000 0.189335 
2072.000000 0.189023 
2073.000000 0.188711 
2074.000000 0.188399 
2075.000000 0.188087 
2076.000000 0.187776 
2077.000000 0.187465 
2078.000000 0.187155 
2079.000000 0.186845 
2080.000000 0.186535 
2081.000000 0.186225 
2082.000000 0.185916 
2083.000000 0.185607 
2084.000000 0.185299 
2085.000000 0.184991 
2086.000000 0.184683 
2087.000000 0.184375 
2088.000000 0.184068 
2089.000000 0.183761 
2090.000000 0.183455 
2091.000000 0.183148 
2092.000000 0.182842 
2093.000000 0.182537 
2094.000000 0.182232 
2095.000000 0.181927 
2096.000000 0.181622 
2097.000000 0.181318 
2098.000000 0.181014 
2099.000000 0.180710 
2100.000000 0.180407 
2101.000000 0.180104 
2102.000000 0.179802 
2103.000000 0.179499 
2104.000000 0.179197 
2105.000000 0.178896 
2106.000000 0.178595 
2107.000000 0.178294 
2108.000000 0.177993 
2109.000000 0.177693 
2110.000000 0.177393 
2111.000000 0.177093 
2112.000000 0.176794 
2113.000000 0.176495 
2114.000000 0.176196 
2115.000000 0.175898 
2116.000000 0.175600 
2117.000000 0.175302 
2118.000000 0.175005 
2119.000000 0.174708 
2120.000000 0.174411 
2121.000000 0.174115 
2122.000000 0.173819 
2123.000000 0.173523 
2124.000000 0.173228 
2125.000000 0.172933 
2126.000000 0.172638 
2127.000000 0.172343 
2128.000000 0.172049 
2129.000000 0.171756 
2130.000000 0.171462 
2131.000000 0.171169 
2132.000000 0.170876 
2133.000000 0.170584 
2134.000000 0.170292 
2135.000000 0.170000 
2136.000000 0.169709 
2137.000000 0.169417 
2138.000000 0.169127 
2139.000000 0.168836 
2140.000000 0.168546 
2141.000000 0.168256 
2142.000000 0.167967 
2143.000000 0.167678 
2144.000000 0.167389 
2145.000000 0.167100 
2146.000000 0.166812 
2147.000000 0.166524 
2148.000000 0.166237 
2149.000000 0.165949 
2150.000000 0.165663 
2151.000000 0.165376 
2152.000000 0.165090 
2153.000000 0.164804 
2154.000000 0.164518 
2155.000000 0.164233 
2156.000000 0.163948 
2157.000000 0.163664 
2158.000000 0.163379 
2159.000000 0.163095 
2160.000000 0.162812 
2161.000000 0.162528 
2162.000000 0.162245 
2163.000000 0.161963 
2164.000000 0.161680 
2165.000000 0.161399 
2166.000000 0.161117 
2167.000000 0.160836 
2168.000000 0.160554 
2169.000000 0.160274 
2170.000000 0.159993 
2171.000000 0.159713 
2172.000000 0.159434 
2173.000000 0.159154 
2174.000000 0.158875 
2175.000000 0.158596 
2176.000000 0.158318 
2177.000000 0.158040 
2178.000000 0.157762 
2179.000000 0.157485 
2180.000000 0.157208 
2181.000000 0.156931 
2182.000000 0.156654 
2183.000000 0.156378 
2184.000000 0.156102 
2185.000000 0.155827 
2186.000000 0.155552 
2187.000000 0.155277 
2188.000000 0.155002 
2189.000000 0.154728 
2190.000000 0.154454 
2191.000000 0.154181 
2192.000000 0.153907 
2193.000000 0.153635 
2194.000000 0.153362 
2195.000000 0.153090 
2196.000000 0.152818 
2197.000000 0.152546 
2198.000000 0.152275 
2199.000000 0.152004 
2200.000000 0.151733 
2201.000000 0.151463 
2202.000000 0.151193 
2203.000000 0.150923 
2204.000000 0.150654 
2205.000000 0.150385 
2206.000000 0.150116 
2207.000000 0.149848 
2208.000000 0.149580 
2209.000000 0.149312 
2210.000000 0.149044 
2211.000000 0.148777 
2212.000000 0.148511 
2213.000000 0.148244 
2214.000000 0.147978 
2215.000000 0.147712 
2216.000000 0.147447 
2217.000000 0.147182 
2218.000000 0.146917 
2219.000000 0.146652 
2220.000000 0.146388 
2221.000000 0.146124 
2222.000000 0.145860 
2223.000000 0.145597 
2224.000000 0.145334 
2225.000000 0.145072 
2226.000000 0.144809 
2227.000000 0.144547 
2228.000000 0.144286 
2229.000000 0.144025 
2230.000000 0.143764 
2231.000000 0.143503 
2232.000000 0.143243 
2233.000000 0.142982 
2234.000000 0.142723 
2235.000000 0.142463 
2236.000000 0.142204 
2237.000000 0.141946 
2238.000000 0.141687 
2239.000000 0.141429 
2240.000000 0.141171 
2241.000000 0.140914 
2242.000000 0.140657 
2243.000000 0.140400 
2244.000000 0.140143 
2245.000000 0.139887 
2246.000000 0.139631 
2247.000000 0.139376 
2248.000000 0.139120 
2249.000000 0.138865 
2250.000000 0.138611 
2251.000000 0.138356 
2252.000000 0.138103 
2253.000000 0.137849 
2254.000000 0.137596 
2255.000000 0.137343 
2256.000000 0.137090 
2257.000000 0.136837 
2258.000000 0.136585 
2259.000000 0.136334 
2260.000000 0.136082 
2261.000000 0.135831 
2262.000000 0.135580 
2263.000000 0.135330 
2264.000000 0.135080 
2265.000000 0.134830 
2266.000000 0.134580 
2267.000000 0.134331 
2268.000000 0.134082 
2269.000000 0.133834 
2270.000000 0.133585 
2271.000000 0.133338 
2272.000000 0.133090 
2273.000000 0.132843 
2274.000000 0.132596 
2275.000000 0.132349 
2276.000000 0.132103 
2277.000000 0.131857 
2278.000000 0.131611 
2279.000000 0.131365 
2280.000000 0.131120 
2281.000000 0.130876 
2282.000000 0.130631 
2283.000000 0.130387 
2284.000000 0.130143 
2285.000000 0.129900 
2286.000000 0.129656 
2287.000000 0.129414 
2288.000000 0.129171 
2289.000000 0.128929 
2290.000000 0.128687 
2291.000000 0.128445 
2292.000000 0.128204 
2293.000000 0.127963 
2294.000000 0.127722 
2295.000000 0.127482 
2296.000000 0.127242 
2297.000000 0.127002 
2298.000000 0.126763 
2299.000000 0.126523 
2300.000000 0.126285 
2301.000000 0.126046 
2302.000000 0.125808 
2303.000000 0.125570 
2304.000000 0.125333 
2305.000000 0.125095 
2306.000000 0.124858 
2307.000000 0.124622 
2308.000000 0.124385 
2309.000000 0.124149 
2310.000000 0.123914 
2311.000000 0.123678 
2312.000000 0.123443 
2313.000000 0.123209 
2314.000000 0.122974 
2315.000000 0.122740 
2316.000000 0.122506 
2317.000000 0.122273 
2318.000000 0.122039 
2319.000000 0.121807 
2320.000000 0.121574 
2321.000000 0.121342 
2322.000000 0.121110 
2323.000000 0.120878 
2324.000000 0.120647 
2325.000000 0.120416 
2326.000000 0.120185 
2327.000000 0.119955 
2328.000000 0.119724 
2329.000000 0.119495 
2330.000000 0.119265 
2331.000000 0.119036 
2332.000000 0.118807 
2333.000000 0.118578 
2334.000000 0.118350 
2335.000000 0.118122 
2336.000000 0.117895 
2337.000000 0.117667 
2338.000000 0.117440 
2339.000000 0.117214 
2340.000000 0.116987 
2341.000000 0.116761 
2342.000000 0.116535 
2343.000000 0.116310 
2344.000000 0.116085 
2345.000000 0.115860 
2346.000000 0.115635 
2347.000000 0.115411 
2348.000000 0.115187 
2349.000000 0.114963 
2350.000000 0.114740 
2351.000000 0.114517 
2352.000000 0.114294 
2353.000000 0.114072 
2354.000000 0.113849 
2355.000000 0.113628 
2356.000000 0.113406 
2357.000000 0.113185 
2358.000000 0.112964 
2359.000000 0.112743 
2360.000000 0.112523 
2361.000000 0.112303 
2362.000000 0.112083 
2363.000000 0.111864 
2364.000000 0.111645 
2365.000000 0.111426 
2366.000000 0.111207 
2367.000000 0.110989 
2368.000000 0.110771 
2369.000000 0.110554 
2370.000000 0.110336 
2371.000000 0.110119 
2372.000000 0.109903 
2373.000000 0.109686 
2374.000000 0.109470 
2375.000000 0.109254 
2376.000000 0.109039 
2377.000000 0.108824 
2378.000000 0.108609 
2379.000000 0.108394 
2380.000000 0.108180 
2381.000000 0.107966 
2382.000000 0.107752 
2383.000000 0.107539 
2384.000000 0.107326 
2385.000000 0.107113 
2386.000000 0.106900 
2387.000000 0.106688 
2388.000000 0.106476 
2389.000000 0.106265 
2390.000000 0.106053 
2391.000000 0.105842 
2392.000000 0.105632 
2393.000000 0.105421 
2394.000000 0.105211 
2395.000000 0.105001 
2396.000000 0.104792 
2397.000000 0.104582 
2398.000000 0.104374 
2399.000000 0.104165 
2400.000000 0.103957 
2401.000000 0.103748 
2402.000000 0.103541 
2403.000000 0.103333 
2404.000000 0.103126 
2405.000000 0.102919 
2406.000000 0.102713 
2407.000000 0.102506 
2408.000000 0.102300 
2409.000000 0.102095 
2410.000000 0.101889 
2411.000000 0.101684 
2412.000000 0.101479 
2413.000000 0.101275 
2414.000000 0.101071 
2415.000000 0.100867 
2416.000000 0.100663 
2417.000000 0.100460 
2418.000000 0.100257 
2419.000000 0.100054 
2420.000000 0.099851 
2421.000000 0.099649 
2422.000000 0.099447 
2423.000000 0.099246 
2424.000000 0.099044 
2425.000000 0.098843 
2426.000000 0.098643 
2427.000000 0.098442 
2428.000000 0.098242 
2429.000000 0.098042 
2430.000000 0.097843 
2431.000000 0.097643 
2432.000000 0.097444 
2433.000000 0.097246 
2434.000000 0.097047 
2435.000000 0.096849 
2436.000000 0.096651 
2437.000000 0.096454 
2438.000000 0.096257 
2439.000000 0.096060 
2440.000000 0.095863 
2441.000000 0.095667 
2442.000000 0.095470 
2443.000000 0.095275 
2444.000000 0.095079 
2445.000000 0.094884 
2446.000000 0.094689 
2447.000000 0.094494 
2448.000000 0.094300 
2449.000000 0.094106 
2450.000000 0.093912 
2451.000000 0.093718 
2452.000000 0.093525 
2453.000000 0.093332 
2454.000000 0.093140 
2455.000000 0.092947 
2456.000000 0.092755 
2457.000000 0.092563 
2458.000000 0.092372 
2459.000000 0.092181 
2460.000000 0.091990 
2461.000000 0.091799 
2462.000000 0.091609 
2463.000000 0.091419 
2464.000000 0.091229 
2465.000000 0.091039 
2466.000000 0.090850 
2467.000000 0.090661 
2468.000000 0.090472 
2469.000000 0.090284 
2470.000000 0.090096 
2471.000000 0.089908 
2472.000000 0.089720 
2473.000000 0.089533 
2474.000000 0.089346 
2475.000000 0.089159 
2476.000000 0.088973 
2477.000000 0.088787 
2478.000000 0.088601 
2479.000000 0.088415 
2480.000000 0.088230 
2481.000000 0.088045 
2482.000000 0.087860 
2483.000000 0.087676 
2484.000000 0.087492 
2485.000000 0.087308 
2486.000000 0.087124 
2487.000000 0.086941 
2488.000000 0.086758 
2489.000000 0.086575 
2490.000000 0.086392 
2491.000000 0.086210 
2492.000000 0.086028 
2493.000000 0.085847 
2494.000000 0.085665 
2495.000000 0.085484 
2496.000000 0.085303 
2497.000000 0.085123 
2498.000000 0.084942 
2499.000000 0.084762 
2500.000000 0.084583 
2501.000000 0.084403 
2502.000000 0.084224 
2503.000000 0.084045 
2504.000000 0.083866 
2505.000000 0.083688 
2506.000000 0.083510 
2507.000000 0.083332 
2508.000000 0.083155 
2509.000000 0.082977 
2510.000000 0.082801 
2511.000000 0.082624 
2512.000000 0.082447 
2513.000000 0.082271 
2514.000000 0.082095 
2515.000000 0.081920 
2516.000000 0.081744 
2517.000000 0.081569 
2518.000000 0.081395 
2519.000000 0.081220 
2520.000000 0.081046 
2521.000000 0.080872 
2522.000000 0.080698 
2523.000000 0.080525 
2524.000000 0.080352 
2525.000000 0.080179 
2526.000000 0.080006 
2527.000000 0.079834 
2528.000000 0.079662 
2529.000000 0.079490 
2530.000000 0.079318 
2531.000000 0.079147 
2532.000000 0.078976 
2533.000000 0.078805 
2534.000000 0.078635 
2535.000000 0.078465 
2536.000000 0.078295 
2537.000000 0.078125 
2538.000000 0.077956 
2539.000000 0.077787 
2540.000000 0.077618 
2541.000000 0.077449 
2542.000000 0.077281 
2543.000000 0.077113 
2544.000000 0.076945 
2545.000000 0.076778 
2546.000000 0.076610 
2547.000000 0.076443 
2548.000000 0.076277 
2549.000000 0.076110 
2550.000000 0.075944 
2551.000000 0.075778 
2552.000000 0.075613 
2553.000000 0.075447 
2554.000000 0.075282 
2555.000000 0.075117 
2556.000000 0.074953 
2557.000000 0.074788 
2558.000000 0.074624 
2559.000000 0.074461 
2560.000000 0.074297 
2561.000000 0.074134 
2562.000000 0.073971 
2563.000000 0.073808 
2564.000000 0.073646 
2565.000000 0.073483 
2566.000000 0.073322 
2567.000000 0.073160 
2568.000000 0.072998 
2569.000000 0.072837 
2570.000000 0.072676 
2571.000000 0.072516 
2572.000000 0.072355 
2573.000000 0.072195 
2574.000000 0.072035 
2575.000000 0.071876 
2576.000000 0.071717 
2577.000000 0.071557 
2578.000000 0.071399 
2579.000000 0.071240 
2580.000000 0.071082 
2581.000000 0.070924 
2582.000000 0.070766 
2583.000000 0.070608 
2584.000000 0.070451 
2585.000000 0.070294 
2586.000000 0.070137 
2587.000000 0.069981 
2588.000000 0.069825 
2589.000000 0.069669 
2590.000000 0.069513 
2591.000000 0.069358 
2592.000000 0.069202 
2593.000000 0.069048 
2594.000000 0.068893 
2595.000000 0.068738 
2596.000000 0.068584 
2597.000000 0.068430 
2598.000000 0.068277 
2599.000000 0.068123 
2600.000000 0.067970 
2601.000000 0.067817 
2602.000000 0.067665 
2603.000000 0.067512 
2604.000000 0.067360 
2605.000000 0.067208 
2606.000000 0.067056 
2607.000000 0.066905 
2608.000000 0.066754 
2609.000000 0.066603 
2610.000000 0.066452 
2611.000000 0.066302 
2612.000000 0.066152 
2613.000000 0.066002 
2614.000000 0.065852 
2615.000000 0.065703 
2616.000000 0.065554 
2617.000000 0.065405 
2618.000000 0.065256 
2619.000000 0.065108 
2620.000000 0.064960 
2621.000000 0.064812 
2622.000000 0.064665 
2623.000000 0.064517 
2624.000000 0.064370 
2625.000000 0.064223 
2626.000000 0.064077 
2627.000000 0.063930 
2628.000000 0.063784 
2629.000000 0.063638 
2630.000000 0.063493 
2631.000000 0.063347 
2632.000000 0.063202 
2633.000000 0.063057 
2634.000000 0.062912 
2635.000000 0.062768 
2636.000000 0.062624 
2637.000000 0.062480 
2638.000000 0.062336 
2639.000000 0.062193 
2640.000000 0.062050 
2641.000000 0.061907 
2642.000000 0.061764 
2643.000000 0.061622 
2644.000000 0.061479 
2645.000000 0.061338 
2646.000000 0.061196 
2647.000000 0.061054 
2648.000000 0.060913 
2649.000000 0.060772 
2650.000000 0.060631 
2651.000000 0.060491 
2652.000000 0.060351 
2653.000000 0.060211 
2654.000000 0.060071 
2655.000000 0.059931 
2656.000000 0.059792 
2657.000000 0.059653 
2658.000000 0.059514 
2659.000000 0.059376 
2660.000000 0.059237 
2661.000000 0.059099 
2662.000000 0.058961 
2663.000000 0.058824 
2664.000000 0.058686 
2665.000000 0.058549 
2666.000000 0.058412 
2667.000000 0.058276 
2668.000000 0.058139 
2669.000000 0.058003 
2670.000000 0.057867 
2671.000000 0.057731 
2672.000000 0.057596 
2673.000000 0.057461 
2674.000000 0.057326 
2675.000000 0.057191 
2676.000000 0.057056 
2677.000000 0.056922 
2678.000000 0.056788 
2679.000000 0.056654 
2680.000000 0.056521 
2681.000000 0.056387 
2682.000000 0.056254 
2683.000000 0.056121 
2684.000000 0.055989 
2685.000000 0.055856 
2686.000000 0.055724 
2687.000000 0.055592 
2688.000000 0.055461 
2689.000000 0.055329 
2690.000000 0.055198 
2691.000000 0.055067 
2692.000000 0.054936 
2693.000000 0.054806 
2694.000000 0.054675 
2695.000000 0.054545 
2696.000000 0.054415 
2697.000000 0.054286 
2698.000000 0.054156 
2699.000000 0.054027 
2700.000000 0.053898 
2701.000000 0.053770 
2702.000000 0.053641 
2703.000000 0.053513 
2704.000000 0.053385 
2705.000000 0.053257 
2706.000000 0.053130 
2707.000000 0.053002 
2708.000000 0.052875 
2709.000000 0.052748 
2710.000000 0.052622 
2711.000000 0.052495 
2712.000000 0.052369 
2713.000000 0.052243 
2714.000000 0.052117 
2715.000000 0.051992 
2716.000000 0.051867 
2717.000000 0.051742 
2718.000000 0.051617 
2719.000000 0.051492 
2720.000000 0.051368 
2721.000000 0.051244 
2722.000000 0.051120 
2723.000000 0.050996 
2724.000000 0.050873 
2725.000000 0.050749 
2726.000000 0.050626 
2727.000000 0.050504 
2728.000000 0.050381 
2729.000000 0.050259 
2730.000000 0.050137 
2731.000000 0.050015 
2732.000000 0.049893 
2733.000000 0.049772 
2734.000000 0.049650 
2735.000000 0.049529 
2736.000000 0.049409 
2737.000000 0.049288 
2738.000000 0.049168 
2739.000000 0.049048 
2740.000000 0.048928 
2741.000000 0.048808 
2742.000000 0.048689 
2743.000000 0.048569 
2744.000000 0.048450 
2745.000000 0.048332 
2746.000000 0.048213 
2747.000000 0.048095 
2748.000000 0.047977 
2749.000000 0.047859 
2750.000000 0.047741 
2751.000000 0.047623 
2752.000000 0.047506 
2753.000000 0.047389 
2754.000000 0.047272 
2755.000000 0.047156 
2756.000000 0.047039 
2757.000000 0.046923 
2758.000000 0.046807 
2759.000000 0.046692 
2760.000000 0.046576 
2761.000000 0.046461 
2762.000000 0.046346 
2763.000000 0.046231 
2764.000000 0.046116 
2765.000000 0.046002 
2766.000000 0.045887 
2767.000000 0.045773 
2768.000000 0.045660 
2769.000000 0.045546 
2770.000000 0.045433 
2771.000000 0.045319 
2772.000000 0.045206 
2773.000000 0.045094 
2774.000000 0.044981 
2775.000000 0.044869 
2776.000000 0.044757 
2777.000000 0.044645 
2778.000000 0.044533 
2779.000000 0.044422 
2780.000000 0.044311 
2781.000000 0.044199 
2782.000000 0.044089 
2783.000000 0.043978 
2784.000000 0.043868 
2785.000000 0.043757 
2786.000000 0.043647 
2787.000000 0.043538 
2788.000000 0.043428 
2789.000000 0.043319 
2790.000000 0.043210 
2791.000000 0.043101 
2792.000000 0.042992 
2793.000000 0.042883 
2794.000000 0.042775 
2795.000000 0.042667 
2796.000000 0.042559 
2797.000000 0.042451 
2798.000000 0.042344 
2799.000000 0.042236 
2800.000000 0.042129 
2801.000000 0.042023 
2802.000000 0.041916 
2803.000000 0.041809 
2804.000000 0.041703 
2805.000000 0.041597 
2806.000000 0.041491 
2807.000000 0.041386 
2808.000000 0.041280 
2809.000000 0.041175 
2810.000000 0.041070 
2811.000000 0.040965 
2812.000000 0.040860 
2813.000000 0.040756 
2814.000000 0.040652 
2815.000000 0.040548 
2816.000000 0.040444 
2817.000000 0.040340 
2818.000000 0.040237 
2819.000000 0.040134 
2820.000000 0.040031 
2821.000000 0.039928 
2822.000000 0.039825 
2823.000000 0.039723 
2824.000000 0.039621 
2825.000000 0.039519 
2826.000000 0.039417 
2827.000000 0.039315 
2828.000000 0.039214 
2829.000000 0.039112 
2830.000000 0.039011 
2831.000000 0.038911 
2832.000000 0.038810 
2833.000000 0.038710 
2834.000000 0.038609 
2835.000000 0.038509 
2836.000000 0.038409 
2837.000000 0.038310 
2838.000000 0.038210 
2839.000000 0.038111 
2840.000000 0.038012 
2841.000000 0.037913 
2842.000000 0.037815 
2843.000000 0.037716 
2844.000000 0.037618 
2845.000000 0.037520 
2846.000000 0.037422 
2847.000000 0.037324 
2848.000000 0.037227 
2849.000000 0.037129 
2850.000000 0.037032 
2851.000000 0.036935 
2852.000000 0.036839 
2853.000000 0.036742 
2854.000000 0.036646 
2855.000000 0.036550 
2856.000000 0.036454 
2857.000000 0.036358 
2858.000000 0.036262 
2859.000000 0.036167 
2860.000000 0.036072 
2861.000000 0.035977 
2862.000000 0.035882 
2863.000000 0.035788 
2864.000000 0.035693 
2865.000000 0.035599 
2866.000000 0.035505 
2867.000000 0.035411 
2868.000000 0.035317 
2869.000000 0.035224 
2870.000000 0.035131 
2871.000000 0.035038 
2872.000000 0.034945 
2873.000000 0.034852 
2874.000000 0.034759 
2875.000000 0.034667 
2876.000000 0.034575 
2877.000000 0.034483 
2878.000000 0.034391 
2879.000000 0.034300 
2880.000000 0.034208 
2881.000000 0.034117 
2882.000000 0.034026 
2883.000000 0.033935 
2884.000000 0.033844 
2885.000000 0.033754 
2886.000000 0.033664 
2887.000000 0.033573 
2888.000000 0.033484 
2889.000000 0.033394 
2890.000000 0.033304 
2891.000000 0.033215 
2892.000000 0.033126 
2893.000000 0.033037 
2894.000000 0.032948 
2895.000000 0.032859 
2896.000000 0.032771 
2897.000000 0.032682 
2898.000000 0.032594 
2899.000000 0.032506 
2900.000000 0.032419 
2901.000000 0.032331 
2902.000000 0.032244 
2903.000000 0.032157 
2904.000000 0.032070 
2905.000000 0.031983 
2906.000000 0.031896 
2907.000000 0.031810 
2908.000000 0.031723 
2909.000000 0.031637 
2910.000000 0.031551 
2911.000000 0.031465 
2912.000000 0.031380 
2913.000000 0.031295 
2914.000000 0.031209 
2915.000000 0.031124 
2916.000000 0.031039 
2917.000000 0.030955 
2918.000000 0.030870 
2919.000000 0.030786 
2920.000000 0.030702 
2921.000000 0.030618 
2922.000000 0.030534 
2923.000000 0.030450 
2924.000000 0.030367 
2925.000000 0.030284 
2926.000000 0.030200 
2927.000000 0.030118 
2928.000000 0.030035 
2929.000000 0.029952 
2930.000000 0.029870 
2931.000000 0.029788 
2932.000000 0.029706 
2933.000000 0.029624 
2934.000000 0.029542 
2935.000000 0.029460 
2936.000000 0.029379 
2937.000000 0.029298 
2938.000000 0.029217 
2939.000000 0.029136 
2940.000000 0.029055 
2941.000000 0.028975 
2942.000000 0.028894 
2943.000000 0.028814 
2944.000000 0.028734 
2945.000000 0.028655 
2946.000000 0.028575 
2947.000000 0.028495 
2948.000000 0.028416 
2949.000000 0.028337 
2950.000000 0.028258 
2951.000000 0.028179 
2952.000000 0.028101 
2953.000000 0.028022 
2954.000000 0.027944 
2955.000000 0.027866 
2956.000000 0.027788 
2957.000000 0.027710 
2958.000000 0.027632 
2959.000000 0.027555 
2960.000000 0.027478 
2961.000000 0.027400 
2962.000000 0.027324 
2963.000000 0.027247 
2964.000000 0.027170 
2965.000000 0.027094 
2966.000000 0.027017 
2967.000000 0.026941 
2968.000000 0.026865 
2969.000000 0.026790 
2970.000000 0.026714 
2971.000000 0.026638 
2972.000000 0.026563 
2973.000000 0.026488 
2974.000000 0.026413 
2975.000000 0.026338 
2976.000000 0.026264 
2977.000000 0.026189 
2978.000000 0.026115 
2979.000000 0.026041 
2980.000000 0.025967 
2981.000000 0.025893 
2982.000000 0.025819 
2983.000000 0.025746 
2984.000000 0.025672 
2985.000000 0.025599 
2986.000000 0.025526 
2987.000000 0.025453 
2988.000000 0.025381 
2989.000000 0.025308 
2990.000000 0.025236 
2991.000000 0.025163 
2992.000000 0.025091 
2993.000000 0.025019 
2994.000000 0.024948 
2995.000000 0.024876 
2996.000000 0.024805 
2997.000000 0.024733 
2998.000000 0.024662 
2999.000000 0.024591 
3000.000000 0.024521 
3001.000000 0.024450 
3002.000000 0.024379 
3003.000000 0.024309 
3004.000000 0.024239 
3005.000000 0.024169 
3006.000000 0.024099 
3007.000000 0.024029 
3008.000000 0.023960 
3009.000000 0.023890 
3010.000000 0.023821 
3011.000000 0.023752 
3012.000000 0.023683 
3013.000000 0.023614 
3014.000000 0.023546 
3015.000000 0.023477 
3016.000000 0.023409 
3017.000000 0.023341 
3018.000000 0.023273 
3019.000000 0.023205 
3020.000000 0.023137 
3021.000000 0.023070 
3022.000000 0.023002 
3023.000000 0.022935 
3024.000000 0.022868 
3025.000000 0.022801 
3026.000000 0.022734 
3027.000000 0.022668 
3028.000000 0.022601 
3029.000000 0.022535 
3030.000000 0.022469 
3031.000000 0.022403 
3032.000000 0.022337 
3033.000000 0.022271 
3034.000000 0.022206 
3035.000000 0.022140 
3036.000000 0.022075 
3037.000000 0.022010 
3038.000000 0.021945 
3039.000000 0.021880 
3040.000000 0.021815 
3041.000000 0.021751 
3042.000000 0.021686 
3043.000000 0.021622 
3044.000000 0.021558 
3045.000000 0.021494 
3046.000000 0.021430 
3047.000000 0.021366 
3048.000000 0.021303 
3049.000000 0.021240 
3050.000000 0.021176 
3051.000000 0.021113 
3052.000000 0.021050 
3053.000000 0.020988 
3054.000000 0.020925 
3055.000000 0.020862 
3056.000000 0.020800 
3057.000000 0.020738 
3058.000000 0.020676 
3059.000000 0.020614 
3060.000000 0.020552 
3061.000000 0.020490 
3062.000000 0.020429 
3063.000000 0.020368 
3064.000000 0.020306 
3065.000000 0.020245 
3066.000000 0.020184 
3067.000000 0.020124 
3068.000000 0.020063 
3069.000000 0.020002 
3070.000000 0.019942 
3071.000000 0.019882 
3072.000000 0.019822 
3073.000000 0.019762 
3074.000000 0.019702 
3075.000000 0.019642 
3076.000000 0.019583 
3077.000000 0.019523 
3078.000000 0.019464 
3079.000000 0.019405 
3080.000000 0.019346 
3081.000000 0.019287 
3082.000000 0.019228 
3083.000000 0.019170 
3084.000000 0.019111 
3085.000000 0.019053 
3086.000000 0.018995 
3087.000000 0.018937 
3088.000000 0.018879 
3089.000000 0.018821 
3090.000000 0.018764 
3091.000000 0.018706 
3092.000000 0.018649 
3093.000000 0.018592 
3094.000000 0.018535 
3095.000000 0.018478 
3096.000000 0.018421 
3097.000000 0.018364 
3098.000000 0.018308 
3099.000000 0.018251 
3100.000000 0.018195 
3101.000000 0.018139 
3102.000000 0.018083 
3103.000000 0.018027 
3104.000000 0.017972 
3105.000000 0.017916 
3106.000000 0.017861 
3107.000000 0.017805 
3108.000000 0.017750 
3109.000000 0.017695 
3110.000000 0.017640 
3111.000000 0.017585 
3112.000000 0.017531 
3113.000000 0.017476 
3114.000000 0.017422 
3115.000000 0.017367 
3116.000000 0.017313 
3117.000000 0.017259 
3118.000000 0.017205 
3119.000000 0.017152 
3120.000000 0.017098 
3121.000000 0.017044 
3122.000000 0.016991 
3123.000000 0.016938 
3124.000000 0.016885 
3125.000000 0.016832 
3126.000000 0.016779 
3127.000000 0.016726 
3128.000000 0.016674 
3129.000000 0.016621 
3130.000000 0.016569 
3131.000000 0.016517 
3132.000000 0.016465 
3133.000000 0.016413 
3134.000000 0.016361 
3135.000000 0.016309 
3136.000000 0.016257 
3137.000000 0.016206 
3138.000000 0.016155 
3139.000000 0.016104 
3140.000000 0.016052 
3141.000000 0.016001 
3142.000000 0.015951 
3143.000000 0.015900 
3144.000000 0.015849 
3145.000000 0.015799 
3146.000000 0.015749 
3147.000000 0.015698 
3148.000000 0.015648 
3149.000000 0.015598 
3150.000000 0.015549 
3151.000000 0.015499 
3152.000000 0.015449 
3153.000000 0.015400 
3154.000000 0.015350 
3155.000000 0.015301 
3156.000000 0.015252 
3157.000000 0.015203 
3158.000000 0.015154 
3159.000000 0.015106 
3160.000000 0.015057 
3161.000000 0.015008 
3162.000000 0.014960 
3163.000000 0.014912 
3164.000000 0.014864 
3165.000000 0.014816 
3166.000000 0.014768 
3167.000000 0.014720 
3168.000000 0.014672 
3169.000000 0.014625 
3170.000000 0.014577 
3171.000000 0.014530 
3172.000000 0.014483 
3173.000000 0.014436 
3174.000000 0.014389 
3175.000000 0.014342 
3176.000000 0.014296 
3177.000000 0.014249 
3178.000000 0.014202 
3179.000000 0.014156 
3180.000000 0.014110 
3181.000000 0.014064 
3182.000000 0.014018 
3183.000000 0.013972 
3184.000000 0.013926 
3185.000000 0.013880 
3186.000000 0.013835 
3187.000000 0.013790 
3188.000000 0.013744 
3189.000000 0.013699 
3190.000000 0.013654 
3191.000000 0.013609 
3192.000000 0.013564 
3193.000000 0.013519 
3194.000000 0.013475 
3195.000000 0.013430 
3196.000000 0.013386 
3197.000000 0.013342 
3198.000000 0.013298 
3199.000000 0.013253 
3200.000000 0.013210 
3201.000000 0.013166 
3202.000000 0.013122 
3203.000000 0.013078 
3204.000000 0.013035 
3205.000000 0.012992 
3206.000000 0.012948 
3207.000000 0.012905 
3208.000000 0.012862 
3209.000000 0.012819 
3210.000000 0.012776 
3211.000000 0.012734 
3212.000000 0.012691 
3213.000000 0.012649 
3214.000000 0.012606 
3215.000000 0.012564 
3216.000000 0.012522 
3217.000000 0.012480 
3218.000000 0.012438 
3219.000000 0.012396 
3220.000000 0.012354 
3221.000000 0.012313 
3222.000000 0.012271 
3223.000000 0.012230 
3224.000000 0.012189 
3225.000000 0.012147 
3226.000000 0.012106 
3227.000000 0.012065 
3228.000000 0.012025 
3229.000000 0.011984 
3230.000000 0.011943 
3231.000000 0.011903 
3232.000000 0.011862 
3233.000000 0.011822 
3234.000000 0.011782 
3235.000000 0.011742 
3236.000000 0.011702 
3237.000000 0.011662 
3238.000000 0.011622 
3239.000000 0.011582 
3240.000000 0.011543 
3241.000000 0.011503 
3242.000000 0.011464 
3243.000000 0.011424 
3244.000000 0.011385 
3245.000000 0.011346 
3246.000000 0.011307 
3247.000000 0.011268 
3248.000000 0.011230 
3249.000000 0.011191 
3250.000000 0.011152 
3251.000000 0.011114 
3252.000000 0.011076 
3253.000000 0.011037 
3254.000000 0.010999 
3255.000000 0.010961 
3256.000000 0.010923 
3257.000000 0.010886 
3258.000000 0.010848 
3259.000000 0.010810 
3260.000000 0.010773 
3261.000000 0.010735 
3262.000000 0.010698 
3263.000000 0.010661 
3264.000000 0.010623 
3265.000000 0.010586 
3266.000000 0.010550 
3267.000000 0.010513 
3268.000000 0.010476 
3269.000000 0.010439 
3270.000000 0.010403 
3271.000000 0.010366 
3272.000000 0.010330 
3273.000000 0.010294 
3274.000000 0.010258 
3275.000000 0.010222 
3276.000000 0.010186 
3277.000000 0.010150 
3278.000000 0.010114 
3279.000000 0.010078 
3280.000000 0.010043 
3281.000000 0.010007 
3282.000000 0.009972 
3283.000000 0.009937 
3284.000000 0.009902 
3285.000000 0.009867 
3286.000000 0.009832 
3287.000000 0.009797 
3288.000000 0.009762 
3289.000000 0.009727 
3290.000000 0.009693 
3291.000000 0.009658 
3292.000000 0.009624 
3293.000000 0.009589 
3294.000000 0.009555 
3295.000000 0.009521 
3296.000000 0.009487 
3297.000000 0.009453 
3298.000000 0.009419 
3299.000000 0.009385 
3300.000000 0.009352 
3301.000000 0.009318 
3302.000000 0.009285 
3303.000000 0.009251 
3304.000000 0.009218 
3305.000000 0.009185 
3306.000000 0.009152 
3307.000000 0.009119 
3308.000000 0.009086 
3309.000000 0.009053 
3310.000000 0.009020 
3311.000000 0.008987 
3312.000000 0.008955 
3313.000000 0.008922 
3314.000000 0.008890 
3315.000000 0.008858 
3316.000000 0.008826 
3317.000000 0.008793 
3318.000000 0.008761 
3319.000000 0.008729 
3320.000000 0.008698 
3321.000000 0.008666 
3322.000000 0.008634 
3323.000000 0.008603 
3324.000000 0.008571 
3325.000000 0.008540 
3326.000000 0.008508 
3327.000000 0.008477 
3328.000000 0.008446 
3329.000000 0.008415 
3330.000000 0.008384 
3331.000000 0.008353 
3332.000000 0.008322 
3333.000000 0.008292 
3334.000000 0.008261 
3335.000000 0.008231 
3336.000000 0.008200 
3337.000000 0.008170 
3338.000000 0.008140 
3339.000000 0.008109 
3340.000000 0.008079 
3341.000000 0.008049 
3342.000000 0.008019 
3343.000000 0.007989 
3344.000000 0.007960 
3345.000000 0.007930 
3346.000000 0.007900 
3347.000000 0.007871 
3348.000000 0.007842 
3349.000000 0.007812 
3350.000000 0.007783 
3351.000000 0.007754 
3352.000000 0.007725 
3353.000000 0.007696 
3354.000000 0.007667 
3355.000000 0.007638 
3356.000000 0.007609 
3357.000000 0.007581 
3358.000000 0.007552 
3359.000000 0.007523 
3360.000000 0.007495 
3361.000000 0.007467 
3362.000000 0.007438 
3363.000000 0.007410 
3364.000000 0.007382 
3365.000000 0.007354 
3366.000000 0.007326 
3367.000000 0.007298 
3368.000000 0.007271 
3369.000000 0.007243 
3370.000000 0.007215 
3371.000000 0.007188 
3372.000000 0.007160 
3373.000000 0.007133 
3374.000000 0.007106 
3375.000000 0.007079 
3376.000000 0.007051 
3377.000000 0.007024 
3378.000000 0.006997 
3379.000000 0.006971 
3380.000000 0.006944 
3381.000000 0.006917 
3382.000000 0.006890 
3383.000000 0.006864 
3384.000000 0.006837 
3385.000000 0.006811 
3386.000000 0.006785 
3387.000000 0.006758 
3388.000000 0.006732 
3389.000000 0.006706 
3390.000000 0.006680 
3391.000000 0.006654 
3392.000000 0.006628 
3393.000000 0.006602 
3394.000000 0.006577 
3395.000000 0.006551 
3396.000000 0.006525 
3397.000000 0.006500 
3398.000000 0.006475 
3399.000000 0.006449 
3400.000000 0.006424 
3401.000000 0.006399 
3402.000000 0.006374 
3403.000000 0.006349 
3404.000000 0.006324 
3405.000000 0.006299 
3406.000000 0.006274 
3407.000000 0.006249 
3408.000000 0.006225 
3409.000000 0.006200 
3410.000000 0.006176 
3411.000000 0.006151 
3412.000000 0.006127 
3413.000000 0.006103 
3414.000000 0.006078 
3415.000000 0.006054 
3416.000000 0.006030 
3417.000000 0.006006 
3418.000000 0.005982 
3419.000000 0.005958 
3420.000000 0.005935 
3421.000000 0.005911 
3422.000000 0.005887 
3423.000000 0.005864 
3424.000000 0.005840 
3425.000000 0.005817 
3426.000000 0.005794 
3427.000000 0.005770 
3428.000000 0.005747 
3429.000000 0.005724 
3430.000000 0.005701 
3431.000000 0.005678 
3432.000000 0.005655 
3433.000000 0.005632 
3434.000000 0.005609 
3435.000000 0.005587 
3436.000000 0.005564 
3437.000000 0.005542 
3438.000000 0.005519 
3439.000000 0.005497 
3440.000000 0.005474 
3441.000000 0.005452 
3442.000000 0.005430 
3443.000000 0.005408 
3444.000000 0.005386 
3445.000000 0.005364 
3446.000000 0.005342 
3447.000000 0.005320 
3448.000000 0.005298 
3449.000000 0.005276 
3450.000000 0.005255 
3451.000000 0.005233 
3452.000000 0.005212 
3453.000000 0.005190 
3454.000000 0.005169 
3455.000000 0.005147 
3456.000000 0.005126 
3457.000000 0.005105 
3458.000000 0.005084 
3459.000000 0.005063 
3460.000000 0.005042 
3461.000000 0.005021 
3462.000000 0.005000 
3463.000000 0.004979 
3464.000000 0.004959 
3465.000000 0.004938 
3466.000000 0.004917 
3467.000000 0.004897 
3468.000000 0.004876 
3469.000000 0.004856 
3470.000000 0.004836 
3471.000000 0.004816 
3472.000000 0.004795 
3473.000000 0.004775 
3474.000000 0.004755 
3475.000000 0.004735 
3476.000000 0.004715 
3477.000000 0.004695 
3478.000000 0.004676 
3479.000000 0.004656 
3480.000000 0.004636 
3481.000000 0.004616 
3482.000000 0.004597 
3483.000000 0.004577 
3484.000000 0.004558 
3485.000000 0.004539 
3486.000000 0.004519 
3487.000000 0.004500 
3488.000000 0.004481 
3489.000000 0.004462 
3490.000000 0.004443 
3491.000000 0.004424 
3492.000000 0.004405 
3493.000000 0.004386 
3494.000000 0.004367 
3495.000000 0.004349 
3496.000000 0.004330 
3497.000000 0.004311 
3498.000000 0.004293 
3499.000000 0.004274 
3500.000000 0.004256 
3501.000000 0.004237 
3502.000000 0.004219 
3503.000000 0.004201 
3504.000000 0.004183 
3505.000000 0.004164 
3506.000000 0.004146 
3507.000000 0.004128 
3508.000000 0.004110 
3509.000000 0.004093 
3510.000000 0.004075 
3511.000000 0.004057 
3512.000000 0.004039 
3513.000000 0.004022 
3514.000000 0.004004 
3515.000000 0.003986 
3516.000000 0.003969 
3517.000000 0.003952 
3518.000000 0.003934 
3519.000000 0.003917 
3520.000000 0.003900 
3521.000000 0.003882 
3522.000000 0.003865 
3523.000000 0.003848 
3524.000000 0.003831 
3525.000000 0.003814 
3526.000000 0.003797 
3527.000000 0.003781 
3528.000000 0.003764 
3529.000000 0.003747 
3530.000000 0.003730 
3531.000000 0.003714 
3532.000000 0.003697 
3533.000000 0.003681 
3534.000000 0.003664 
3535.000000 0.003648 
3536.000000 0.003631 
3537.000000 0.003615 
3538.000000 0.003599 
3539.000000 0.003583 
3540.000000 0.003567 
3541.000000 0.003551 
3542.000000 0.003535 
3543.000000 0.003519 
3544.000000 0.003503 
3545.000000 0.003487 
3546.000000 0.003471 
3547.000000 0.003455 
3548.000000 0.003440 
3549.000000 0.003424 
3550.000000 0.003409 
3551.000000 0.003393 
3552.000000 0.003378 
3553.000000 0.003362 
3554.000000 0.003347 
3555.000000 0.003332 
3556.000000 0.003316 
3557.000000 0.003301 
3558.000000 0.003286 
3559.000000 0.003271 
3560.000000 0.003256 
3561.000000 0.003241 
3562.000000 0.003226 
3563.000000 0.003211 
3564.000000 0.003196 
3565.000000 0.003181 
3566.000000 0.003167 
3567.000000 0.003152 
3568.000000 0.003137 
3569.000000 0.003123 
3570.000000 0.003108 
3571.000000 0.003094 
3572.000000 0.003079 
3573.000000 0.003065 
3574.000000 0.003051 
3575.000000 0.003037 
3576.000000 0.003022 
3577.000000 0.003008 
3578.000000 0.002994 
3579.000000 0.002980 
3580.000000 0.002966 
3581.000000 0.002952 
3582.000000 0.002938 
3583.000000 0.002924 
3584.000000 0.002910 
3585.000000 0.002897 
3586.000000 0.002883 
3587.000000 0.002869 
3588.000000 0.002856 
3589.000000 0.002842 
3590.000000 0.002829 
3591.000000 0.002815 
3592.000000 0.002802 
3593.000000 0.002788 
3594.000000 0.002775 
3595.000000 0.002762 
3596.000000 0.002749 
3597.000000 0.002735 
3598.000000 0.002722 
3599.000000 0.002709 
3600.000000 0.002696 
3601.000000 0.002683 
3602.000000 0.002670 
3603.000000 0.002657 
3604.000000 0.002645 
3605.000000 0.002632 
3606.000000 0.002619 
3607.000000 0.002606 
3608.000000 0.002594 
3609.000000 0.002581 
3610.000000 0.002569 
3611.000000 0.002556 
3612.000000 0.002544 
3613.000000 0.002531 
3614.000000 0.002519 
3615.000000 0.002506 
3616.000000 0.002494 
3617.000000 0.002482 
3618.000000 0.002470 
3619.000000 0.002458 
3620.000000 0.002446 
3621.000000 0.002433 
3622.000000 0.002421 
3623.000000 0.002410 
3624.000000 0.002398 
3625.000000 0.002386 
3626.000000 0.002374 
3627.000000 0.002362 
3628.000000 0.002350 
3629.000000 0.002339 
3630.000000 0.002327 
3631.000000 0.002315 
3632.000000 0.002304 
3633.000000 0.002292 
3634.000000 0.002281 
3635.000000 0.002269 
3636.000000 0.002258 
3637.000000 0.002247 
3638.000000 0.002235 
3639.000000 0.002224 
3640.000000 0.002213 
3641.000000 0.002202 
3642.000000 0.002191 
3643.000000 0.002180 
3644.000000 0.002169 
3645.000000 0.002158 
3646.000000 0.002147 
3647.000000 0.002136 
3648.000000 0.002125 
3649.000000 0.002114 
3650.000000 0.002103 
3651.000000 0.002092 
3652.000000 0.002082 
3653.000000 0.002071 
3654.000000 0.002061 
3655.000000 0.002050 
3656.000000 0.002039 
3657.000000 0.002029 
3658.000000 0.002018 
3659.000000 0.002008 
3660.000000 0.001998 
3661.000000 0.001987 
3662.000000 0.001977 
3663.000000 0.001967 
3664.000000 0.001957 
3665.000000 0.001946 
3666.000000 0.001936 
3667.000000 0.001926 
3668.000000 0.001916 
3669.000000 0.001906 
3670.000000 0.001896 
3671.000000 0.001886 
3672.000000 0.001876 
3673.000000 0.001867 
3674.000000 0.001857 
3675.000000 0.001847 
3676.000000 0.001837 
3677.000000 0.001828 
3678.000000 0.001818 
3679.000000 0.001808 
3680.000000 0.001799 
3681.000000 0.001789 
3682.000000 0.001780 
3683.000000 0.001770 
3684.000000 0.001761 
3685.000000 0.001751 
3686.000000 0.001742 
3687.000000 0.001733 
3688.000000 0.001723 
3689.000000 0.001714 
3690.000000 0.001705 
3691.000000 0.001696 
3692.000000 0.001687 
3693.000000 0.001678 
3694.000000 0.001669 
3695.000000 0.001660 
3696.000000 0.001651 
3697.000000 0.001642 
3698.000000 0.001633 
3699.000000 0.001624 
3700.000000 0.001615 
3701.000000 0.001606 
3702.000000 0.001598 
3703.000000 0.001589 
3704.000000 0.001580 
3705.000000 0.001571 
3706.000000 0.001563 
3707.000000 0.001554 
3708.000000 0.001546 
3709.000000 0.001537 
3710.000000 0.001529 
3711.000000 0.001520 
3712.000000 0.001512 
3713.000000 0.001504 
3714.000000 0.001495 
3715.000000 0.001487 
3716.000000 0.001479 
3717.000000 0.001470 
3718.000000 0.001462 
3719.000000 0.001454 
3720.000000 0.001446 
3721.000000 0.001438 
3722.000000 0.001430 
3723.000000 0.001422 
3724.000000 0.001414 
3725.000000 0.001406 
3726.000000 0.001398 
3727.000000 0.001390 
3728.000000 0.001382 
3729.000000 0.001374 
3730.000000 0.001367 
3731.000000 0.001359 
3732.000000 0.001351 
3733.000000 0.001344 
3734.000000 0.001336 
3735.000000 0.001328 
3736.000000 0.001321 
3737.000000 0.001313 
3738.000000 0.001306 
3739.000000 0.001298 
3740.000000 0.001291 
3741.000000 0.001283 
3742.000000 0.001276 
3743.000000 0.001269 
3744.000000 0.001261 
3745.000000 0.001254 
3746.000000 0.001247 
3747.000000 0.001239 
3748.000000 0.001232 
3749.000000 0.001225 
3750.000000 0.001218 
3751.000000 0.001211 
3752.000000 0.001204 
3753.000000 0.001197 
3754.000000 0.001190 
3755.000000 0.001183 
3756.000000 0.001176 
3757.000000 0.001169 
3758.000000 0.001162 
3759.000000 0.001155 
3760.000000 0.001148 
3761.000000 0.001142 
3762.000000 0.001135 
3763.000000 0.001128 
3764.000000 0.001121 
3765.000000 0.001115 
3766.000000 0.001108 
3767.000000 0.001101 
3768.000000 0.001095 
3769.000000 0.001088 
3770.000000 0.001082 
3771.000000 0.001075 
3772.000000 0.001069 
3773.000000 0.001062 
3774.000000 0.001056 
3775.000000 0.001050 
3776.000000 0.001043 
3777.000000 0.001037 
3778.000000 0.001031 
3779.000000 0.001024 
3780.000000 0.001018 
3781.000000 0.001012 
3782.000000 0.001006 
3783.000000 0.001000 
3784.000000 0.000994 
3785.000000 0.000988 
3786.000000 0.000981 
3787.000000 0.000975 
3788.000000 0.000969 
3789.000000 0.000963 
3790.000000 0.000958 
3791.000000 0.000952 
3792.000000 0.000946 
3793.000000 0.000940 
3794.000000 0.000934 
3795.000000 0.000928 
3796.000000 0.000922 
3797.000000 0.000917 
3798.000000 0.000911 
3799.000000 0.000905 
3800.000000 0.000900 
3801.000000 0.000894 
3802.000000 0.000888 
3803.000000 0.000883 
3804.000000 0.000877 
3805.000000 0.000872 
3806.000000 0.000866 
3807.000000 0.000861 
3808.000000 0.000855 
3809.000000 0.000850 
3810.000000 0.000844 
3811.000000 0.000839 
3812.000000 0.000834 
3813.000000 0.000828 
3814.000000 0.000823 
3815.000000 0.000818 
3816.000000 0.000813 
3817.000000 0.000807 
3818.000000 0.000802 
3819.000000 0.000797 
3820.000000 0.000792 
3821.000000 0.000787 
3822.000000 0.000782 
3823.000000 0.000777 
3824.000000 0.000772 
3825.000000 0.000767 
3826.000000 0.000762 
3827.000000 0.000757 
3828.000000 0.000752 
3829.000000 0.000747 
3830.000000 0.000742 
3831.000000 0.000737 
3832.000000 0.000732 
3833.000000 0.000727 
3834.000000 0.000723 
3835.000000 0.000718 
3836.000000 0.000713 
3837.000000 0.000708 
3838.000000 0.000704 
3839.000000 0.000699 
3840.000000 0.000694 
3841.000000 0.000690 
3842.000000 0.000685 
3843.000000 0.000681 
3844.000000 0.000676 
3845.000000 0.000672 
3846.000000 0.000667 
3847.000000 0.000663 
3848.000000 0.000658 
3849.000000 0.000654 
3850.000000 0.000649 
3851.000000 0.000645 
3852.000000 0.000641 
3853.000000 0.000636 
3854.000000 0.000632 
3855.000000 0.000628 
3856.000000 0.000623 
3857.000000 0.000619 
3858.000000 0.000615 
3859.000000 0.000611 
3860.000000 0.000607 
3861.000000 0.000603 
3862.000000 0.000598 
3863.000000 0.000594 
3864.000000 0.000590 
3865.000000 0.000586 
3866.000000 0.000582 
3867.000000 0.000578 
3868.000000 0.000574 
3869.000000 0.000570 
3870.000000 0.000566 
3871.000000 0.000562 
3872.000000 0.000558 
3873.000000 0.000554 
3874.000000 0.000551 
3875.000000 0.000547 
3876.000000 0.000543 
3877.000000 0.000539 
3878.000000 0.000535 
3879.000000 0.000532 
3880.000000 0.000528 
3881.000000 0.000524 
3882.000000 0.000520 
3883.000000 0.000517 
3884.000000 0.000513 
3885.000000 0.000510 
3886.000000 0.000506 
3887.000000 0.000502 
3888.000000 0.000499 
3889.000000 0.000495 
3890.000000 0.000492 
3891.000000 0.000488 
3892.000000 0.000485 
3893.000000 0.000481 
3894.000000 0.000478 
3895.000000 0.000474 
3896.000000 0.000471 
3897.000000 0.000468 
3898.000000 0.000464 
3899.000000 0.000461 
3900.000000 0.000458 
3901.000000 0.000454 
3902.000000 0.000451 
3903.000000 0.000448 
3904.000000 0.000445 
3905.000000 0.000441 
3906.000000 0.000438 
3907.000000 0.000435 
3908.000000 0.000432 
3909.000000 0.000429 
3910.000000 0.000425 
3911.000000 0.000422 
3912.000000 0.000419 
3913.000000 0.000416 
3914.000000 0.000413 
3915.000000 0.000410 
3916.000000 0.000407 
3917.000000 0.000404 
3918.000000 0.000401 
3919.000000 0.000398 
3920.000000 0.000395 
3921.000000 0.000392 
3922.000000 0.000389 
3923.000000 0.000387 
3924.000000 0.000384 
3925.000000 0.000381 
3926.000000 0.000378 
3927.000000 0.000375 
3928.000000 0.000372 
3929.000000 0.000370 
3930.000000 0.000367 
3931.000000 0.000364 
3932.000000 0.000361 
3933.000000 0.000359 
3934.000000 0.000356 
3935.000000 0.000353 
3936.000000 0.000351 
3937.000000 0.000348 
3938.000000 0.000346 
3939.000000 0.000343 
3940.000000 0.000340 
3941.000000 0.000338 
3942.000000 0.000335 
3943.000000 0.000333 
3944.000000 0.000330 
3945.000000 0.000328 
3946.000000 0.000325 
3947.000000 0.000323 
3948.000000 0.000320 
3949.000000 0.000318 
3950.000000 0.000316 
3951.000000 0.000313 
3952.000000 0.000311 
3953.000000 0.000309 
3954.000000 0.000306 
3955.000000 0.000304 
3956.000000 0.000302 
3957.000000 0.000299 
3958.000000 0.000297 
3959.000000 0.000295 
3960.000000 0.000293 
3961.000000 0.000290 
3962.000000 0.000288 
3963.000000 0.000286 
3964.000000 0.000284 
3965.000000 0.000282 
3966.000000 0.000280 
3967.000000 0.000278 
3968.000000 0.000276 
3969.000000 0.000273 
3970.000000 0.000271 
3971.000000 0.000269 
3972.000000 0.000267 
3973.000000 0.000265 
3974.000000 0.000263 
3975.000000 0.000261 
3976.000000 0.000259 
3977.000000 0.000257 
3978.000000 0.000256 
3979.000000 0.000254 
3980.000000 0.000252 
3981.000000 0.000250 
3982.000000 0.000248 
3983.000000 0.000246 
3984.000000 0.000244 
3985.000000 0.000243 
3986.000000 0.000241 
3987.000000 0.000239 
3988.000000 0.000237 
3989.000000 0.000235 
3990.000000 0.000234 
3991.000000 0.000232 
3992.000000 0.000230 
3993.000000 0.000229 
3994.000000 0.000227 
3995.000000 0.000225 
3996.000000 0.000224 
3997.000000 0.000222 
3998.000000 0.000221 
3999.000000 0.000219 
4000.000000 0.000217 
