0.000000 1.000000 
1.000000 1.000000 
2.000000 0.999997 
3.000000 0.999994 
4.000000 0.999990 
5.000000 0.999985 
6.000000 0.999979 
7.000000 0.999972 
8.000000 0.999964 
9.000000 0.999954 
10.000000 0.999944 
11.000000 0.999933 
12.000000 0.999921 
13.000000 0.999908 
14.000000 0.999894 
15.000000 0.999878 
16.000000 0.999862 
17.000000 0.999845 
18.000000 0.999827 
19.000000 0.999808 
20.000000 0.999787 
21.000000 0.999766 
22.000000 0.999744 
23.000000 0.999721 
24.000000 0.999696 
25.000000 0.999671 
26.000000 0.999645 
27.000000 0.999618 
28.000000 0.999590 
29.000000 0.999560 
30.000000 0.999530 
31.000000 0.999499 
32.000000 0.999467 
33.000000 0.999434 
34.000000 0.999400 
35.000000 0.999364 
36.000000 0.999328 
37.000000 0.999291 
38.000000 0.999253 
39.000000 0.999214 
40.000000 0.999174 
41.000000 0.999133 
42.000000 0.999091 
43.000000 0.999048 
44.000000 0.999004 
45.000000 0.998959 
46.000000 0.998913 
47.000000 0.998866 
48.000000 0.998818 
49.000000 0.998769 
50.000000 0.998719 
51.000000 0.998669 
52.000000 0.998617 
53.000000 0.998564 
54.000000 0.998511 
55.000000 0.998456 
56.000000 0.998401 
57.000000 0.998344 
58.000000 0.998287 
59.000000 0.998228 
60.000000 0.998169 
61.000000 0.998109 
62.000000 0.998048 
63.000000 0.997985 
64.000000 0.997922 
65.000000 0.997858 
66.000000 0.997794 
67.000000 0.997728 
68.000000 0.997661 
69.000000 0.997593 
70.000000 0.997525 
71.000000 0.997455 
72.000000 0.997385 
73.000000 0.997313 
74.000000 0.997241 
75.000000 0.997168 
76.000000 0.997094 
77.000000 0.997019 
78.000000 0.996943 
79.000000 0.996866 
80.000000 0.996788 
81.000000 0.996710 
82.000000 0.996630 
83.000000 0.996550 
84.000000 0.996469 
85.000000 0.996387 
86.000000 0.996303 
87.000000 0.996220 
88.000000 0.996135 
89.000000 0.996049 
90.000000 0.995962 
91.000000 0.995875 
92.000000 0.995787 
93.000000 0.995697 
94.000000 0.995607 
95.000000 0.995517 
96.000000 0.995425 
97.000000 0.995332 
98.000000 0.995239 
99.000000 0.995144 
100.000000 0.995049 
101.000000 0.994953 
102.000000 0.994856 
103.000000 0.994759 
104.000000 0.994660 
105.000000 0.994561 
106.000000 0.994460 
107.000000 0.994359 
108.000000 0.994257 
109.000000 0.994155 
110.000000 0.994051 
111.000000 0.993947 
112.000000 0.993841 
113.000000 0.993735 
114.000000 0.993628 
115.000000 0.993521 
116.000000 0.993412 
117.000000 0.993303 
118.000000 0.993193 
119.000000 0.993082 
120.000000 0.992970 
121.000000 0.992857 
122.000000 0.992744 
123.000000 0.992630 
124.000000 0.992515 
125.000000 0.992399 
126.000000 0.992282 
127.000000 0.992165 
128.000000 0.992046 
129.000000 0.991928 
130.000000 0.991808 
131.000000 0.991687 
132.000000 0.991566 
133.000000 0.991444 
134.000000 0.991321 
135.000000 0.991197 
136.000000 0.991072 
137.000000 0.990947 
138.000000 0.990821 
139.000000 0.990694 
140.000000 0.990566 
141.000000 0.990438 
142.000000 0.990308 
143.000000 0.990178 
144.000000 0.990048 
145.000000 0.989916 
146.000000 0.989784 
147.000000 0.989650 
148.000000 0.989517 
149.000000 0.989382 
150.000000 0.989247 
151.000000 0.989110 
152.000000 0.988973 
153.000000 0.988836 
154.000000 0.988697 
155.000000 0.988558 
156.000000 0.988418 
157.000000 0.988277 
158.000000 0.988135 
159.000000 0.987993 
160.000000 0.987850 
161.000000 0.987706 
162.000000 0.987562 
163.000000 0.987416 
164.000000 0.987270 
165.000000 0.987123 
166.000000 0.986976 
167.000000 0.986827 
168.000000 0.986678 
169.000000 0.986528 
170.000000 0.986378 
171.000000 0.986226 
172.000000 0.986074 
173.000000 0.985921 
174.000000 0.985767 
175.000000 0.985613 
176.000000 0.985458 
177.000000 0.985302 
178.000000 0.985145 
179.000000 0.984988 
180.000000 0.984830 
181.000000 0.984671 
182.000000 0.984511 
183.000000 0.984351 
184.000000 0.984190 
185.000000 0.984028 
186.000000 0.983865 
187.000000 0.983701 
188.000000 0.983537 
189.000000 0.983372 
190.000000 0.983207 
191.000000 0.983040 
192.000000 0.982873 
193.000000 0.982705 
194.000000 0.982537 
195.000000 0.982367 
196.000000 0.982197 
197.000000 0.982026 
198.000000 0.981854 
199.000000 0.981682 
200.000000 0.981509 
201.000000 0.981335 
202.000000 0.981160 
203.000000 0.980985 
204.000000 0.980808 
205.000000 0.980631 
206.000000 0.980454 
207.000000 0.980275 
208.000000 0.980096 
209.000000 0.979916 
210.000000 0.979735 
211.000000 0.979554 
212.000000 0.979372 
213.000000 0.979189 
214.000000 0.979005 
215.000000 0.978821 
216.000000 0.978635 
217.000000 0.978449 
218.000000 0.978263 
219.000000 0.978075 
220.000000 0.977887 
221.000000 0.977698 
222.000000 0.977508 
223.000000 0.977318 
224.000000 0.977126 
225.000000 0.976934 
226.000000 0.976742 
227.000000 0.976548 
228.000000 0.976354 
229.000000 0.976159 
230.000000 0.975963 
231.000000 0.975766 
232.000000 0.975569 
233.000000 0.975371 
234.000000 0.975172 
235.000000 0.974972 
236.000000 0.974772 
237.000000 0.974571 
238.000000 0.974369 
239.000000 0.974166 
240.000000 0.973963 
241.000000 0.973759 
242.000000 0.973554 
243.000000 0.973348 
244.000000 0.973142 
245.000000 0.972935 
246.000000 0.972727 
247.000000 0.972518 
248.000000 0.972308 
249.000000 0.972098 
250.000000 0.971887 
251.000000 0.971675 
252.000000 0.971463 
253.000000 0.971249 
254.000000 0.971035 
255.000000 0.970820 
256.000000 0.970605 
257.000000 0.970388 
258.000000 0.970171 
259.000000 0.969953 
260.000000 0.969735 
261.000000 0.969515 
262.000000 0.969295 
263.000000 0.969074 
264.000000 0.968852 
265.000000 0.968630 
266.000000 0.968406 
267.000000 0.968182 
268.000000 0.967958 
269.000000 0.967732 
270.000000 0.967506 
271.000000 0.967279 
272.000000 0.967051 
273.000000 0.966822 
274.000000 0.966593 
275.000000 0.966363 
276.000000 0.966132 
277.000000 0.965900 
278.000000 0.965668 
279.000000 0.965435 
280.000000 0.965201 
281.000000 0.964966 
282.000000 0.964730 
283.000000 0.964494 
284.000000 0.964257 
285.000000 0.964019 
286.000000 0.963781 
287.000000 0.963542 
288.000000 0.963302 
289.000000 0.963061 
290.000000 0.962819 
291.000000 0.962577 
292.000000 0.962334 
293.000000 0.962090 
294.000000 0.961846 
295.000000 0.961600 
296.000000 0.961354 
297.000000 0.961107 
298.000000 0.960859 
299.000000 0.960611 
300.000000 0.960362 
301.000000 0.960112 
302.000000 0.959862 
303.000000 0.959610 
304.000000 0.959358 
305.000000 0.959105 
306.000000 0.958852 
307.000000 0.958597 
308.000000 0.958342 
309.000000 0.958086 
310.000000 0.957830 
311.000000 0.957572 
312.000000 0.957314 
313.000000 0.957055 
314.000000 0.956795 
315.000000 0.956535 
316.000000 0.956274 
317.000000 0.956012 
318.000000 0.955750 
319.000000 0.955486 
320.000000 0.955222 
321.000000 0.954957 
322.000000 0.954692 
323.000000 0.954426 
324.000000 0.954158 
325.000000 0.953891 
326.000000 0.953622 
327.000000 0.953353 
328.000000 0.953083 
329.000000 0.952812 
330.000000 0.952541 
331.000000 0.952269 
332.000000 0.951996 
333.000000 0.951722 
334.000000 0.951448 
335.000000 0.951173 
336.000000 0.950897 
337.000000 0.950620 
338.000000 0.950343 
339.000000 0.950065 
340.000000 0.949786 
341.000000 0.949507 
342.000000 0.949227 
343.000000 0.948946 
344.000000 0.948664 
345.000000 0.948382 
346.000000 0.948099 
347.000000 0.947815 
348.000000 0.947530 
349.000000 0.947245 
350.000000 0.946959 
351.000000 0.946673 
352.000000 0.946386 
353.000000 0.946097 
354.000000 0.945809 
355.000000 0.945519 
356.000000 0.945229 
357.000000 0.944938 
358.000000 0.944647 
359.000000 0.944354 
360.000000 0.944061 
361.000000 0.943768 
362.000000 0.943473 
363.000000 0.943178 
364.000000 0.942882 
365.000000 0.942586 
366.000000 0.942289 
367.000000 0.941991 
368.000000 0.941692 
369.000000 0.941393 
370.000000 0.941093 
371.000000 0.940792 
372.000000 0.940491 
373.000000 0.940189 
374.000000 0.939886 
375.000000 0.939583 
376.000000 0.939279 
377.000000 0.938974 
378.000000 0.938668 
379.000000 0.938362 
380.000000 0.938055 
381.000000 0.937748 
382.000000 0.937439 
383.000000 0.937130 
384.000000 0.936821 
385.000000 0.936511 
386.000000 0.936200 
387.000000 0.935888 
388.000000 0.935576 
389.000000 0.935263 
390.000000 0.934949 
391.000000 0.934635 
392.000000 0.934320 
393.000000 0.934004 
394.000000 0.933688 
395.000000 0.933371 
396.000000 0.933053 
397.000000 0.932734 
398.000000 0.932415 
399.000000 0.932096 
400.000000 0.931775 
401.000000 0.931454 
402.000000 0.931133 
403.000000 0.930810 
404.000000 0.930487 
405.000000 0.930164 
406.000000 0.929839 
407.000000 0.929514 
408.000000 0.929189 
409.000000 0.928862 
410.000000 0.928535 
411.000000 0.928208 
412.000000 0.927879 
413.000000 0.927550 
414.000000 0.927221 
415.000000 0.926890 
416.000000 0.926560 
417.000000 0.926228 
418.000000 0.925896 
419.000000 0.925563 
420.000000 0.925229 
421.000000 0.924895 
422.000000 0.924560 
423.000000 0.924225 
424.000000 0.923889 
425.000000 0.923552 
426.000000 0.923214 
427.000000 0.922876 
428.000000 0.922538 
429.000000 0.922198 
430.000000 0.921858 
431.000000 0.921518 
432.000000 0.921176 
433.000000 0.920835 
434.000000 0.920492 
435.000000 0.920149 
436.000000 0.919805 
437.000000 0.919461 
438.000000 0.919115 
439.000000 0.918770 
440.000000 0.918423 
441.000000 0.918076 
442.000000 0.917729 
443.000000 0.917380 
444.000000 0.917031 
445.000000 0.916682 
446.000000 0.916332 
447.000000 0.915981 
448.000000 0.915629 
449.000000 0.915277 
450.000000 0.914925 
451.000000 0.914571 
452.000000 0.914217 
453.000000 0.913863 
454.000000 0.913507 
455.000000 0.913152 
456.000000 0.912795 
457.000000 0.912438 
458.000000 0.912080 
459.000000 0.911722 
460.000000 0.911363 
461.000000 0.911003 
462.000000 0.910643 
463.000000 0.910282 
464.000000 0.909921 
465.000000 0.909559 
466.000000 0.909196 
467.000000 0.908833 
468.000000 0.908469 
469.000000 0.908104 
470.000000 0.907739 
471.000000 0.907373 
472.000000 0.907007 
473.000000 0.906640 
474.000000 0.906272 
475.000000 0.905904 
476.000000 0.905535 
477.000000 0.905166 
478.000000 0.904796 
479.000000 0.904425 
480.000000 0.904054 
481.000000 0.903682 
482.000000 0.903309 
483.000000 0.902936 
484.000000 0.902562 
485.000000 0.902188 
486.000000 0.901813 
487.000000 0.901438 
488.000000 0.901061 
489.000000 0.900685 
490.000000 0.900307 
491.000000 0.899929 
492.000000 0.899551 
493.000000 0.899172 
494.000000 0.898792 
495.000000 0.898411 
496.000000 0.898030 
497.000000 0.897649 
498.000000 0.897267 
499.000000 0.896884 
500.000000 0.896501 
501.000000 0.896117 
502.000000 0.895732 
503.000000 0.895347 
504.000000 0.894961 
505.000000 0.894575 
506.000000 0.894188 
507.000000 0.893801 
508.000000 0.893413 
509.000000 0.893024 
510.000000 0.892635 
511.000000 0.892245 
512.000000 0.891854 
513.000000 0.891463 
514.000000 0.891072 
515.000000 0.890680 
516.000000 0.890287 
517.000000 0.889894 
518.000000 0.889500 
519.000000 0.889105 
520.000000 0.888710 
521.000000 0.888314 
522.000000 0.887918 
523.000000 0.887521 
524.000000 0.887124 
525.000000 0.886726 
526.000000 0.886327 
527.000000 0.885928 
528.000000 0.885528 
529.000000 0.885128 
530.000000 0.884727 
531.000000 0.884326 
532.000000 0.883924 
533.000000 0.883521 
534.000000 0.883118 
535.000000 0.882715 
536.000000 0.882310 
537.000000 0.881906 
538.000000 0.881500 
539.000000 0.881094 
540.000000 0.880688 
541.000000 0.880281 
542.000000 0.879873 
543.000000 0.879465 
544.000000 0.879056 
545.000000 0.878647 
546.000000 0.878237 
547.000000 0.877827 
548.000000 0.877416 
549.000000 0.877004 
550.000000 0.876592 
551.000000 0.876180 
552.000000 0.875767 
553.000000 0.875353 
554.000000 0.874939 
555.000000 0.874524 
556.000000 0.874108 
557.000000 0.873693 
558.000000 0.873276 
559.000000 0.872859 
560.000000 0.872442 
561.000000 0.872024 
562.000000 0.871605 
563.000000 0.871186 
564.000000 0.870766 
565.000000 0.870346 
566.000000 0.869925 
567.000000 0.869504 
568.000000 0.869082 
569.000000 0.868660 
570.000000 0.868237 
571.000000 0.867814 
572.000000 0.867390 
573.000000 0.866965 
574.000000 0.866540 
575.000000 0.866115 
576.000000 0.865689 
577.000000 0.865262 
578.000000 0.864835 
579.000000 0.864408 
580.000000 0.863979 
581.000000 0.863551 
582.000000 0.863122 
583.000000 0.862692 
584.000000 0.862262 
585.000000 0.861831 
586.000000 0.861400 
587.000000 0.860968 
588.000000 0.860536 
589.000000 0.860103 
590.000000 0.859670 
591.000000 0.859236 
592.000000 0.858802 
593.000000 0.858367 
594.000000 0.857932 
595.000000 0.857496 
596.000000 0.857060 
597.000000 0.856623 
598.000000 0.856185 
599.000000 0.855748 
600.000000 0.855309 
601.000000 0.854870 
602.000000 0.854431 
603.000000 0.853991 
604.000000 0.853551 
605.000000 0.853110 
606.000000 0.852669 
607.000000 0.852227 
608.000000 0.851785 
609.000000 0.851342 
610.000000 0.850899 
611.000000 0.850455 
612.000000 0.850011 
613.000000 0.849566 
614.000000 0.849121 
615.000000 0.848675 
616.000000 0.848229 
617.000000 0.847782 
618.000000 0.847335 
619.000000 0.846887 
620.000000 0.846439 
621.000000 0.845991 
622.000000 0.845542 
623.000000 0.845092 
624.000000 0.844642 
625.000000 0.844191 
626.000000 0.843741 
627.000000 0.843289 
628.000000 0.842837 
629.000000 0.842385 
630.000000 0.841932 
631.000000 0.841479 
632.000000 0.841025 
633.000000 0.840571 
634.000000 0.840116 
635.000000 0.839661 
636.000000 0.839205 
637.000000 0.838749 
638.000000 0.838292 
639.000000 0.837835 
640.000000 0.837378 
641.000000 0.836920 
642.000000 0.836461 
643.000000 0.836003 
644.000000 0.835543 
645.000000 0.835083 
646.000000 0.834623 
647.000000 0.834163 
648.000000 0.833701 
649.000000 0.833240 
650.000000 0.832778 
651.000000 0.832315 
652.000000 0.831852 
653.000000 0.831389 
654.000000 0.830925 
655.000000 0.830461 
656.000000 0.829996 
657.000000 0.829531 
658.000000 0.829065 
659.000000 0.828599 
660.000000 0.828133 
661.000000 0.827666 
662.000000 0.827198 
663.000000 0.826731 
664.000000 0.826262 
665.000000 0.825793 
666.000000 0.825324 
667.000000 0.824855 
668.000000 0.824385 
669.000000 0.823914 
670.000000 0.823443 
671.000000 0.822972 
672.000000 0.822500 
673.000000 0.822028 
674.000000 0.821556 
675.000000 0.821083 
676.000000 0.820609 
677.000000 0.820135 
678.000000 0.819661 
679.000000 0.819187 
680.000000 0.818711 
681.000000 0.818236 
682.000000 0.817760 
683.000000 0.817283 
684.000000 0.816806 
685.000000 0.816329 
686.000000 0.815852 
687.000000 0.815374 
688.000000 0.814895 
689.000000 0.814416 
690.000000 0.813937 
691.000000 0.813457 
692.000000 0.812977 
693.000000 0.812496 
694.000000 0.812016 
695.000000 0.811534 
696.000000 0.811052 
697.000000 0.810570 
698.000000 0.810088 
699.000000 0.809605 
700.000000 0.809121 
701.000000 0.808637 
702.000000 0.808153 
703.000000 0.807669 
704.000000 0.807184 
705.000000 0.806698 
706.000000 0.806212 
707.000000 0.805726 
708.000000 0.805239 
709.000000 0.804753 
710.000000 0.804265 
711.000000 0.803777 
712.000000 0.803289 
713.000000 0.802801 
714.000000 0.802312 
715.000000 0.801822 
716.000000 0.801332 
717.000000 0.800842 
718.000000 0.800352 
719.000000 0.799861 
720.000000 0.799370 
721.000000 0.798878 
722.000000 0.798386 
723.000000 0.797893 
724.000000 0.797401 
725.000000 0.796907 
726.000000 0.796414 
727.000000 0.795920 
728.000000 0.795426 
729.000000 0.794931 
730.000000 0.794436 
731.000000 0.793940 
732.000000 0.793444 
733.000000 0.792948 
734.000000 0.792452 
735.000000 0.791955 
736.000000 0.791457 
737.000000 0.790960 
738.000000 0.790461 
739.000000 0.789963 
740.000000 0.789464 
741.000000 0.788965 
742.000000 0.788466 
743.000000 0.787966 
744.000000 0.787465 
745.000000 0.786965 
746.000000 0.786464 
747.000000 0.785962 
748.000000 0.785461 
749.000000 0.784959 
750.000000 0.784456 
751.000000 0.783953 
752.000000 0.783450 
753.000000 0.782947 
754.000000 0.782443 
755.000000 0.781939 
756.000000 0.781434 
757.000000 0.780930 
758.000000 0.780424 
759.000000 0.779919 
760.000000 0.779413 
761.000000 0.778907 
762.000000 0.778400 
763.000000 0.777893 
764.000000 0.777386 
765.000000 0.776878 
766.000000 0.776370 
767.000000 0.775862 
768.000000 0.775353 
769.000000 0.774844 
770.000000 0.774335 
771.000000 0.773825 
772.000000 0.773315 
773.000000 0.772805 
774.000000 0.772294 
775.000000 0.771783 
776.000000 0.771272 
777.000000 0.770760 
778.000000 0.770248 
779.000000 0.769736 
780.000000 0.769224 
781.000000 0.768711 
782.000000 0.768197 
783.000000 0.767684 
784.000000 0.767170 
785.000000 0.766656 
786.000000 0.766141 
787.000000 0.765626 
788.000000 0.765111 
789.000000 0.764596 
790.000000 0.764080 
791.000000 0.763564 
792.000000 0.763047 
793.000000 0.762530 
794.000000 0.762013 
795.000000 0.761496 
796.000000 0.760978 
797.000000 0.760460 
798.000000 0.759942 
799.000000 0.759424 
800.000000 0.758905 
801.000000 0.758385 
802.000000 0.757866 
803.000000 0.757346 
804.000000 0.756826 
805.000000 0.756306 
806.000000 0.755785 
807.000000 0.755264 
808.000000 0.754743 
809.000000 0.754221 
810.000000 0.753699 
811.000000 0.753177 
812.000000 0.752655 
813.000000 0.752132 
814.000000 0.751609 
815.000000 0.751086 
816.000000 0.750562 
817.000000 0.750038 
818.000000 0.749514 
819.000000 0.748990 
820.000000 0.748465 
821.000000 0.747940 
822.000000 0.747415 
823.000000 0.746889 
824.000000 0.746363 
825.000000 0.745837 
826.000000 0.745310 
827.000000 0.744784 
828.000000 0.744257 
829.000000 0.743730 
830.000000 0.743202 
831.000000 0.742674 
832.000000 0.742146 
833.000000 0.741618 
834.000000 0.741089 
835.000000 0.740560 
836.000000 0.740031 
837.000000 0.739502 
838.000000 0.738972 
839.000000 0.738442 
840.000000 0.737912 
841.000000 0.737382 
842.000000 0.736851 
843.000000 0.736320 
844.000000 0.735789 
845.000000 0.735257 
846.000000 0.734726 
847.000000 0.734194 
848.000000 0.733662 
849.000000 0.733129 
850.000000 0.732596 
851.000000 0.732063 
852.000000 0.731530 
853.000000 0.730997 
854.000000 0.730463 
855.000000 0.729929 
856.000000 0.729395 
857.000000 0.728860 
858.000000 0.728325 
859.000000 0.727790 
860.000000 0.727255 
861.000000 0.726720 
862.000000 0.726184 
863.000000 0.725648 
864.000000 0.725112 
865.000000 0.724576 
866.000000 0.724039 
867.000000 0.723502 
868.000000 0.722965 
869.000000 0.722428 
870.000000 0.721890 
871.000000 0.721353 
872.000000 0.720814 
873.000000 0.720276 
874.000000 0.719738 
875.000000 0.719199 
876.000000 0.718660 
877.000000 0.718121 
878.000000 0.717582 
879.000000 0.717042 
880.000000 0.716502 
881.000000 0.715962 
882.000000 0.715422 
883.000000 0.714881 
884.000000 0.714341 
885.000000 0.713800 
886.000000 0.713259 
887.000000 0.712717 
888.000000 0.712176 
889.000000 0.711634 
890.000000 0.711092 
891.000000 0.710550 
892.000000 0.710007 
893.000000 0.709465 
894.000000 0.708922 
895.000000 0.708379 
896.000000 0.707836 
897.000000 0.707292 
898.000000 0.706749 
899.000000 0.706205 
900.000000 0.705661 
901.000000 0.705117 
902.000000 0.704572 
903.000000 0.704028 
904.000000 0.703483 
905.000000 0.702938 
906.000000 0.702392 
907.000000 0.701847 
908.000000 0.701301 
909.000000 0.700755 
910.000000 0.700209 
911.000000 0.699663 
912.000000 0.699117 
913.000000 0.698570 
914.000000 0.698024 
915.000000 0.697477 
916.000000 0.696929 
917.000000 0.696382 
918.000000 0.695835 
919.000000 0.695287 
920.000000 0.694739 
921.000000 0.694191 
922.000000 0.693643 
923.000000 0.693094 
924.000000 0.692546 
925.000000 0.691997 
926.000000 0.691448 
927.000000 0.690899 
928.000000 0.690350 
929.000000 0.689800 
930.000000 0.689250 
931.000000 0.688701 
932.000000 0.688151 
933.000000 0.687601 
934.000000 0.687050 
935.000000 0.686500 
936.000000 0.685949 
937.000000 0.685398 
938.000000 0.684847 
939.000000 0.684296 
940.000000 0.683745 
941.000000 0.683193 
942.000000 0.682642 
943.000000 0.682090 
944.000000 0.681538 
945.000000 0.680986 
946.000000 0.680434 
947.000000 0.679881 
948.000000 0.679329 
949.000000 0.678776 
950.000000 0.678223 
951.000000 0.677670 
952.000000 0.677117 
953.000000 0.676563 
954.000000 0.676010 
955.000000 0.675456 
956.000000 0.674902 
957.000000 0.674349 
958.000000 0.673795 
959.000000 0.673240 
960.000000 0.672686 
961.000000 0.672131 
962.000000 0.671577 
963.000000 0.671022 
964.000000 0.670467 
965.000000 0.669912 
966.000000 0.669357 
967.000000 0.668802 
968.000000 0.668246 
969.000000 0.667691 
970.000000 0.667135 
971.000000 0.666579 
972.000000 0.666023 
973.000000 0.665467 
974.000000 0.664911 
975.000000 0.664354 
976.000000 0.663798 
977.000000 0.663241 
978.000000 0.662685 
979.000000 0.662128 
980.000000 0.661571 
981.000000 0.661014 
982.000000 0.660457 
983.000000 0.659899 
984.000000 0.659342 
985.000000 0.658784 
986.000000 0.658226 
987.000000 0.657669 
988.000000 0.657111 
989.000000 0.656553 
990.000000 0.655995 
991.000000 0.655436 
992.000000 0.654878 
993.000000 0.654320 
994.000000 0.653761 
995.000000 0.653202 
996.000000 0.652644 
997.000000 0.652085 
998.000000 0.651526 
999.000000 0.650967 
1000.000000 0.650407 
1001.000000 0.649848 
1002.000000 0.649289 
1003.000000 0.648729 
1004.000000 0.648170 
1005.000000 0.647610 
1006.000000 0.647050 
1007.000000 0.646490 
1008.000000 0.645930 
1009.000000 0.645370 
1010.000000 0.644810 
1011.000000 0.644250 
1012.000000 0.643690 
1013.000000 0.643129 
1014.000000 0.642569 
1015.000000 0.642008 
1016.000000 0.641448 
1017.000000 0.640887 
1018.000000 0.640326 
1019.000000 0.639765 
1020.000000 0.639204 
1021.000000 0.638643 
1022.000000 0.638082 
1023.000000 0.637521 
1024.000000 0.636959 
1025.000000 0.636398 
1026.000000 0.635837 
1027.000000 0.635275 
1028.000000 0.634713 
1029.000000 0.634152 
1030.000000 0.633590 
1031.000000 0.633028 
1032.000000 0.632466 
1033.000000 0.631904 
1034.000000 0.631342 
1035.000000 0.630780 
1036.000000 0.630218 
1037.000000 0.629656 
1038.000000 0.629094 
1039.000000 0.628531 
1040.000000 0.627969 
1041.000000 0.627406 
1042.000000 0.626844 
1043.000000 0.626281 
1044.000000 0.625719 
1045.000000 0.625156 
1046.000000 0.624593 
1047.000000 0.624031 
1048.000000 0.623468 
1049.000000 0.622905 
1050.000000 0.622342 
1051.000000 0.621779 
1052.000000 0.621216 
1053.000000 0.620653 
1054.000000 0.620089 
1055.000000 0.619526 
1056.000000 0.618963 
1057.000000 0.618400 
1058.000000 0.617836 
1059.000000 0.617273 
1060.000000 0.616710 
1061.000000 0.616146 
1062.000000 0.615583 
1063.000000 0.615019 
1064.000000 0.614456 
1065.000000 0.613892 
1066.000000 0.613328 
1067.000000 0.612765 
1068.000000 0.612201 
1069.000000 0.611637 
1070.000000 0.611073 
1071.000000 0.610510 
1072.000000 0.609946 
1073.000000 0.609382 
1074.000000 0.608818 
1075.000000 0.608254 
1076.000000 0.607690 
1077.000000 0.607126 
1078.000000 0.606562 
1079.000000 0.605998 
1080.000000 0.605434 
1081.000000 0.604870 
1082.000000 0.604306 
1083.000000 0.603742 
1084.000000 0.603178 
1085.000000 0.602613 
1086.000000 0.602049 
1087.000000 0.601485 
1088.000000 0.600921 
1089.000000 0.600357 
1090.000000 0.599792 
1091.000000 0.599228 
1092.000000 0.598664 
1093.000000 0.598100 
1094.000000 0.597535 
1095.000000 0.596971 
1096.000000 0.596407 
1097.000000 0.595842 
1098.000000 0.595278 
1099.000000 0.594714 
1100.000000 0.594149 
1101.000000 0.593585 
1102.000000 0.593021 
1103.000000 0.592456 
1104.000000 0.591892 
1105.000000 0.591328 
1106.000000 0.590763 
1107.000000 0.590199 
1108.000000 0.589635 
1109.000000 0.589070 
1110.000000 0.588506 
1111.000000 0.587942 
1112.000000 0.587377 
1113.000000 0.586813 
1114.000000 0.586249 
1115.000000 0.585684 
1116.000000 0.585120 
1117.000000 0.584556 
1118.000000 0.583991 
1119.000000 0.583427 
1120.000000 0.582863 
1121.000000 0.582299 
1122.000000 0.581734 
1123.000000 0.581170 
1124.000000 0.580606 
1125.000000 0.580042 
1126.000000 0.579478 
1127.000000 0.578914 
1128.000000 0.578349 
1129.000000 0.577785 
1130.000000 0.577221 
1131.000000 0.576657 
1132.000000 0.576093 
1133.000000 0.575529 
1134.000000 0.574965 
1135.000000 0.574401 
1136.000000 0.573837 
1137.000000 0.573273 
1138.000000 0.572709 
1139.000000 0.572146 
1140.000000 0.571582 
1141.000000 0.571018 
1142.000000 0.570454 
1143.000000 0.569890 
1144.000000 0.569327 
1145.000000 0.568763 
1146.000000 0.568199 
1147.000000 0.567636 
1148.000000 0.567072 
1149.000000 0.566509 
1150.000000 0.565945 
1151.000000 0.565382 
1152.000000 0.564818 
1153.000000 0.564255 
1154.000000 0.563692 
1155.000000 0.563128 
1156.000000 0.562565 
1157.000000 0.562002 
1158.000000 0.561439 
1159.000000 0.560876 
1160.000000 0.560313 
1161.000000 0.559749 
1162.000000 0.559187 
1163.000000 0.558624 
1164.000000 0.558061 
1165.000000 0.557498 
1166.000000 0.556935 
1167.000000 0.556372 
1168.000000 0.555810 
1169.000000 0.555247 
1170.000000 0.554685 
1171.000000 0.554122 
1172.000000 0.553560 
1173.000000 0.552997 
1174.000000 0.552435 
1175.000000 0.551873 
1176.000000 0.551311 
1177.000000 0.550748 
1178.000000 0.550186 
1179.000000 0.549624 
1180.000000 0.549062 
1181.000000 0.548500 
1182.000000 0.547939 
1183.000000 0.547377 
1184.000000 0.546815 
1185.000000 0.546254 
1186.000000 0.545692 
1187.000000 0.545131 
1188.000000 0.544569 
1189.000000 0.544008 
1190.000000 0.543447 
1191.000000 0.542885 
1192.000000 0.542324 
1193.000000 0.541763 
1194.000000 0.541202 
1195.000000 0.540641 
1196.000000 0.540080 
1197.000000 0.539520 
1198.000000 0.538959 
1199.000000 0.538399 
1200.000000 0.537838 
1201.000000 0.537278 
1202.000000 0.536717 
1203.000000 0.536157 
1204.000000 0.535597 
1205.000000 0.535037 
1206.000000 0.534477 
1207.000000 0.533917 
1208.000000 0.533357 
1209.000000 0.532797 
1210.000000 0.532238 
1211.000000 0.531678 
1212.000000 0.531119 
1213.000000 0.530559 
1214.000000 0.530000 
1215.000000 0.529441 
1216.000000 0.528882 
1217.000000 0.528323 
1218.000000 0.527764 
1219.000000 0.527205 
1220.000000 0.526646 
1221.000000 0.526088 
1222.000000 0.525529 
1223.000000 0.524971 
1224.000000 0.524412 
1225.000000 0.523854 
1226.000000 0.523296 
1227.000000 0.522738 
1228.000000 0.522180 
1229.000000 0.521622 
1230.000000 0.521065 
1231.000000 0.520507 
1232.000000 0.519949 
1233.000000 0.519392 
1234.000000 0.518835 
1235.000000 0.518278 
1236.000000 0.517721 
1237.000000 0.517164 
1238.000000 0.516607 
1239.000000 0.516050 
1240.000000 0.515493 
1241.000000 0.514937 
1242.000000 0.514381 
1243.000000 0.513824 
1244.000000 0.513268 
1245.000000 0.512712 
1246.000000 0.512156 
1247.000000 0.511600 
1248.000000 0.511045 
1249.000000 0.510489 
1250.000000 0.509934 
1251.000000 0.509378 
1252.000000 0.508823 
1253.000000 0.508268 
1254.000000 0.507713 
1255.000000 0.507158 
1256.000000 0.506604 
1257.000000 0.506049 
1258.000000 0.505495 
1259.000000 0.504940 
1260.000000 0.504386 
1261.000000 0.503832 
1262.000000 0.503278 
1263.000000 0.502724 
1264.000000 0.502171 
1265.000000 0.501617 
1266.000000 0.501064 
1267.000000 0.500511 
1268.000000 0.499957 
1269.000000 0.499404 
1270.000000 0.498852 
1271.000000 0.498299 
1272.000000 0.497746 
1273.000000 0.497194 
1274.000000 0.496641 
1275.000000 0.496089 
1276.000000 0.495537 
1277.000000 0.494985 
1278.000000 0.494434 
1279.000000 0.493882 
1280.000000 0.493331 
1281.000000 0.492779 
1282.000000 0.492228 
1283.000000 0.491677 
1284.000000 0.491126 
1285.000000 0.490575 
1286.000000 0.490025 
1287.000000 0.489474 
1288.000000 0.488924 
1289.000000 0.488374 
1290.000000 0.487824 
1291.000000 0.487274 
1292.000000 0.486724 
1293.000000 0.486175 
1294.000000 0.485625 
1295.000000 0.485076 
1296.000000 0.484527 
1297.000000 0.483978 
1298.000000 0.483429 
1299.000000 0.482881 
1300.000000 0.482332 
1301.000000 0.481784 
1302.000000 0.481236 
1303.000000 0.480688 
1304.000000 0.480140 
1305.000000 0.479592 
1306.000000 0.479045 
1307.000000 0.478497 
1308.000000 0.477950 
1309.000000 0.477403 
1310.000000 0.476856 
1311.000000 0.476309 
1312.000000 0.475763 
1313.000000 0.475216 
1314.000000 0.474670 
1315.000000 0.474124 
1316.000000 0.473578 
1317.000000 0.473033 
1318.000000 0.472487 
1319.000000 0.471942 
1320.000000 0.471397 
1321.000000 0.470851 
1322.000000 0.470307 
1323.000000 0.469762 
1324.000000 0.469217 
1325.000000 0.468673 
1326.000000 0.468129 
1327.000000 0.467585 
1328.000000 0.467041 
1329.000000 0.466497 
1330.000000 0.465954 
1331.000000 0.465411 
1332.000000 0.464868 
1333.000000 0.464325 
1334.000000 0.463782 
1335.000000 0.463239 
1336.000000 0.462697 
1337.000000 0.462155 
1338.000000 0.461613 
1339.000000 0.461071 
1340.000000 0.460529 
1341.000000 0.459988 
1342.000000 0.459446 
1343.000000 0.458905 
1344.000000 0.458364 
1345.000000 0.457824 
1346.000000 0.457283 
1347.000000 0.456743 
1348.000000 0.456202 
1349.000000 0.455662 
1350.000000 0.455123 
1351.000000 0.454583 
1352.000000 0.454044 
1353.000000 0.453504 
1354.000000 0.452965 
1355.000000 0.452426 
1356.000000 0.451888 
1357.000000 0.451349 
1358.000000 0.450811 
1359.000000 0.450273 
1360.000000 0.449735 
1361.000000 0.449197 
1362.000000 0.448660 
1363.000000 0.448123 
1364.000000 0.447586 
1365.000000 0.447049 
1366.000000 0.446512 
1367.000000 0.445976 
1368.000000 0.445439 
1369.000000 0.444903 
1370.000000 0.444367 
1371.000000 0.443832 
1372.000000 0.443296 
1373.000000 0.442761 
1374.000000 0.442226 
1375.000000 0.441691 
1376.000000 0.441156 
1377.000000 0.440622 
1378.000000 0.440088 
1379.000000 0.439554 
1380.000000 0.439020 
1381.000000 0.438486 
1382.000000 0.437953 
1383.000000 0.437420 
1384.000000 0.436887 
1385.000000 0.436354 
1386.000000 0.435822 
1387.000000 0.435289 
1388.000000 0.434757 
1389.000000 0.434225 
1390.000000 0.433694 
1391.000000 0.433162 
1392.000000 0.432631 
1393.000000 0.432100 
1394.000000 0.431569 
1395.000000 0.431039 
1396.000000 0.430508 
1397.000000 0.429978 
1398.000000 0.429448 
1399.000000 0.428918 
1400.000000 0.428389 
1401.000000 0.427860 
1402.000000 0.427331 
1403.000000 0.426802 
1404.000000 0.426273 
1405.000000 0.425745 
1406.000000 0.425217 
1407.000000 0.424689 
1408.000000 0.424161 
1409.000000 0.423634 
1410.000000 0.423107 
1411.000000 0.422580 
1412.000000 0.422053 
1413.000000 0.421526 
1414.000000 0.421000 
1415.000000 0.420474 
1416.000000 0.419948 
1417.000000 0.419423 
1418.000000 0.418897 
1419.000000 0.418372 
1420.000000 0.417847 
1421.000000 0.417323 
1422.000000 0.416798 
1423.000000 0.416274 
1424.000000 0.415750 
1425.000000 0.415227 
1426.000000 0.414703 
1427.000000 0.414180 
1428.000000 0.413657 
1429.000000 0.413134 
1430.000000 0.412612 
1431.000000 0.412090 
1432.000000 0.411568 
1433.000000 0.411046 
1434.000000 0.410524 
1435.000000 0.410003 
1436.000000 0.409482 
1437.000000 0.408961 
1438.000000 0.408441 
1439.000000 0.407920 
1440.000000 0.407400 
1441.000000 0.406881 
1442.000000 0.406361 
1443.000000 0.405842 
1444.000000 0.405323 
1445.000000 0.404804 
1446.000000 0.404286 
1447.000000 0.403767 
1448.000000 0.403249 
1449.000000 0.402731 
1450.000000 0.402214 
1451.000000 0.401697 
1452.000000 0.401180 
1453.000000 0.400663 
1454.000000 0.400146 
1455.000000 0.399630 
1456.000000 0.399114 
1457.000000 0.398599 
1458.000000 0.398083 
1459.000000 0.397568 
1460.000000 0.397053 
1461.000000 0.396538 
1462.000000 0.396024 
1463.000000 0.395510 
1464.000000 0.394996 
1465.000000 0.394482 
1466.000000 0.393969 
1467.000000 0.393456 
1468.000000 0.392943 
1469.000000 0.392430 
1470.000000 0.391918 
1471.000000 0.391406 
1472.000000 0.390894 
1473.000000 0.390383 
1474.000000 0.389872 
1475.000000 0.389361 
1476.000000 0.388850 
1477.000000 0.388339 
1478.000000 0.387829 
1479.000000 0.387319 
1480.000000 0.386810 
1481.000000 0.386300 
1482.000000 0.385791 
1483.000000 0.385283 
1484.000000 0.384774 
1485.000000 0.384266 
1486.000000 0.383758 
1487.000000 0.383250 
1488.000000 0.382743 
1489.000000 0.382235 
1490.000000 0.381729 
1491.000000 0.381222 
1492.000000 0.380716 
1493.000000 0.380210 
1494.000000 0.379704 
1495.000000 0.379198 
1496.000000 0.378693 
1497.000000 0.378188 
1498.000000 0.377683 
1499.000000 0.377179 
1500.000000 0.376675 
1501.000000 0.376171 
1502.000000 0.375668 
1503.000000 0.375164 
1504.000000 0.374661 
1505.000000 0.374159 
1506.000000 0.373656 
1507.000000 0.373154 
1508.000000 0.372652 
1509.000000 0.372151 
1510.000000 0.371649 
1511.000000 0.371148 
1512.000000 0.370648 
1513.000000 0.370147 
1514.000000 0.369647 
1515.000000 0.369147 
1516.000000 0.368648 
1517.000000 0.368148 
1518.000000 0.367649 
1519.000000 0.367151 
1520.000000 0.366652 
1521.000000 0.366154 
1522.000000 0.365656 
1523.000000 0.365159 
1524.000000 0.364661 
1525.000000 0.364164 
1526.000000 0.363668 
1527.000000 0.363171 
1528.000000 0.362675 
1529.000000 0.362179 
1530.000000 0.361684 
1531.000000 0.361189 
1532.000000 0.360694 
1533.000000 0.360199 
1534.000000 0.359705 
1535.000000 0.359211 
1536.000000 0.358717 
1537.000000 0.358223 
1538.000000 0.357730 
1539.000000 0.357237 
1540.000000 0.356745 
1541.000000 0.356252 
1542.000000 0.355760 
1543.000000 0.355269 
1544.000000 0.354777 
1545.000000 0.354286 
1546.000000 0.353795 
1547.000000 0.353305 
1548.000000 0.352815 
1549.000000 0.352325 
1550.000000 0.351835 
1551.000000 0.351346 
1552.000000 0.350857 
1553.000000 0.350368 
1554.000000 0.349880 
1555.000000 0.349392 
1556.000000 0.348904 
1557.000000 0.348416 
1558.000000 0.347929 
1559.000000 0.347442 
1560.000000 0.346956 
1561.000000 0.346469 
1562.000000 0.345983 
1563.000000 0.345498 
1564.000000 0.345012 
1565.000000 0.344527 
1566.000000 0.344043 
1567.000000 0.343558 
1568.000000 0.343074 
1569.000000 0.342590 
1570.000000 0.342107 
1571.000000 0.341623 
1572.000000 0.341140 
1573.000000 0.340658 
1574.000000 0.340176 
1575.000000 0.339694 
1576.000000 0.339212 
1577.000000 0.338730 
1578.000000 0.338249 
1579.000000 0.337769 
1580.000000 0.337288 
1581.000000 0.336808 
1582.000000 0.336328 
1583.000000 0.335849 
1584.000000 0.335369 
1585.000000 0.334891 
1586.000000 0.334412 
1587.000000 0.333934 
1588.000000 0.333456 
1589.000000 0.332978 
1590.000000 0.332501 
1591.000000 0.332024 
1592.000000 0.331547 
1593.000000 0.331071 
1594.000000 0.330595 
1595.000000 0.330119 
1596.000000 0.329644 
1597.000000 0.329168 
1598.000000 0.328694 
1599.000000 0.328219 
1600.000000 0.327745 
1601.000000 0.327271 
1602.000000 0.326798 
1603.000000 0.326325 
1604.000000 0.325852 
1605.000000 0.325379 
1606.000000 0.324907 
1607.000000 0.324435 
1608.000000 0.323963 
1609.000000 0.323492 
1610.000000 0.323021 
1611.000000 0.322551 
1612.000000 0.322080 
1613.000000 0.321610 
1614.000000 0.321141 
1615.000000 0.320671 
1616.000000 0.320202 
1617.000000 0.319734 
1618.000000 0.319265 
1619.000000 0.318797 
1620.000000 0.318330 
1621.000000 0.317862 
1622.000000 0.317395 
1623.000000 0.316929 
1624.000000 0.316462 
1625.000000 0.315996 
1626.000000 0.315530 
1627.000000 0.315065 
1628.000000 0.314600 
1629.000000 0.314135 
1630.000000 0.313671 
1631.000000 0.313207 
1632.000000 0.312743 
1633.000000 0.312280 
1634.000000 0.311817 
1635.000000 0.311354 
1636.000000 0.310892 
1637.000000 0.310429 
1638.000000 0.309968 
1639.000000 0.309506 
1640.000000 0.309045 
1641.000000 0.308585 
1642.000000 0.308124 
1643.000000 0.307664 
1644.000000 0.307204 
1645.000000 0.306745 
1646.000000 0.306286 
1647.000000 0.305827 
1648.000000 0.305369 
1649.000000 0.304911 
1650.000000 0.304453 
1651.000000 0.303996 
1652.000000 0.303539 
1653.000000 0.303082 
1654.000000 0.302626 
1655.000000 0.302170 
1656.000000 0.301714 
1657.000000 0.301259 
1658.000000 0.300804 
1659.000000 0.300349 
1660.000000 0.299895 
1661.000000 0.299441 
1662.000000 0.298988 
1663.000000 0.298534 
1664.000000 0.298082 
1665.000000 0.297629 
1666.000000 0.297177 
1667.000000 0.296725 
1668.000000 0.296273 
1669.000000 0.295822 
1670.000000 0.295371 
1671.000000 0.294921 
1672.000000 0.294471 
1673.000000 0.294021 
1674.000000 0.293572 
1675.000000 0.293123 
1676.000000 0.292674 
1677.000000 0.292226 
1678.000000 0.291778 
1679.000000 0.291330 
1680.000000 0.290883 
1681.000000 0.290436 
1682.000000 0.289989 
1683.000000 0.289543 
1684.000000 0.289097 
1685.000000 0.288651 
1686.000000 0.288206 
1687.000000 0.287761 
1688.000000 0.287317 
1689.000000 0.286873 
1690.000000 0.286429 
1691.000000 0.285985 
1692.000000 0.285542 
1693.000000 0.285100 
1694.000000 0.284657 
1695.000000 0.284215 
1696.000000 0.283774 
1697.000000 0.283332 
1698.000000 0.282891 
1699.000000 0.282451 
1700.000000 0.282011 
1701.000000 0.281571 
1702.000000 0.281131 
1703.000000 0.280692 
1704.000000 0.280253 
1705.000000 0.279815 
1706.000000 0.279377 
1707.000000 0.278939 
1708.000000 0.278502 
1709.000000 0.278065 
1710.000000 0.277628 
1711.000000 0.277192 
1712.000000 0.276756 
1713.000000 0.276321 
1714.000000 0.275885 
1715.000000 0.275451 
1716.000000 0.275016 
1717.000000 0.274582 
1718.000000 0.274148 
1719.000000 0.273715 
1720.000000 0.273282 
1721.000000 0.272849 
1722.000000 0.272417 
1723.000000 0.271985 
1724.000000 0.271553 
1725.000000 0.271122 
1726.000000 0.270691 
1727.000000 0.270261 
1728.000000 0.269831 
1729.000000 0.269401 
1730.000000 0.268972 
1731.000000 0.268543 
1732.000000 0.268114 
1733.000000 0.267686 
1734.000000 0.267258 
1735.000000 0.266831 
1736.000000 0.266403 
1737.000000 0.265977 
1738.000000 0.265550 
1739.000000 0.265124 
1740.000000 0.264698 
1741.000000 0.264273 
1742.000000 0.263848 
1743.000000 0.263424 
1744.000000 0.262999 
1745.000000 0.262575 
1746.000000 0.262152 
1747.000000 0.261729 
1748.000000 0.261306 
1749.000000 0.260884 
1750.000000 0.260462 
1751.000000 0.260040 
1752.000000 0.259619 
1753.000000 0.259198 
1754.000000 0.258777 
1755.000000 0.258357 
1756.000000 0.257937 
1757.000000 0.257518 
1758.000000 0.257099 
1759.000000 0.256680 
1760.000000 0.256262 
1761.000000 0.255844 
1762.000000 0.255426 
1763.000000 0.255009 
1764.000000 0.254592 
1765.000000 0.254176 
1766.000000 0.253760 
1767.000000 0.253344 
1768.000000 0.252929 
1769.000000 0.252514 
1770.000000 0.252099 
1771.000000 0.251685 
1772.000000 0.251271 
1773.000000 0.250858 
1774.000000 0.250444 
1775.000000 0.250032 
1776.000000 0.249619 
1777.000000 0.249207 
1778.000000 0.248796 
1779.000000 0.248384 
1780.000000 0.247973 
1781.000000 0.247563 
1782.000000 0.247153 
1783.000000 0.246743 
1784.000000 0.246334 
1785.000000 0.245925 
1786.000000 0.245516 
1787.000000 0.245108 
1788.000000 0.244700 
1789.000000 0.244292 
1790.000000 0.243885 
1791.000000 0.243478 
1792.000000 0.243072 
1793.000000 0.242666 
1794.000000 0.242260 
1795.000000 0.241855 
1796.000000 0.241450 
1797.000000 0.241045 
1798.000000 0.240641 
1799.000000 0.240237 
1800.000000 0.239834 
1801.000000 0.239431 
1802.000000 0.239028 
1803.000000 0.238626 
1804.000000 0.238224 
1805.000000 0.237823 
1806.000000 0.237421 
1807.000000 0.237021 
1808.000000 0.236620 
1809.000000 0.236220 
1810.000000 0.235820 
1811.000000 0.235421 
1812.000000 0.235022 
1813.000000 0.234624 
1814.000000 0.234226 
1815.000000 0.233828 
1816.000000 0.233430 
1817.000000 0.233033 
1818.000000 0.232637 
1819.000000 0.232240 
1820.000000 0.231844 
1821.000000 0.231449 
1822.000000 0.231054 
1823.000000 0.230659 
1824.000000 0.230264 
1825.000000 0.229870 
1826.000000 0.229477 
1827.000000 0.229084 
1828.000000 0.228691 
1829.000000 0.228298 
1830.000000 0.227906 
1831.000000 0.227514 
1832.000000 0.227123 
1833.000000 0.226732 
1834.000000 0.226341 
1835.000000 0.225951 
1836.000000 0.225561 
1837.000000 0.225172 
1838.000000 0.224782 
1839.000000 0.224394 
1840.000000 0.224005 
1841.000000 0.223617 
1842.000000 0.223230 
1843.000000 0.222842 
1844.000000 0.222456 
1845.000000 0.222069 
1846.000000 0.221683 
1847.000000 0.221297 
1848.000000 0.220912 
1849.000000 0.220527 
1850.000000 0.220142 
1851.000000 0.219758 
1852.000000 0.219374 
1853.000000 0.218991 
1854.000000 0.218608 
1855.000000 0.218225 
1856.000000 0.217843 
1857.000000 0.217461 
1858.000000 0.217080 
1859.000000 0.216698 
1860.000000 0.216318 
1861.000000 0.215937 
1862.000000 0.215557 
1863.000000 0.215178 
1864.000000 0.214798 
1865.000000 0.214420 
1866.000000 0.214041 
1867.000000 0.213663 
1868.000000 0.213285 
1869.000000 0.212908 
1870.000000 0.212531 
1871.000000 0.212154 
1872.000000 0.211778 
1873.000000 0.211403 
1874.000000 0.211027 
1875.000000 0.210652 
1876.000000 0.210277 
1877.000000 0.209903 
1878.000000 0.209529 
1879.000000 0.209156 
1880.000000 0.208783 
1881.000000 0.208410 
1882.000000 0.208038 
1883.000000 0.207666 
1884.000000 0.207294 
1885.000000 0.206923 
1886.000000 0.206552 
1887.000000 0.206182 
1888.000000 0.205812 
1889.000000 0.205442 
1890.000000 0.205073 
1891.000000 0.204704 
1892.000000 0.204335 
1893.000000 0.203967 
1894.000000 0.203599 
1895.000000 0.203232 
1896.000000 0.202865 
1897.000000 0.202499 
1898.000000 0.202132 
1899.000000 0.201767 
1900.000000 0.201401 
1901.000000 0.201036 
1902.000000 0.200672 
1903.000000 0.200307 
1904.000000 0.199943 
1905.000000 0.199580 
1906.000000 0.199217 
1907.000000 0.198854 
1908.000000 0.198492 
1909.000000 0.198130 
1910.000000 0.197768 
1911.000000 0.197407 
1912.000000 0.197046 
1913.000000 0.196686 
1914.000000 0.196326 
1915.000000 0.195966 
1916.000000 0.195607 
1917.000000 0.195248 
1918.000000 0.194890 
1919.000000 0.194532 
1920.000000 0.194174 
1921.000000 0.193817 
1922.000000 0.193460 
1923.000000 0.193104 
1924.000000 0.192747 
1925.000000 0.192392 
1926.000000 0.192036 
1927.000000 0.191681 
1928.000000 0.191327 
1929.000000 0.190973 
1930.000000 0.190619 
1931.000000 0.190265 
1932.000000 0.189912 
1933.000000 0.189560 
1934.000000 0.189208 
1935.000000 0.188856 
1936.000000 0.188504 
1937.000000 0.188153 
1938.000000 0.187803 
1939.000000 0.187452 
1940.000000 0.187102 
1941.000000 0.186753 
1942.000000 0.186404 
1943.000000 0.186055 
1944.000000 0.185707 
1945.000000 0.185359 
1946.000000 0.185011 
1947.000000 0.184664 
1948.000000 0.184317 
1949.000000 0.183971 
1950.000000 0.183625 
1951.000000 0.183279 
1952.000000 0.182934 
1953.000000 0.182589 
1954.000000 0.182245 
1955.000000 0.181901 
1956.000000 0.181557 
1957.000000 0.181214 
1958.000000 0.180871 
1959.000000 0.180528 
1960.000000 0.180186 
1961.000000 0.179845 
1962.000000 0.179503 
1963.000000 0.179162 
1964.000000 0.178822 
1965.000000 0.178481 
1966.000000 0.178142 
1967.000000 0.177802 
1968.000000 0.177463 
1969.000000 0.177125 
1970.000000 0.176786 
1971.000000 0.176449 
1972.000000 0.176111 
1973.000000 0.175774 
1974.000000 0.175437 
1975.000000 0.175101 
1976.000000 0.174765 
1977.000000 0.174430 
1978.000000 0.174095 
1979.000000 0.173760 
1980.000000 0.173426 
1981.000000 0.173092 
1982.000000 0.172758 
1983.000000 0.172425 
1984.000000 0.172092 
1985.000000 0.171760 
1986.000000 0.171428 
1987.000000 0.171096 
1988.000000 0.170765 
1989.000000 0.170434 
1990.000000 0.170103 
1991.000000 0.169773 
1992.000000 0.169444 
1993.000000 0.169114 
1994.000000 0.168785 
1995.000000 0.168457 
1996.000000 0.168129 
1997.000000 0.167801 
1998.000000 0.167474 
1999.000000 0.167147 
2000.000000 0.166820 
2001.000000 0.166494 
2002.000000 0.166168 
2003.000000 0.165843 
2004.000000 0.165518 
2005.000000 0.165193 
2006.000000 0.164869 
2007.000000 0.164545 
2008.000000 0.164221 
2009.000000 0.163898 
2010.000000 0.163575 
2011.000000 0.163253 
2012.000000 0.162931 
2013.000000 0.162609 
2014.000000 0.162288 
2015.000000 0.161967 
2016.000000 0.161647 
2017.000000 0.161327 
2018.000000 0.161007 
2019.000000 0.160688 
2020.000000 0.160369 
2021.000000 0.160051 
2022.000000 0.159733 
2023.000000 0.159415 
2024.000000 0.159097 
2025.000000 0.158780 
2026.000000 0.158464 
2027.000000 0.158148 
2028.000000 0.157832 
2029.000000 0.157516 
2030.000000 0.157201 
2031.000000 0.156887 
2032.000000 0.156572 
2033.000000 0.156259 
2034.000000 0.155945 
2035.000000 0.155632 
2036.000000 0.155319 
2037.000000 0.155007 
2038.000000 0.154695 
2039.000000 0.154383 
2040.000000 0.154072 
2041.000000 0.153761 
2042.000000 0.153451 
2043.000000 0.153141 
2044.000000 0.152831 
2045.000000 0.152522 
2046.000000 0.152213 
2047.000000 0.151904 
2048.000000 0.151596 
2049.000000 0.151288 
2050.000000 0.150981 
2051.000000 0.150674 
2052.000000 0.150367 
2053.000000 0.150061 
2054.000000 0.149755 
2055.000000 0.149450 
2056.000000 0.149145 
2057.000000 0.148840 
2058.000000 0.148536 
2059.000000 0.148232 
2060.000000 0.147928 
2061.000000 0.147625 
2062.000000 0.147322 
2063.000000 0.147020 
2064.000000 0.146718 
2065.000000 0.146416 
2066.000000 0.146115 
2067.000000 0.145814 
2068.000000 0.145513 
2069.000000 0.145213 
2070.000000 0.144913 
2071.000000 0.144614 
2072.000000 0.144315 
2073.000000 0.144016 
2074.000000 0.143718 
2075.000000 0.143420 
2076.000000 0.143123 
2077.000000 0.142826 
2078.000000 0.142529 
2079.000000 0.142233 
2080.000000 0.141937 
2081.000000 0.141641 
2082.000000 0.141346 
2083.000000 0.141051 
2084.000000 0.140757 
2085.000000 0.140463 
2086.000000 0.140169 
2087.000000 0.139876 
2088.000000 0.139583 
2089.000000 0.139290 
2090.000000 0.138998 
2091.000000 0.138706 
2092.000000 0.138415 
2093.000000 0.138124 
2094.000000 0.137833 
2095.000000 0.137543 
2096.000000 0.137253 
2097.000000 0.136964 
2098.000000 0.136675 
2099.000000 0.136386 
2100.000000 0.136098 
2101.000000 0.135810 
2102.000000 0.135522 
2103.000000 0.135235 
2104.000000 0.134948 
2105.000000 0.134661 
2106.000000 0.134375 
2107.000000 0.134090 
2108.000000 0.133804 
2109.000000 0.133519 
2110.000000 0.133235 
2111.000000 0.132951 
2112.000000 0.132667 
2113.000000 0.132383 
2114.000000 0.132100 
2115.000000 0.131818 
2116.000000 0.131535 
2117.000000 0.131253 
2118.000000 0.130972 
2119.000000 0.130691 
2120.000000 0.130410 
2121.000000 0.130130 
2122.000000 0.129850 
2123.000000 0.129570 
2124.000000 0.129291 
2125.000000 0.129012 
2126.000000 0.128733 
2127.000000 0.128455 
2128.000000 0.128177 
2129.000000 0.127900 
2130.000000 0.127623 
2131.000000 0.127346 
2132.000000 0.127070 
2133.000000 0.126794 
2134.000000 0.126519 
2135.000000 0.126244 
2136.000000 0.125969 
2137.000000 0.125694 
2138.000000 0.125420 
2139.000000 0.125147 
2140.000000 0.124874 
2141.000000 0.124601 
2142.000000 0.124328 
2143.000000 0.124056 
2144.000000 0.123784 
2145.000000 0.123513 
2146.000000 0.123242 
2147.000000 0.122971 
2148.000000 0.122701 
2149.000000 0.122431 
2150.000000 0.122162 
2151.000000 0.121893 
2152.000000 0.121624 
2153.000000 0.121356 
2154.000000 0.121088 
2155.000000 0.120820 
2156.000000 0.120553 
2157.000000 0.120286 
2158.000000 0.120019 
2159.000000 0.119753 
2160.000000 0.119488 
2161.000000 0.119222 
2162.000000 0.118957 
2163.000000 0.118693 
2164.000000 0.118428 
2165.000000 0.118164 
2166.000000 0.117901 
2167.000000 0.117638 
2168.000000 0.117375 
2169.000000 0.117113 
2170.000000 0.116851 
2171.000000 0.116589 
2172.000000 0.116328 
2173.000000 0.116067 
2174.000000 0.115806 
2175.000000 0.115546 
2176.000000 0.115286 
2177.000000 0.115027 
2178.000000 0.114768 
2179.000000 0.114509 
2180.000000 0.114251 
2181.000000 0.113993 
2182.000000 0.113736 
2183.000000 0.113478 
2184.000000 0.113222 
2185.000000 0.112965 
2186.000000 0.112709 
2187.000000 0.112453 
2188.000000 0.112198 
2189.000000 0.111943 
2190.000000 0.111689 
2191.000000 0.111434 
2192.000000 0.111180 
2193.000000 0.110927 
2194.000000 0.110674 
2195.000000 0.110421 
2196.000000 0.110169 
2197.000000 0.109917 
2198.000000 0.109665 
2199.000000 0.109414 
2200.000000 0.109163 
2201.000000 0.108912 
2202.000000 0.108662 
2203.000000 0.108412 
2204.000000 0.108163 
2205.000000 0.107914 
2206.000000 0.107665 
2207.000000 0.107417 
2208.000000 0.107169 
2209.000000 0.106921 
2210.000000 0.106674 
2211.000000 0.106427 
2212.000000 0.106181 
2213.000000 0.105934 
2214.000000 0.105689 
2215.000000 0.105443 
2216.000000 0.105198 
2217.000000 0.104953 
2218.000000 0.104709 
2219.000000 0.104465 
2220.000000 0.104221 
2221.000000 0.103978 
2222.000000 0.103735 
2223.000000 0.103493 
2224.000000 0.103251 
2225.000000 0.103009 
2226.000000 0.102767 
2227.000000 0.102526 
2228.000000 0.102286 
2229.000000 0.102045 
2230.000000 0.101805 
2231.000000 0.101566 
2232.000000 0.101326 
2233.000000 0.101087 
2234.000000 0.100849 
2235.000000 0.100611 
2236.000000 0.100373 
2237.000000 0.100135 
2238.000000 0.099898 
2239.000000 0.099662 
2240.000000 0.099425 
2241.000000 0.099189 
2242.000000 0.098953 
2243.000000 0.098718 
2244.000000 0.098483 
2245.000000 0.098248 
2246.000000 0.098014 
2247.000000 0.097780 
2248.000000 0.097547 
2249.000000 0.097314 
2250.000000 0.097081 
2251.000000 0.096848 
2252.000000 0.096616 
2253.000000 0.096384 
2254.000000 0.096153 
2255.000000 0.095922 
2256.000000 0.095691 
2257.000000 0.095461 
2258.000000 0.095231 
2259.000000 0.095001 
2260.000000 0.094772 
2261.000000 0.094543 
2262.000000 0.094315 
2263.000000 0.094086 
2264.000000 0.093859 
2265.000000 0.093631 
2266.000000 0.093404 
2267.000000 0.093177 
2268.000000 0.092951 
2269.000000 0.092725 
2270.000000 0.092499 
2271.000000 0.092274 
2272.000000 0.092049 
2273.000000 0.091824 
2274.000000 0.091600 
2275.000000 0.091376 
2276.000000 0.091152 
2277.000000 0.090929 
2278.000000 0.090706 
2279.000000 0.090483 
2280.000000 0.090261 
2281.000000 0.090039 
2282.000000 0.089818 
2283.000000 0.089596 
2284.000000 0.089376 
2285.000000 0.089155 
2286.000000 0.088935 
2287.000000 0.088715 
2288.000000 0.088496 
2289.000000 0.088277 
2290.000000 0.088058 
2291.000000 0.087840 
2292.000000 0.087622 
2293.000000 0.087404 
2294.000000 0.087187 
2295.000000 0.086970 
2296.000000 0.086753 
2297.000000 0.086537 
2298.000000 0.086321 
2299.000000 0.086105 
2300.000000 0.085890 
2301.000000 0.085675 
2302.000000 0.085461 
2303.000000 0.085246 
2304.000000 0.085033 
2305.000000 0.084819 
2306.000000 0.084606 
2307.000000 0.084393 
2308.000000 0.084181 
2309.000000 0.083968 
2310.000000 0.083757 
2311.000000 0.083545 
2312.000000 0.083334 
2313.000000 0.083123 
2314.000000 0.082913 
2315.000000 0.082703 
2316.000000 0.082493 
2317.000000 0.082284 
2318.000000 0.082075 
2319.000000 0.081866 
2320.000000 0.081658 
2321.000000 0.081450 
2322.000000 0.081242 
2323.000000 0.081035 
2324.000000 0.080828 
2325.000000 0.080621 
2326.000000 0.080415 
2327.000000 0.080209 
2328.000000 0.080004 
2329.000000 0.079798 
2330.000000 0.079594 
2331.000000 0.079389 
2332.000000 0.079185 
2333.000000 0.078981 
2334.000000 0.078777 
2335.000000 0.078574 
2336.000000 0.078371 
2337.000000 0.078169 
2338.000000 0.077967 
2339.000000 0.077765 
2340.000000 0.077563 
2341.000000 0.077362 
2342.000000 0.077162 
2343.000000 0.076961 
2344.000000 0.076761 
2345.000000 0.076561 
2346.000000 0.076362 
2347.000000 0.076163 
2348.000000 0.075964 
2349.000000 0.075765 
2350.000000 0.075567 
2351.000000 0.075370 
2352.000000 0.075172 
2353.000000 0.074975 
2354.000000 0.074778 
2355.000000 0.074582 
2356.000000 0.074386 
2357.000000 0.074190 
2358.000000 0.073995 
2359.000000 0.073800 
2360.000000 0.073605 
2361.000000 0.073411 
2362.000000 0.073217 
2363.000000 0.073023 
2364.000000 0.072830 
2365.000000 0.072637 
2366.000000 0.072444 
2367.000000 0.072252 
2368.000000 0.072059 
2369.000000 0.071868 
2370.000000 0.071676 
2371.000000 0.071485 
2372.000000 0.071295 
2373.000000 0.071104 
2374.000000 0.070914 
2375.000000 0.070725 
2376.000000 0.070535 
2377.000000 0.070346 
2378.000000 0.070158 
2379.000000 0.069969 
2380.000000 0.069781 
2381.000000 0.069593 
2382.000000 0.069406 
2383.000000 0.069219 
2384.000000 0.069032 
2385.000000 0.068846 
2386.000000 0.068660 
2387.000000 0.068474 
2388.000000 0.068289 
2389.000000 0.068104 
2390.000000 0.067919 
2391.000000 0.067735 
2392.000000 0.067550 
2393.000000 0.067367 
2394.000000 0.067183 
2395.000000 0.067000 
2396.000000 0.066817 
2397.000000 0.066635 
2398.000000 0.066453 
2399.000000 0.066271 
2400.000000 0.066090 
2401.000000 0.065908 
2402.000000 0.065728 
2403.000000 0.065547 
2404.000000 0.065367 
2405.000000 0.065187 
2406.000000 0.065007 
2407.000000 0.064828 
2408.000000 0.064649 
2409.000000 0.064471 
2410.000000 0.064293 
2411.000000 0.064115 
2412.000000 0.063937 
2413.000000 0.063760 
2414.000000 0.063583 
2415.000000 0.063406 
2416.000000 0.063230 
2417.000000 0.063054 
2418.000000 0.062878 
2419.000000 0.062703 
2420.000000 0.062528 
2421.000000 0.062353 
2422.000000 0.062178 
2423.000000 0.062004 
2424.000000 0.061831 
2425.000000 0.061657 
2426.000000 0.061484 
2427.000000 0.061311 
2428.000000 0.061139 
2429.000000 0.060966 
2430.000000 0.060794 
2431.000000 0.060623 
2432.000000 0.060452 
2433.000000 0.060281 
2434.000000 0.060110 
2435.000000 0.059940 
2436.000000 0.059770 
2437.000000 0.059600 
2438.000000 0.059431 
2439.000000 0.059261 
2440.000000 0.059093 
2441.000000 0.058924 
2442.000000 0.058756 
2443.000000 0.058588 
2444.000000 0.058421 
2445.000000 0.058253 
2446.000000 0.058086 
2447.000000 0.057920 
2448.000000 0.057754 
2449.000000 0.057588 
2450.000000 0.057422 
2451.000000 0.057256 
2452.000000 0.057091 
2453.000000 0.056927 
2454.000000 0.056762 
2455.000000 0.056598 
2456.000000 0.056434 
2457.000000 0.056271 
2458.000000 0.056107 
2459.000000 0.055944 
2460.000000 0.055782 
2461.000000 0.055619 
2462.000000 0.055457 
2463.000000 0.055295 
2464.000000 0.055134 
2465.000000 0.054973 
2466.000000 0.054812 
2467.000000 0.054651 
2468.000000 0.054491 
2469.000000 0.054331 
2470.000000 0.054172 
2471.000000 0.054012 
2472.000000 0.053853 
2473.000000 0.053694 
2474.000000 0.053536 
2475.000000 0.053378 
2476.000000 0.053220 
2477.000000 0.053062 
2478.000000 0.052905 
2479.000000 0.052748 
2480.000000 0.052592 
2481.000000 0.052435 
2482.000000 0.052279 
2483.000000 0.052123 
2484.000000 0.051968 
2485.000000 0.051813 
2486.000000 0.051658 
2487.000000 0.051503 
2488.000000 0.051349 
2489.000000 0.051195 
2490.000000 0.051041 
2491.000000 0.050888 
2492.000000 0.050735 
2493.000000 0.050582 
2494.000000 0.050429 
2495.000000 0.050277 
2496.000000 0.050125 
2497.000000 0.049973 
2498.000000 0.049822 
2499.000000 0.049671 
2500.000000 0.049520 
2501.000000 0.049369 
2502.000000 0.049219 
2503.000000 0.049069 
2504.000000 0.048920 
2505.000000 0.048770 
2506.000000 0.048621 
2507.000000 0.048472 
2508.000000 0.048324 
2509.000000 0.048176 
2510.000000 0.048028 
2511.000000 0.047880 
2512.000000 0.047733 
2513.000000 0.047586 
2514.000000 0.047439 
2515.000000 0.047293 
2516.000000 0.047146 
2517.000000 0.047001 
2518.000000 0.046855 
2519.000000 0.046710 
2520.000000 0.046565 
2521.000000 0.046420 
2522.000000 0.046275 
2523.000000 0.046131 
2524.000000 0.045987 
2525.000000 0.045844 
2526.000000 0.045700 
2527.000000 0.045557 
2528.000000 0.045415 
2529.000000 0.045272 
2530.000000 0.045130 
2531.000000 0.044988 
2532.000000 0.044846 
2533.000000 0.044705 
2534.000000 0.044564 
2535.000000 0.044423 
2536.000000 0.044283 
2537.000000 0.044143 
2538.000000 0.044003 
2539.000000 0.043863 
2540.000000 0.043724 
2541.000000 0.043585 
2542.000000 0.043446 
2543.000000 0.043308 
2544.000000 0.043169 
2545.000000 0.043032 
2546.000000 0.042894 
2547.000000 0.042757 
2548.000000 0.042620 
2549.000000 0.042483 
2550.000000 0.042346 
2551.000000 0.042210 
2552.000000 0.042074 
2553.000000 0.041938 
2554.000000 0.041803 
2555.000000 0.041668 
2556.000000 0.041533 
2557.000000 0.041399 
2558.000000 0.041264 
2559.000000 0.041130 
2560.000000 0.040997 
2561.000000 0.040863 
2562.000000 0.040730 
2563.000000 0.040597 
2564.000000 0.040465 
2565.000000 0.040333 
2566.000000 0.040201 
2567.000000 0.040069 
2568.000000 0.039938 
2569.000000 0.039806 
2570.000000 0.039676 
2571.000000 0.039545 
2572.000000 0.039415 
2573.000000 0.039285 
2574.000000 0.039155 
2575.000000 0.039025 
2576.000000 0.038896 
2577.000000 0.038767 
2578.000000 0.038639 
2579.000000 0.038510 
2580.000000 0.038382 
2581.000000 0.038254 
2582.000000 0.038127 
2583.000000 0.038000 
2584.000000 0.037873 
2585.000000 0.037746 
2586.000000 0.037620 
2587.000000 0.037494 
2588.000000 0.037368 
2589.000000 0.037242 
2590.000000 0.037117 
2591.000000 0.036992 
2592.000000 0.036867 
2593.000000 0.036743 
2594.000000 0.036618 
2595.000000 0.036494 
2596.000000 0.036371 
2597.000000 0.036247 
2598.000000 0.036124 
2599.000000 0.036002 
2600.000000 0.035879 
2601.000000 0.035757 
2602.000000 0.035635 
2603.000000 0.035513 
2604.000000 0.035392 
2605.000000 0.035270 
2606.000000 0.035150 
2607.000000 0.035029 
2608.000000 0.034909 
2609.000000 0.034789 
2610.000000 0.034669 
2611.000000 0.034549 
2612.000000 0.034430 
2613.000000 0.034311 
2614.000000 0.034192 
2615.000000 0.034074 
2616.000000 0.033956 
2617.000000 0.033838 
2618.000000 0.033720 
2619.000000 0.033603 
2620.000000 0.033486 
2621.000000 0.033369 
2622.000000 0.033252 
2623.000000 0.033136 
2624.000000 0.033020 
2625.000000 0.032904 
2626.000000 0.032789 
2627.000000 0.032673 
2628.000000 0.032558 
2629.000000 0.032444 
2630.000000 0.032329 
2631.000000 0.032215 
2632.000000 0.032101 
2633.000000 0.031988 
2634.000000 0.031874 
2635.000000 0.031761 
2636.000000 0.031648 
2637.000000 0.031536 
2638.000000 0.031423 
2639.000000 0.031311 
2640.000000 0.031199 
2641.000000 0.031088 
2642.000000 0.030977 
2643.000000 0.030866 
2644.000000 0.030755 
2645.000000 0.030644 
2646.000000 0.030534 
2647.000000 0.030424 
2648.000000 0.030314 
2649.000000 0.030205 
2650.000000 0.030096 
2651.000000 0.029987 
2652.000000 0.029878 
2653.000000 0.029770 
2654.000000 0.029662 
2655.000000 0.029554 
2656.000000 0.029446 
2657.000000 0.029338 
2658.000000 0.029231 
2659.000000 0.029124 
2660.000000 0.029018 
2661.000000 0.028911 
2662.000000 0.028805 
2663.000000 0.028699 
2664.000000 0.028594 
2665.000000 0.028488 
2666.000000 0.028383 
2667.000000 0.028278 
2668.000000 0.028173 
2669.000000 0.028069 
2670.000000 0.027965 
2671.000000 0.027861 
2672.000000 0.027757 
2673.000000 0.027654 
2674.000000 0.027551 
2675.000000 0.027448 
2676.000000 0.027345 
2677.000000 0.027242 
2678.000000 0.027140 
2679.000000 0.027038 
2680.000000 0.026937 
2681.000000 0.026835 
2682.000000 0.026734 
2683.000000 0.026633 
2684.000000 0.026532 
2685.000000 0.026432 
2686.000000 0.026331 
2687.000000 0.026231 
2688.000000 0.026131 
2689.000000 0.026032 
2690.000000 0.025932 
2691.000000 0.025833 
2692.000000 0.025734 
2693.000000 0.025636 
2694.000000 0.025537 
2695.000000 0.025439 
2696.000000 0.025341 
2697.000000 0.025244 
2698.000000 0.025146 
2699.000000 0.025049 
2700.000000 0.024952 
2701.000000 0.024855 
2702.000000 0.024759 
2703.000000 0.024662 
2704.000000 0.024566 
2705.000000 0.024470 
2706.000000 0.024375 
2707.000000 0.024279 
2708.000000 0.024184 
2709.000000 0.024089 
2710.000000 0.023995 
2711.000000 0.023900 
2712.000000 0.023806 
2713.000000 0.023712 
2714.000000 0.023618 
2715.000000 0.023525 
2716.000000 0.023431 
2717.000000 0.023338 
2718.000000 0.023245 
2719.000000 0.023153 
2720.000000 0.023060 
2721.000000 0.022968 
2722.000000 0.022876 
2723.000000 0.022784 
2724.000000 0.022692 
2725.000000 0.022601 
2726.000000 0.022510 
2727.000000 0.022419 
2728.000000 0.022328 
2729.000000 0.022238 
2730.000000 0.022148 
2731.000000 0.022058 
2732.000000 0.021968 
2733.000000 0.021878 
2734.000000 0.021789 
2735.000000 0.021700 
2736.000000 0.021611 
2737.000000 0.021522 
2738.000000 0.021434 
2739.000000 0.021345 
2740.000000 0.021257 
2741.000000 0.021170 
2742.000000 0.021082 
2743.000000 0.020995 
2744.000000 0.020907 
2745.000000 0.020820 
2746.000000 0.020734 
2747.000000 0.020647 
2748.000000 0.020561 
2749.000000 0.020475 
2750.000000 0.020389 
2751.000000 0.020303 
2752.000000 0.020218 
2753.000000 0.020132 
2754.000000 0.020047 
2755.000000 0.019962 
2756.000000 0.019878 
2757.000000 0.019793 
2758.000000 0.019709 
2759.000000 0.019625 
2760.000000 0.019542 
2761.000000 0.019458 
2762.000000 0.019375 
2763.000000 0.019292 
2764.000000 0.019209 
2765.000000 0.019126 
2766.000000 0.019043 
2767.000000 0.018961 
2768.000000 0.018879 
2769.000000 0.018797 
2770.000000 0.018716 
2771.000000 0.018634 
2772.000000 0.018553 
2773.000000 0.018472 
2774.000000 0.018391 
2775.000000 0.018311 
2776.000000 0.018230 
2777.000000 0.018150 
2778.000000 0.018070 
2779.000000 0.017990 
2780.000000 0.017911 
2781.000000 0.017832 
2782.000000 0.017752 
2783.000000 0.017674 
2784.000000 0.017595 
2785.000000 0.017516 
2786.000000 0.017438 
2787.000000 0.017360 
2788.000000 0.017282 
2789.000000 0.017205 
2790.000000 0.017127 
2791.000000 0.017050 
2792.000000 0.016973 
2793.000000 0.016896 
2794.000000 0.016820 
2795.000000 0.016743 
2796.000000 0.016667 
2797.000000 0.016591 
2798.000000 0.016516 
2799.000000 0.016440 
2800.000000 0.016365 
2801.000000 0.016290 
2802.000000 0.016215 
2803.000000 0.016140 
2804.000000 0.016066 
2805.000000 0.015992 
2806.000000 0.015918 
2807.000000 0.015844 
2808.000000 0.015770 
2809.000000 0.015697 
2810.000000 0.015624 
2811.000000 0.015551 
2812.000000 0.015478 
2813.000000 0.015406 
2814.000000 0.015333 
2815.000000 0.015261 
2816.000000 0.015189 
2817.000000 0.015118 
2818.000000 0.015046 
2819.000000 0.014975 
2820.000000 0.014904 
2821.000000 0.014833 
2822.000000 0.014763 
2823.000000 0.014692 
2824.000000 0.014622 
2825.000000 0.014552 
2826.000000 0.014482 
2827.000000 0.014413 
2828.000000 0.014344 
2829.000000 0.014275 
2830.000000 0.014206 
2831.000000 0.014137 
2832.000000 0.014069 
2833.000000 0.014000 
2834.000000 0.013932 
2835.000000 0.013864 
2836.000000 0.013797 
2837.000000 0.013730 
2838.000000 0.013662 
2839.000000 0.013595 
2840.000000 0.013529 
2841.000000 0.013462 
2842.000000 0.013396 
2843.000000 0.013330 
2844.000000 0.013264 
2845.000000 0.013198 
2846.000000 0.013133 
2847.000000 0.013068 
2848.000000 0.013003 
2849.000000 0.012938 
2850.000000 0.012873 
2851.000000 0.012809 
2852.000000 0.012745 
2853.000000 0.012681 
2854.000000 0.012617 
2855.000000 0.012554 
2856.000000 0.012490 
2857.000000 0.012427 
2858.000000 0.012365 
2859.000000 0.012302 
2860.000000 0.012239 
2861.000000 0.012177 
2862.000000 0.012115 
2863.000000 0.012054 
2864.000000 0.011992 
2865.000000 0.011931 
2866.000000 0.011870 
2867.000000 0.011809 
2868.000000 0.011748 
2869.000000 0.011687 
2870.000000 0.011627 
2871.000000 0.011567 
2872.000000 0.011507 
2873.000000 0.011448 
2874.000000 0.011388 
2875.000000 0.011329 
2876.000000 0.011270 
2877.000000 0.011211 
2878.000000 0.011153 
2879.000000 0.011095 
2880.000000 0.011036 
2881.000000 0.010979 
2882.000000 0.010921 
2883.000000 0.010863 
2884.000000 0.010806 
2885.000000 0.010749 
2886.000000 0.010692 
2887.000000 0.010636 
2888.000000 0.010579 
2889.000000 0.010523 
2890.000000 0.010467 
2891.000000 0.010411 
2892.000000 0.010356 
2893.000000 0.010300 
2894.000000 0.010245 
2895.000000 0.010190 
2896.000000 0.010136 
2897.000000 0.010081 
2898.000000 0.010027 
2899.000000 0.009973 
2900.000000 0.009919 
2901.000000 0.009865 
2902.000000 0.009812 
2903.000000 0.009759 
2904.000000 0.009706 
2905.000000 0.009653 
2906.000000 0.009600 
2907.000000 0.009548 
2908.000000 0.009496 
2909.000000 0.009444 
2910.000000 0.009392 
2911.000000 0.009341 
2912.000000 0.009289 
2913.000000 0.009238 
2914.000000 0.009187 
2915.000000 0.009137 
2916.000000 0.009086 
2917.000000 0.009036 
2918.000000 0.008986 
2919.000000 0.008936 
2920.000000 0.008886 
2921.000000 0.008837 
2922.000000 0.008787 
2923.000000 0.008738 
2924.000000 0.008690 
2925.000000 0.008641 
2926.000000 0.008593 
2927.000000 0.008544 
2928.000000 0.008496 
2929.000000 0.008449 
2930.000000 0.008401 
2931.000000 0.008354 
2932.000000 0.008306 
2933.000000 0.008260 
2934.000000 0.008213 
2935.000000 0.008166 
2936.000000 0.008120 
2937.000000 0.008074 
2938.000000 0.008028 
2939.000000 0.007982 
2940.000000 0.007937 
2941.000000 0.007891 
2942.000000 0.007846 
2943.000000 0.007801 
2944.000000 0.007756 
2945.000000 0.007712 
2946.000000 0.007668 
2947.000000 0.007624 
2948.000000 0.007580 
2949.000000 0.007536 
2950.000000 0.007493 
2951.000000 0.007449 
2952.000000 0.007406 
2953.000000 0.007363 
2954.000000 0.007321 
2955.000000 0.007278 
2956.000000 0.007236 
2957.000000 0.007194 
2958.000000 0.007152 
2959.000000 0.007111 
2960.000000 0.007069 
2961.000000 0.007028 
2962.000000 0.006987 
2963.000000 0.006946 
2964.000000 0.006905 
2965.000000 0.006865 
2966.000000 0.006825 
2967.000000 0.006785 
2968.000000 0.006745 
2969.000000 0.006706 
2970.000000 0.006666 
2971.000000 0.006627 
2972.000000 0.006588 
2973.000000 0.006549 
2974.000000 0.006511 
2975.000000 0.006473 
2976.000000 0.006434 
2977.000000 0.006397 
2978.000000 0.006359 
2979.000000 0.006321 
2980.000000 0.006284 
2981.000000 0.006247 
2982.000000 0.006210 
2983.000000 0.006173 
2984.000000 0.006137 
2985.000000 0.006101 
2986.000000 0.006065 
2987.000000 0.006029 
2988.000000 0.005993 
2989.000000 0.005958 
2990.000000 0.005923 
2991.000000 0.005888 
2992.000000 0.005853 
2993.000000 0.005819 
2994.000000 0.005784 
2995.000000 0.005750 
2996.000000 0.005716 
2997.000000 0.005683 
2998.000000 0.005649 
2999.000000 0.005616 
3000.000000 0.005583 
3001.000000 0.005550 
3002.000000 0.005518 
3003.000000 0.005485 
3004.000000 0.005453 
3005.000000 0.005421 
3006.000000 0.005390 
3007.000000 0.005358 
3008.000000 0.005327 
3009.000000 0.005296 
3010.000000 0.005265 
3011.000000 0.005234 
3012.000000 0.005204 
3013.000000 0.005174 
3014.000000 0.005144 
3015.000000 0.005114 
3016.000000 0.005085 
3017.000000 0.005056 
3018.000000 0.005027 
3019.000000 0.004998 
3020.000000 0.004970 
3021.000000 0.004941 
3022.000000 0.004913 
3023.000000 0.004886 
3024.000000 0.004858 
3025.000000 0.004831 
3026.000000 0.004804 
3027.000000 0.004777 
3028.000000 0.004750 
3029.000000 0.004724 
3030.000000 0.004698 
3031.000000 0.004672 
3032.000000 0.004646 
3033.000000 0.004621 
3034.000000 0.004595 
3035.000000 0.004570 
3036.000000 0.004546 
3037.000000 0.004521 
3038.000000 0.004497 
3039.000000 0.004473 
3040.000000 0.004450 
3041.000000 0.004426 
3042.000000 0.004403 
3043.000000 0.004380 
3044.000000 0.004357 
3045.000000 0.004335 
3046.000000 0.004313 
3047.000000 0.004291 
3048.000000 0.004269 
3049.000000 0.004247 
3050.000000 0.004226 
3051.000000 0.004205 
3052.000000 0.004185 
3053.000000 0.004164 
3054.000000 0.004144 
3055.000000 0.004124 
3056.000000 0.004105 
3057.000000 0.004085 
3058.000000 0.004066 
3059.000000 0.004047 
3060.000000 0.004029 
3061.000000 0.004010 
3062.000000 0.003992 
3063.000000 0.003974 
3064.000000 0.003957 
3065.000000 0.003939 
3066.000000 0.003922 
3067.000000 0.003906 
3068.000000 0.003889 
3069.000000 0.003873 
3070.000000 0.003857 
3071.000000 0.003841 
3072.000000 0.003826 
3073.000000 0.003810 
3074.000000 0.003795 
3075.000000 0.003781 
3076.000000 0.003766 
3077.000000 0.003752 
3078.000000 0.003738 
3079.000000 0.003724 
3080.000000 0.003711 
3081.000000 0.003698 
3082.000000 0.003685 
3083.000000 0.003672 
3084.000000 0.003660 
3085.000000 0.003648 
3086.000000 0.003636 
3087.000000 0.003624 
3088.000000 0.003613 
3089.000000 0.003602 
3090.000000 0.003591 
3091.000000 0.003581 
3092.000000 0.003570 
3093.000000 0.003560 
3094.000000 0.003550 
3095.000000 0.003541 
3096.000000 0.003531 
3097.000000 0.003522 
3098.000000 0.003513 
3099.000000 0.003505 
3100.000000 0.003496 
3101.000000 0.003488 
3102.000000 0.003480 
3103.000000 0.003473 
3104.000000 0.003465 
3105.000000 0.003458 
3106.000000 0.003451 
3107.000000 0.003445 
3108.000000 0.003438 
3109.000000 0.003432 
3110.000000 0.003426 
3111.000000 0.003420 
3112.000000 0.003414 
3113.000000 0.003409 
3114.000000 0.003404 
3115.000000 0.003399 
3116.000000 0.003394 
3117.000000 0.003390 
3118.000000 0.003385 
3119.000000 0.003381 
3120.000000 0.003377 
3121.000000 0.003374 
3122.000000 0.003370 
3123.000000 0.003367 
3124.000000 0.003364 
3125.000000 0.003361 
3126.000000 0.003358 
3127.000000 0.003355 
3128.000000 0.003353 
3129.000000 0.003351 
3130.000000 0.003349 
3131.000000 0.003347 
3132.000000 0.003346 
3133.000000 0.003344 
3134.000000 0.003343 
3135.000000 0.003342 
3136.000000 0.003341 
3137.000000 0.003340 
3138.000000 0.003339 
3139.000000 0.003339 
3140.000000 0.003339 
3141.000000 0.003339 
3142.000000 0.003339 
3143.000000 0.003339 
3144.000000 0.003339 
3145.000000 0.003339 
3146.000000 0.003340 
3147.000000 0.003341 
3148.000000 0.003342 
3149.000000 0.003343 
3150.000000 0.003344 
3151.000000 0.003345 
3152.000000 0.003346 
3153.000000 0.003348 
3154.000000 0.003350 
3155.000000 0.003351 
3156.000000 0.003353 
3157.000000 0.003355 
3158.000000 0.003357 
3159.000000 0.003360 
3160.000000 0.003362 
3161.000000 0.003364 
3162.000000 0.003367 
3163.000000 0.003369 
3164.000000 0.003372 
3165.000000 0.003375 
3166.000000 0.003378 
3167.000000 0.003381 
3168.000000 0.003384 
3169.000000 0.003387 
3170.000000 0.003390 
3171.000000 0.003394 
3172.000000 0.003397 
3173.000000 0.003401 
3174.000000 0.003404 
3175.000000 0.003408 
3176.000000 0.003412 
3177.000000 0.003416 
3178.000000 0.003419 
3179.000000 0.003423 
3180.000000 0.003427 
3181.000000 0.003431 
3182.000000 0.003436 
3183.000000 0.003440 
3184.000000 0.003444 
3185.000000 0.003448 
3186.000000 0.003453 
3187.000000 0.003457 
3188.000000 0.003462 
3189.000000 0.003466 
3190.000000 0.003471 
3191.000000 0.003475 
3192.000000 0.003480 
3193.000000 0.003485 
3194.000000 0.003489 
3195.000000 0.003494 
3196.000000 0.003499 
3197.000000 0.003504 
3198.000000 0.003509 
3199.000000 0.003514 
3200.000000 0.003519 
3201.000000 0.003524 
3202.000000 0.003529 
3203.000000 0.003534 
3204.000000 0.003539 
3205.000000 0.003544 
3206.000000 0.003549 
3207.000000 0.003554 
3208.000000 0.003559 
3209.000000 0.003564 
3210.000000 0.003570 
3211.000000 0.003575 
3212.000000 0.003580 
3213.000000 0.003585 
3214.000000 0.003591 
3215.000000 0.003596 
3216.000000 0.003601 
3217.000000 0.003607 
3218.000000 0.003612 
3219.000000 0.003617 
3220.000000 0.003622 
3221.000000 0.003628 
3222.000000 0.003633 
3223.000000 0.003639 
3224.000000 0.003644 
3225.000000 0.003649 
3226.000000 0.003655 
3227.000000 0.003660 
3228.000000 0.003665 
3229.000000 0.003671 
3230.000000 0.003676 
3231.000000 0.003682 
3232.000000 0.003687 
3233.000000 0.003692 
3234.000000 0.003698 
3235.000000 0.003703 
3236.000000 0.003708 
3237.000000 0.003714 
3238.000000 0.003719 
3239.000000 0.003724 
3240.000000 0.003730 
3241.000000 0.003735 
3242.000000 0.003740 
3243.000000 0.003746 
3244.000000 0.003751 
3245.000000 0.003756 
3246.000000 0.003762 
3247.000000 0.003767 
3248.000000 0.003772 
3249.000000 0.003777 
3250.000000 0.003783 
3251.000000 0.003788 
3252.000000 0.003793 
3253.000000 0.003798 
3254.000000 0.003804 
3255.000000 0.003809 
3256.000000 0.003814 
3257.000000 0.003819 
3258.000000 0.003824 
3259.000000 0.003829 
3260.000000 0.003834 
3261.000000 0.003839 
3262.000000 0.003844 
3263.000000 0.003849 
3264.000000 0.003854 
3265.000000 0.003859 
3266.000000 0.003864 
3267.000000 0.003869 
3268.000000 0.003874 
3269.000000 0.003879 
3270.000000 0.003884 
3271.000000 0.003889 
3272.000000 0.003894 
3273.000000 0.003898 
3274.000000 0.003903 
3275.000000 0.003908 
3276.000000 0.003913 
3277.000000 0.003917 
3278.000000 0.003922 
3279.000000 0.003927 
3280.000000 0.003931 
3281.000000 0.003936 
3282.000000 0.003940 
3283.000000 0.003945 
3284.000000 0.003950 
3285.000000 0.003954 
3286.000000 0.003958 
3287.000000 0.003963 
3288.000000 0.003967 
3289.000000 0.003972 
3290.000000 0.003976 
3291.000000 0.003980 
3292.000000 0.003985 
3293.000000 0.003989 
3294.000000 0.003993 
3295.000000 0.003997 
3296.000000 0.004001 
3297.000000 0.004006 
3298.000000 0.004010 
3299.000000 0.004014 
3300.000000 0.004018 
3301.000000 0.004022 
3302.000000 0.004026 
3303.000000 0.004030 
3304.000000 0.004034 
3305.000000 0.004038 
3306.000000 0.004041 
3307.000000 0.004045 
3308.000000 0.004049 
3309.000000 0.004053 
3310.000000 0.004056 
3311.000000 0.004060 
3312.000000 0.004064 
3313.000000 0.004067 
3314.000000 0.004071 
3315.000000 0.004074 
3316.000000 0.004078 
3317.000000 0.004081 
3318.000000 0.004085 
3319.000000 0.004088 
3320.000000 0.004092 
3321.000000 0.004095 
3322.000000 0.004098 
3323.000000 0.004101 
3324.000000 0.004105 
3325.000000 0.004108 
3326.000000 0.004111 
3327.000000 0.004114 
3328.000000 0.004117 
3329.000000 0.004120 
3330.000000 0.004123 
3331.000000 0.004126 
3332.000000 0.004129 
3333.000000 0.004132 
3334.000000 0.004135 
3335.000000 0.004137 
3336.000000 0.004140 
3337.000000 0.004143 
3338.000000 0.004146 
3339.000000 0.004148 
3340.000000 0.004151 
3341.000000 0.004153 
3342.000000 0.004156 
3343.000000 0.004158 
3344.000000 0.004161 
3345.000000 0.004163 
3346.000000 0.004165 
3347.000000 0.004168 
3348.000000 0.004170 
3349.000000 0.004172 
3350.000000 0.004174 
3351.000000 0.004177 
3352.000000 0.004179 
3353.000000 0.004181 
3354.000000 0.004183 
3355.000000 0.004185 
3356.000000 0.004187 
3357.000000 0.004189 
3358.000000 0.004190 
3359.000000 0.004192 
3360.000000 0.004194 
3361.000000 0.004196 
3362.000000 0.004197 
3363.000000 0.004199 
3364.000000 0.004201 
3365.000000 0.004202 
3366.000000 0.004204 
3367.000000 0.004205 
3368.000000 0.004207 
3369.000000 0.004208 
3370.000000 0.004209 
3371.000000 0.004211 
3372.000000 0.004212 
3373.000000 0.004213 
3374.000000 0.004214 
3375.000000 0.004216 
3376.000000 0.004217 
3377.000000 0.004218 
3378.000000 0.004219 
3379.000000 0.004220 
3380.000000 0.004221 
3381.000000 0.004222 
3382.000000 0.004223 
3383.000000 0.004223 
3384.000000 0.004224 
3385.000000 0.004225 
3386.000000 0.004226 
3387.000000 0.004226 
3388.000000 0.004227 
3389.000000 0.004227 
3390.000000 0.004228 
3391.000000 0.004228 
3392.000000 0.004229 
3393.000000 0.004229 
3394.000000 0.004230 
3395.000000 0.004230 
3396.000000 0.004230 
3397.000000 0.004230 
3398.000000 0.004231 
3399.000000 0.004231 
3400.000000 0.004231 
3401.000000 0.004231 
3402.000000 0.004231 
3403.000000 0.004231 
3404.000000 0.004231 
3405.000000 0.004231 
3406.000000 0.004231 
3407.000000 0.004231 
3408.000000 0.004230 
3409.000000 0.004230 
3410.000000 0.004230 
3411.000000 0.004230 
3412.000000 0.004229 
3413.000000 0.004229 
3414.000000 0.004228 
3415.000000 0.004228 
3416.000000 0.004227 
3417.000000 0.004227 
3418.000000 0.004226 
3419.000000 0.004226 
3420.000000 0.004225 
3421.000000 0.004224 
3422.000000 0.004223 
3423.000000 0.004223 
3424.000000 0.004222 
3425.000000 0.004221 
3426.000000 0.004220 
3427.000000 0.004219 
3428.000000 0.004218 
3429.000000 0.004217 
3430.000000 0.004216 
3431.000000 0.004215 
3432.000000 0.004214 
3433.000000 0.004213 
3434.000000 0.004212 
3435.000000 0.004210 
3436.000000 0.004209 
3437.000000 0.004208 
3438.000000 0.004207 
3439.000000 0.004205 
3440.000000 0.004204 
3441.000000 0.004202 
3442.000000 0.004201 
3443.000000 0.004199 
3444.000000 0.004198 
3445.000000 0.004196 
3446.000000 0.004195 
3447.000000 0.004193 
3448.000000 0.004191 
3449.000000 0.004190 
3450.000000 0.004188 
3451.000000 0.004186 
3452.000000 0.004184 
3453.000000 0.004182 
3454.000000 0.004181 
3455.000000 0.004179 
3456.000000 0.004177 
3457.000000 0.004175 
3458.000000 0.004173 
3459.000000 0.004171 
3460.000000 0.004169 
3461.000000 0.004166 
3462.000000 0.004164 
3463.000000 0.004162 
3464.000000 0.004160 
3465.000000 0.004158 
3466.000000 0.004155 
3467.000000 0.004153 
3468.000000 0.004151 
3469.000000 0.004149 
3470.000000 0.004146 
3471.000000 0.004144 
3472.000000 0.004141 
3473.000000 0.004139 
3474.000000 0.004136 
3475.000000 0.004134 
3476.000000 0.004131 
3477.000000 0.004129 
3478.000000 0.004126 
3479.000000 0.004123 
3480.000000 0.004121 
3481.000000 0.004118 
3482.000000 0.004115 
3483.000000 0.004112 
3484.000000 0.004110 
3485.000000 0.004107 
3486.000000 0.004104 
3487.000000 0.004101 
3488.000000 0.004098 
3489.000000 0.004095 
3490.000000 0.004092 
3491.000000 0.004089 
3492.000000 0.004086 
3493.000000 0.004083 
3494.000000 0.004080 
3495.000000 0.004077 
3496.000000 0.004074 
3497.000000 0.004071 
3498.000000 0.004068 
3499.000000 0.004065 
3500.000000 0.004061 
3501.000000 0.004058 
3502.000000 0.004055 
3503.000000 0.004051 
3504.000000 0.004048 
3505.000000 0.004045 
3506.000000 0.004041 
3507.000000 0.004038 
3508.000000 0.004035 
3509.000000 0.004031 
3510.000000 0.004028 
3511.000000 0.004024 
3512.000000 0.004021 
3513.000000 0.004017 
3514.000000 0.004013 
3515.000000 0.004010 
3516.000000 0.004006 
3517.000000 0.004002 
3518.000000 0.003999 
3519.000000 0.003995 
3520.000000 0.003991 
3521.000000 0.003988 
3522.000000 0.003984 
3523.000000 0.003980 
3524.000000 0.003976 
3525.000000 0.003972 
3526.000000 0.003968 
3527.000000 0.003965 
3528.000000 0.003961 
3529.000000 0.003957 
3530.000000 0.003953 
3531.000000 0.003949 
3532.000000 0.003945 
3533.000000 0.003941 
3534.000000 0.003937 
3535.000000 0.003932 
3536.000000 0.003928 
3537.000000 0.003924 
3538.000000 0.003920 
3539.000000 0.003916 
3540.000000 0.003912 
3541.000000 0.003907 
3542.000000 0.003903 
3543.000000 0.003899 
3544.000000 0.003894 
3545.000000 0.003890 
3546.000000 0.003886 
3547.000000 0.003881 
3548.000000 0.003877 
3549.000000 0.003873 
3550.000000 0.003868 
3551.000000 0.003864 
3552.000000 0.003859 
3553.000000 0.003855 
3554.000000 0.003850 
3555.000000 0.003845 
3556.000000 0.003841 
3557.000000 0.003836 
3558.000000 0.003832 
3559.000000 0.003827 
3560.000000 0.003822 
3561.000000 0.003818 
3562.000000 0.003813 
3563.000000 0.003808 
3564.000000 0.003803 
3565.000000 0.003798 
3566.000000 0.003794 
3567.000000 0.003789 
3568.000000 0.003784 
3569.000000 0.003779 
3570.000000 0.003774 
3571.000000 0.003769 
3572.000000 0.003764 
3573.000000 0.003759 
3574.000000 0.003754 
3575.000000 0.003749 
3576.000000 0.003744 
3577.000000 0.003739 
3578.000000 0.003734 
3579.000000 0.003729 
3580.000000 0.003724 
3581.000000 0.003718 
3582.000000 0.003713 
3583.000000 0.003708 
3584.000000 0.003703 
3585.000000 0.003698 
3586.000000 0.003692 
3587.000000 0.003687 
3588.000000 0.003682 
3589.000000 0.003676 
3590.000000 0.003671 
3591.000000 0.003666 
3592.000000 0.003660 
3593.000000 0.003655 
3594.000000 0.003649 
3595.000000 0.003644 
3596.000000 0.003638 
3597.000000 0.003633 
3598.000000 0.003627 
3599.000000 0.003622 
3600.000000 0.003616 
3601.000000 0.003610 
3602.000000 0.003605 
3603.000000 0.003599 
3604.000000 0.003593 
3605.000000 0.003588 
3606.000000 0.003582 
3607.000000 0.003576 
3608.000000 0.003570 
3609.000000 0.003564 
3610.000000 0.003559 
3611.000000 0.003553 
3612.000000 0.003547 
3613.000000 0.003541 
3614.000000 0.003535 
3615.000000 0.003529 
3616.000000 0.003523 
3617.000000 0.003517 
3618.000000 0.003511 
3619.000000 0.003505 
3620.000000 0.003499 
3621.000000 0.003493 
3622.000000 0.003487 
3623.000000 0.003481 
3624.000000 0.003475 
3625.000000 0.003469 
3626.000000 0.003462 
3627.000000 0.003456 
3628.000000 0.003450 
3629.000000 0.003444 
3630.000000 0.003437 
3631.000000 0.003431 
3632.000000 0.003425 
3633.000000 0.003419 
3634.000000 0.003412 
3635.000000 0.003406 
3636.000000 0.003399 
3637.000000 0.003393 
3638.000000 0.003387 
3639.000000 0.003380 
3640.000000 0.003374 
3641.000000 0.003367 
3642.000000 0.003361 
3643.000000 0.003354 
3644.000000 0.003347 
3645.000000 0.003341 
3646.000000 0.003334 
3647.000000 0.003328 
3648.000000 0.003321 
3649.000000 0.003314 
3650.000000 0.003308 
3651.000000 0.003301 
3652.000000 0.003294 
3653.000000 0.003287 
3654.000000 0.003281 
3655.000000 0.003274 
3656.000000 0.003267 
3657.000000 0.003260 
3658.000000 0.003253 
3659.000000 0.003247 
3660.000000 0.003240 
3661.000000 0.003233 
3662.000000 0.003226 
3663.000000 0.003219 
3664.000000 0.003212 
3665.000000 0.003205 
3666.000000 0.003198 
3667.000000 0.003191 
3668.000000 0.003184 
3669.000000 0.003177 
3670.000000 0.003170 
3671.000000 0.003162 
3672.000000 0.003155 
3673.000000 0.003148 
3674.000000 0.003141 
3675.000000 0.003134 
3676.000000 0.003127 
3677.000000 0.003119 
3678.000000 0.003112 
3679.000000 0.003105 
3680.000000 0.003098 
3681.000000 0.003090 
3682.000000 0.003083 
3683.000000 0.003076 
3684.000000 0.003068 
3685.000000 0.003061 
3686.000000 0.003053 
3687.000000 0.003046 
3688.000000 0.003038 
3689.000000 0.003031 
3690.000000 0.003024 
3691.000000 0.003016 
3692.000000 0.003008 
3693.000000 0.003001 
3694.000000 0.002993 
3695.000000 0.002986 
3696.000000 0.002978 
3697.000000 0.002971 
3698.000000 0.002963 
3699.000000 0.002955 
3700.000000 0.002948 
3701.000000 0.002940 
3702.000000 0.002932 
3703.000000 0.002924 
3704.000000 0.002917 
3705.000000 0.002909 
3706.000000 0.002901 
3707.000000 0.002893 
3708.000000 0.002885 
3709.000000 0.002878 
3710.000000 0.002870 
3711.000000 0.002862 
3712.000000 0.002854 
3713.000000 0.002846 
3714.000000 0.002838 
3715.000000 0.002830 
3716.000000 0.002822 
3717.000000 0.002814 
3718.000000 0.002806 
3719.000000 0.002798 
3720.000000 0.002790 
3721.000000 0.002782 
3722.000000 0.002774 
3723.000000 0.002765 
3724.000000 0.002757 
3725.000000 0.002749 
3726.000000 0.002741 
3727.000000 0.002733 
3728.000000 0.002724 
3729.000000 0.002716 
3730.000000 0.002708 
3731.000000 0.002700 
3732.000000 0.002691 
3733.000000 0.002683 
3734.000000 0.002675 
3735.000000 0.002666 
3736.000000 0.002658 
3737.000000 0.002649 
3738.000000 0.002641 
3739.000000 0.002632 
3740.000000 0.002624 
3741.000000 0.002615 
3742.000000 0.002607 
3743.000000 0.002598 
3744.000000 0.002590 
3745.000000 0.002581 
3746.000000 0.002572 
3747.000000 0.002564 
3748.000000 0.002555 
3749.000000 0.002546 
3750.000000 0.002538 
3751.000000 0.002529 
3752.000000 0.002520 
3753.000000 0.002511 
3754.000000 0.002503 
3755.000000 0.002494 
3756.000000 0.002485 
3757.000000 0.002476 
3758.000000 0.002467 
3759.000000 0.002458 
3760.000000 0.002449 
3761.000000 0.002440 
3762.000000 0.002431 
3763.000000 0.002422 
3764.000000 0.002413 
3765.000000 0.002404 
3766.000000 0.002395 
3767.000000 0.002385 
3768.000000 0.002376 
3769.000000 0.002367 
3770.000000 0.002358 
3771.000000 0.002348 
3772.000000 0.002339 
3773.000000 0.002330 
3774.000000 0.002320 
3775.000000 0.002311 
3776.000000 0.002302 
3777.000000 0.002292 
3778.000000 0.002283 
3779.000000 0.002273 
3780.000000 0.002264 
3781.000000 0.002254 
3782.000000 0.002244 
3783.000000 0.002235 
3784.000000 0.002225 
3785.000000 0.002215 
3786.000000 0.002206 
3787.000000 0.002196 
3788.000000 0.002186 
3789.000000 0.002176 
3790.000000 0.002166 
3791.000000 0.002156 
3792.000000 0.002146 
3793.000000 0.002137 
3794.000000 0.002126 
3795.000000 0.002116 
3796.000000 0.002106 
3797.000000 0.002096 
3798.000000 0.002086 
3799.000000 0.002076 
3800.000000 0.002065 
3801.000000 0.002055 
3802.000000 0.002045 
3803.000000 0.002034 
3804.000000 0.002024 
3805.000000 0.002014 
3806.000000 0.002003 
3807.000000 0.001992 
3808.000000 0.001982 
3809.000000 0.001971 
3810.000000 0.001961 
3811.000000 0.001950 
3812.000000 0.001939 
3813.000000 0.001928 
3814.000000 0.001917 
3815.000000 0.001906 
3816.000000 0.001895 
3817.000000 0.001884 
3818.000000 0.001873 
3819.000000 0.001862 
3820.000000 0.001851 
3821.000000 0.001840 
3822.000000 0.001828 
3823.000000 0.001817 
3824.000000 0.001806 
3825.000000 0.001794 
3826.000000 0.001783 
3827.000000 0.001771 
3828.000000 0.001759 
3829.000000 0.001748 
3830.000000 0.001736 
3831.000000 0.001724 
3832.000000 0.001712 
3833.000000 0.001700 
3834.000000 0.001688 
3835.000000 0.001676 
3836.000000 0.001664 
3837.000000 0.001651 
3838.000000 0.001639 
3839.000000 0.001626 
3840.000000 0.001614 
3841.000000 0.001601 
3842.000000 0.001589 
3843.000000 0.001576 
3844.000000 0.001563 
3845.000000 0.001550 
3846.000000 0.001537 
3847.000000 0.001524 
3848.000000 0.001511 
3849.000000 0.001498 
3850.000000 0.001484 
3851.000000 0.001471 
3852.000000 0.001457 
3853.000000 0.001443 
3854.000000 0.001429 
3855.000000 0.001416 
3856.000000 0.001401 
3857.000000 0.001387 
3858.000000 0.001373 
3859.000000 0.001359 
3860.000000 0.001344 
3861.000000 0.001329 
3862.000000 0.001314 
3863.000000 0.001299 
3864.000000 0.001284 
3865.000000 0.001269 
3866.000000 0.001254 
3867.000000 0.001238 
3868.000000 0.001222 
3869.000000 0.001206 
3870.000000 0.001190 
3871.000000 0.001174 
3872.000000 0.001157 
3873.000000 0.001140 
3874.000000 0.001123 
3875.000000 0.001106 
3876.000000 0.001089 
3877.000000 0.001071 
3878.000000 0.001053 
3879.000000 0.001035 
3880.000000 0.001016 
3881.000000 0.000997 
3882.000000 0.000978 
3883.000000 0.000959 
3884.000000 0.000939 
3885.000000 0.000919 
3886.000000 0.000898 
3887.000000 0.000877 
3888.000000 0.000855 
3889.000000 0.000833 
3890.000000 0.000810 
3891.000000 0.000787 
3892.000000 0.000763 
3893.000000 0.000738 
3894.000000 0.000713 
3895.000000 0.000687 
3896.000000 0.000659 
3897.000000 0.000631 
3898.000000 0.000601 
3899.000000 0.000570 
3900.000000 0.000537 
3901.000000 0.000502 
3902.000000 0.000464 
3903.000000 0.000423 
3904.000000 0.000378 
3905.000000 0.000327 
3906.000000 0.000266 
3907.000000 0.000187 
3908.000000 -0.000031 
3909.000000 -0.000192 
3910.000000 -0.000269 
3911.000000 -0.000329 
3912.000000 -0.000379 
3913.000000 -0.000423 
3914.000000 -0.000463 
3915.000000 -0.000500 
3916.000000 -0.000534 
3917.000000 -0.000565 
3918.000000 -0.000596 
3919.000000 -0.000624 
3920.000000 -0.000652 
3921.000000 -0.000678 
3922.000000 -0.000703 
3923.000000 -0.000727 
3924.000000 -0.000750 
3925.000000 -0.000773 
3926.000000 -0.000795 
3927.000000 -0.000816 
3928.000000 -0.000837 
3929.000000 -0.000857 
3930.000000 -0.000876 
3931.000000 -0.000895 
3932.000000 -0.000914 
3933.000000 -0.000932 
3934.000000 -0.000950 
3935.000000 -0.000967 
3936.000000 -0.000984 
3937.000000 -0.001001 
3938.000000 -0.001018 
3939.000000 -0.001034 
3940.000000 -0.001050 
3941.000000 -0.001065 
3942.000000 -0.001080 
3943.000000 -0.001095 
3944.000000 -0.001110 
3945.000000 -0.001125 
3946.000000 -0.001139 
3947.000000 -0.001153 
3948.000000 -0.001167 
3949.000000 -0.001181 
3950.000000 -0.001194 
3951.000000 -0.001208 
3952.000000 -0.001221 
3953.000000 -0.001234 
3954.000000 -0.001246 
3955.000000 -0.001259 
3956.000000 -0.001271 
3957.000000 -0.001284 
3958.000000 -0.001296 
3959.000000 -0.001308 
3960.000000 -0.001320 
3961.000000 -0.001331 
3962.000000 -0.001343 
3963.000000 -0.001354 
3964.000000 -0.001365 
3965.000000 -0.001377 
3966.000000 -0.001388 
3967.000000 -0.001398 
3968.000000 -0.001409 
3969.000000 -0.001420 
3970.000000 -0.001430 
3971.000000 -0.001441 
3972.000000 -0.001451 
3973.000000 -0.001461 
3974.000000 -0.001471 
3975.000000 -0.001481 
3976.000000 -0.001491 
3977.000000 -0.001501 
3978.000000 -0.001511 
3979.000000 -0.001520 
3980.000000 -0.001530 
3981.000000 -0.001539 
3982.000000 -0.001549 
3983.000000 -0.001558 
3984.000000 -0.001567 
3985.000000 -0.001576 
3986.000000 -0.001585 
3987.000000 -0.001594 
3988.000000 -0.001603 
3989.000000 -0.001612 
3990.000000 -0.001620 
3991.000000 -0.001629 
3992.000000 -0.001637 
3993.000000 -0.001646 
3994.000000 -0.001654 
3995.000000 -0.001662 
3996.000000 -0.001671 
3997.000000 -0.001679 
3998.000000 -0.001687 
3999.000000 -0.001695 
4000.000000 -0.001703 
