0.000000 1.000000 
1.000000 0.999999 
2.000000 0.999997 
3.000000 0.999994 
4.000000 0.999990 
5.000000 0.999985 
6.000000 0.999979 
7.000000 0.999972 
8.000000 0.999963 
9.000000 0.999954 
10.000000 0.999944 
11.000000 0.999933 
12.000000 0.999921 
13.000000 0.999908 
14.000000 0.999893 
15.000000 0.999878 
16.000000 0.999862 
17.000000 0.999845 
18.000000 0.999827 
19.000000 0.999807 
20.000000 0.999787 
21.000000 0.999766 
22.000000 0.999744 
23.000000 0.999720 
24.000000 0.999696 
25.000000 0.999671 
26.000000 0.999645 
27.000000 0.999617 
28.000000 0.999589 
29.000000 0.999560 
30.000000 0.999530 
31.000000 0.999498 
32.000000 0.999466 
33.000000 0.999433 
34.000000 0.999399 
35.000000 0.999363 
36.000000 0.999327 
37.000000 0.999290 
38.000000 0.999252 
39.000000 0.999213 
40.000000 0.999173 
41.000000 0.999131 
42.000000 0.999089 
43.000000 0.999046 
44.000000 0.999002 
45.000000 0.998957 
46.000000 0.998911 
47.000000 0.998864 
48.000000 0.998816 
49.000000 0.998767 
50.000000 0.998718 
51.000000 0.998667 
52.000000 0.998615 
53.000000 0.998562 
54.000000 0.998509 
55.000000 0.998454 
56.000000 0.998398 
57.000000 0.998342 
58.000000 0.998284 
59.000000 0.998226 
60.000000 0.998166 
61.000000 0.998106 
62.000000 0.998045 
63.000000 0.997983 
64.000000 0.997919 
65.000000 0.997855 
66.000000 0.997790 
67.000000 0.997725 
68.000000 0.997658 
69.000000 0.997590 
70.000000 0.997521 
71.000000 0.997452 
72.000000 0.997381 
73.000000 0.997310 
74.000000 0.997237 
75.000000 0.997164 
76.000000 0.997090 
77.000000 0.997015 
78.000000 0.996939 
79.000000 0.996862 
80.000000 0.996784 
81.000000 0.996705 
82.000000 0.996626 
83.000000 0.996545 
84.000000 0.996464 
85.000000 0.996382 
86.000000 0.996299 
87.000000 0.996215 
88.000000 0.996130 
89.000000 0.996044 
90.000000 0.995957 
91.000000 0.995870 
92.000000 0.995782 
93.000000 0.995692 
94.000000 0.995602 
95.000000 0.995511 
96.000000 0.995419 
97.000000 0.995327 
98.000000 0.995233 
99.000000 0.995139 
100.000000 0.995043 
101.000000 0.994947 
102.000000 0.994850 
103.000000 0.994753 
104.000000 0.994654 
105.000000 0.994555 
106.000000 0.994454 
107.000000 0.994353 
108.000000 0.994251 
109.000000 0.994148 
110.000000 0.994045 
111.000000 0.993940 
112.000000 0.993835 
113.000000 0.993729 
114.000000 0.993622 
115.000000 0.993514 
116.000000 0.993405 
117.000000 0.993296 
118.000000 0.993186 
119.000000 0.993075 
120.000000 0.992963 
121.000000 0.992850 
122.000000 0.992737 
123.000000 0.992622 
124.000000 0.992507 
125.000000 0.992391 
126.000000 0.992275 
127.000000 0.992157 
128.000000 0.992039 
129.000000 0.991920 
130.000000 0.991800 
131.000000 0.991679 
132.000000 0.991558 
133.000000 0.991436 
134.000000 0.991313 
135.000000 0.991189 
136.000000 0.991064 
137.000000 0.990939 
138.000000 0.990813 
139.000000 0.990686 
140.000000 0.990558 
141.000000 0.990429 
142.000000 0.990300 
143.000000 0.990170 
144.000000 0.990039 
145.000000 0.989908 
146.000000 0.989775 
147.000000 0.989642 
148.000000 0.989508 
149.000000 0.989374 
150.000000 0.989238 
151.000000 0.989102 
152.000000 0.988965 
153.000000 0.988827 
154.000000 0.988689 
155.000000 0.988549 
156.000000 0.988409 
157.000000 0.988269 
158.000000 0.988127 
159.000000 0.987985 
160.000000 0.987842 
161.000000 0.987698 
162.000000 0.987553 
163.000000 0.987408 
164.000000 0.987262 
165.000000 0.987115 
166.000000 0.986967 
167.000000 0.986819 
168.000000 0.986670 
169.000000 0.986520 
170.000000 0.986369 
171.000000 0.986218 
172.000000 0.986066 
173.000000 0.985913 
174.000000 0.985759 
175.000000 0.985605 
176.000000 0.985450 
177.000000 0.985294 
178.000000 0.985137 
179.000000 0.984980 
180.000000 0.984821 
181.000000 0.984663 
182.000000 0.984503 
183.000000 0.984343 
184.000000 0.984181 
185.000000 0.984019 
186.000000 0.983857 
187.000000 0.983693 
188.000000 0.983529 
189.000000 0.983364 
190.000000 0.983199 
191.000000 0.983032 
192.000000 0.982865 
193.000000 0.982697 
194.000000 0.982529 
195.000000 0.982359 
196.000000 0.982189 
197.000000 0.982018 
198.000000 0.981847 
199.000000 0.981674 
200.000000 0.981501 
201.000000 0.981327 
202.000000 0.981153 
203.000000 0.980977 
204.000000 0.980801 
205.000000 0.980624 
206.000000 0.980447 
207.000000 0.980268 
208.000000 0.980089 
209.000000 0.979909 
210.000000 0.979729 
211.000000 0.979547 
212.000000 0.979365 
213.000000 0.979182 
214.000000 0.978998 
215.000000 0.978814 
216.000000 0.978629 
217.000000 0.978443 
218.000000 0.978256 
219.000000 0.978069 
220.000000 0.977881 
221.000000 0.977692 
222.000000 0.977502 
223.000000 0.977312 
224.000000 0.977120 
225.000000 0.976929 
226.000000 0.976736 
227.000000 0.976542 
228.000000 0.976348 
229.000000 0.976153 
230.000000 0.975957 
231.000000 0.975761 
232.000000 0.975564 
233.000000 0.975366 
234.000000 0.975167 
235.000000 0.974967 
236.000000 0.974767 
237.000000 0.974566 
238.000000 0.974364 
239.000000 0.974162 
240.000000 0.973958 
241.000000 0.973754 
242.000000 0.973549 
243.000000 0.973344 
244.000000 0.973137 
245.000000 0.972930 
246.000000 0.972722 
247.000000 0.972514 
248.000000 0.972304 
249.000000 0.972094 
250.000000 0.971883 
251.000000 0.971672 
252.000000 0.971459 
253.000000 0.971246 
254.000000 0.971032 
255.000000 0.970817 
256.000000 0.970602 
257.000000 0.970385 
258.000000 0.970168 
259.000000 0.969951 
260.000000 0.969732 
261.000000 0.969513 
262.000000 0.969293 
263.000000 0.969072 
264.000000 0.968850 
265.000000 0.968628 
266.000000 0.968405 
267.000000 0.968181 
268.000000 0.967956 
269.000000 0.967731 
270.000000 0.967504 
271.000000 0.967277 
272.000000 0.967050 
273.000000 0.966821 
274.000000 0.966592 
275.000000 0.966362 
276.000000 0.966131 
277.000000 0.965900 
278.000000 0.965667 
279.000000 0.965434 
280.000000 0.965200 
281.000000 0.964966 
282.000000 0.964730 
283.000000 0.964494 
284.000000 0.964257 
285.000000 0.964020 
286.000000 0.963781 
287.000000 0.963542 
288.000000 0.963302 
289.000000 0.963062 
290.000000 0.962820 
291.000000 0.962578 
292.000000 0.962335 
293.000000 0.962091 
294.000000 0.961847 
295.000000 0.961602 
296.000000 0.961356 
297.000000 0.961109 
298.000000 0.960862 
299.000000 0.960613 
300.000000 0.960364 
301.000000 0.960115 
302.000000 0.959864 
303.000000 0.959613 
304.000000 0.959361 
305.000000 0.959108 
306.000000 0.958855 
307.000000 0.958600 
308.000000 0.958345 
309.000000 0.958089 
310.000000 0.957833 
311.000000 0.957576 
312.000000 0.957318 
313.000000 0.957059 
314.000000 0.956800 
315.000000 0.956539 
316.000000 0.956278 
317.000000 0.956017 
318.000000 0.955754 
319.000000 0.955491 
320.000000 0.955227 
321.000000 0.954962 
322.000000 0.954697 
323.000000 0.954431 
324.000000 0.954164 
325.000000 0.953896 
326.000000 0.953628 
327.000000 0.953359 
328.000000 0.953089 
329.000000 0.952818 
330.000000 0.952547 
331.000000 0.952275 
332.000000 0.952002 
333.000000 0.951729 
334.000000 0.951455 
335.000000 0.951180 
336.000000 0.950904 
337.000000 0.950628 
338.000000 0.950351 
339.000000 0.950073 
340.000000 0.949794 
341.000000 0.949515 
342.000000 0.949235 
343.000000 0.948954 
344.000000 0.948673 
345.000000 0.948390 
346.000000 0.948108 
347.000000 0.947824 
348.000000 0.947540 
349.000000 0.947255 
350.000000 0.946969 
351.000000 0.946682 
352.000000 0.946395 
353.000000 0.946107 
354.000000 0.945819 
355.000000 0.945529 
356.000000 0.945239 
357.000000 0.944949 
358.000000 0.944657 
359.000000 0.944365 
360.000000 0.944072 
361.000000 0.943779 
362.000000 0.943485 
363.000000 0.943190 
364.000000 0.942894 
365.000000 0.942598 
366.000000 0.942301 
367.000000 0.942003 
368.000000 0.941705 
369.000000 0.941405 
370.000000 0.941106 
371.000000 0.940805 
372.000000 0.940504 
373.000000 0.940202 
374.000000 0.939900 
375.000000 0.939596 
376.000000 0.939292 
377.000000 0.938988 
378.000000 0.938682 
379.000000 0.938376 
380.000000 0.938070 
381.000000 0.937762 
382.000000 0.937454 
383.000000 0.937146 
384.000000 0.936836 
385.000000 0.936526 
386.000000 0.936215 
387.000000 0.935904 
388.000000 0.935592 
389.000000 0.935279 
390.000000 0.934965 
391.000000 0.934651 
392.000000 0.934336 
393.000000 0.934021 
394.000000 0.933705 
395.000000 0.933388 
396.000000 0.933070 
397.000000 0.932752 
398.000000 0.932433 
399.000000 0.932114 
400.000000 0.931794 
401.000000 0.931473 
402.000000 0.931151 
403.000000 0.930829 
404.000000 0.930506 
405.000000 0.930183 
406.000000 0.929859 
407.000000 0.929534 
408.000000 0.929208 
409.000000 0.928882 
410.000000 0.928555 
411.000000 0.928228 
412.000000 0.927900 
413.000000 0.927571 
414.000000 0.927242 
415.000000 0.926912 
416.000000 0.926581 
417.000000 0.926250 
418.000000 0.925918 
419.000000 0.925585 
420.000000 0.925252 
421.000000 0.924918 
422.000000 0.924583 
423.000000 0.924248 
424.000000 0.923912 
425.000000 0.923575 
426.000000 0.923238 
427.000000 0.922900 
428.000000 0.922562 
429.000000 0.922223 
430.000000 0.921883 
431.000000 0.921542 
432.000000 0.921201 
433.000000 0.920860 
434.000000 0.920517 
435.000000 0.920174 
436.000000 0.919831 
437.000000 0.919486 
438.000000 0.919142 
439.000000 0.918796 
440.000000 0.918450 
441.000000 0.918103 
442.000000 0.917756 
443.000000 0.917407 
444.000000 0.917059 
445.000000 0.916709 
446.000000 0.916359 
447.000000 0.916009 
448.000000 0.915658 
449.000000 0.915306 
450.000000 0.914953 
451.000000 0.914600 
452.000000 0.914246 
453.000000 0.913892 
454.000000 0.913537 
455.000000 0.913181 
456.000000 0.912825 
457.000000 0.912468 
458.000000 0.912111 
459.000000 0.911753 
460.000000 0.911394 
461.000000 0.911035 
462.000000 0.910675 
463.000000 0.910314 
464.000000 0.909953 
465.000000 0.909591 
466.000000 0.909228 
467.000000 0.908865 
468.000000 0.908502 
469.000000 0.908137 
470.000000 0.907772 
471.000000 0.907407 
472.000000 0.907041 
473.000000 0.906674 
474.000000 0.906307 
475.000000 0.905938 
476.000000 0.905570 
477.000000 0.905201 
478.000000 0.904831 
479.000000 0.904460 
480.000000 0.904089 
481.000000 0.903718 
482.000000 0.903345 
483.000000 0.902972 
484.000000 0.902599 
485.000000 0.902225 
486.000000 0.901850 
487.000000 0.901475 
488.000000 0.901099 
489.000000 0.900722 
490.000000 0.900345 
491.000000 0.899968 
492.000000 0.899589 
493.000000 0.899210 
494.000000 0.898831 
495.000000 0.898451 
496.000000 0.898070 
497.000000 0.897689 
498.000000 0.897307 
499.000000 0.896924 
500.000000 0.896541 
501.000000 0.896157 
502.000000 0.895773 
503.000000 0.895388 
504.000000 0.895003 
505.000000 0.894617 
506.000000 0.894230 
507.000000 0.893843 
508.000000 0.893455 
509.000000 0.893067 
510.000000 0.892678 
511.000000 0.892288 
512.000000 0.891898 
513.000000 0.891507 
514.000000 0.891116 
515.000000 0.890724 
516.000000 0.890331 
517.000000 0.889938 
518.000000 0.889544 
519.000000 0.889150 
520.000000 0.888755 
521.000000 0.888360 
522.000000 0.887964 
523.000000 0.887567 
524.000000 0.887170 
525.000000 0.886773 
526.000000 0.886374 
527.000000 0.885975 
528.000000 0.885576 
529.000000 0.885176 
530.000000 0.884775 
531.000000 0.884374 
532.000000 0.883972 
533.000000 0.883570 
534.000000 0.883167 
535.000000 0.882764 
536.000000 0.882360 
537.000000 0.881955 
538.000000 0.881550 
539.000000 0.881145 
540.000000 0.880738 
541.000000 0.880332 
542.000000 0.879924 
543.000000 0.879516 
544.000000 0.879108 
545.000000 0.878699 
546.000000 0.878289 
547.000000 0.877879 
548.000000 0.877469 
549.000000 0.877057 
550.000000 0.876645 
551.000000 0.876233 
552.000000 0.875820 
553.000000 0.875407 
554.000000 0.874993 
555.000000 0.874578 
556.000000 0.874163 
557.000000 0.873748 
558.000000 0.873331 
559.000000 0.872915 
560.000000 0.872498 
561.000000 0.872080 
562.000000 0.871661 
563.000000 0.871243 
564.000000 0.870823 
565.000000 0.870403 
566.000000 0.869983 
567.000000 0.869562 
568.000000 0.869140 
569.000000 0.868718 
570.000000 0.868296 
571.000000 0.867872 
572.000000 0.867449 
573.000000 0.867025 
574.000000 0.866600 
575.000000 0.866175 
576.000000 0.865749 
577.000000 0.865323 
578.000000 0.864896 
579.000000 0.864468 
580.000000 0.864041 
581.000000 0.863612 
582.000000 0.863183 
583.000000 0.862754 
584.000000 0.862324 
585.000000 0.861894 
586.000000 0.861463 
587.000000 0.861031 
588.000000 0.860599 
589.000000 0.860167 
590.000000 0.859734 
591.000000 0.859300 
592.000000 0.858866 
593.000000 0.858432 
594.000000 0.857997 
595.000000 0.857561 
596.000000 0.857125 
597.000000 0.856689 
598.000000 0.856251 
599.000000 0.855814 
600.000000 0.855376 
601.000000 0.854937 
602.000000 0.854498 
603.000000 0.854059 
604.000000 0.853619 
605.000000 0.853178 
606.000000 0.852737 
607.000000 0.852296 
608.000000 0.851854 
609.000000 0.851411 
610.000000 0.850968 
611.000000 0.850525 
612.000000 0.850081 
613.000000 0.849636 
614.000000 0.849191 
615.000000 0.848746 
616.000000 0.848300 
617.000000 0.847854 
618.000000 0.847407 
619.000000 0.846959 
620.000000 0.846512 
621.000000 0.846063 
622.000000 0.845615 
623.000000 0.845165 
624.000000 0.844716 
625.000000 0.844265 
626.000000 0.843815 
627.000000 0.843364 
628.000000 0.842912 
629.000000 0.842460 
630.000000 0.842007 
631.000000 0.841554 
632.000000 0.841101 
633.000000 0.840647 
634.000000 0.840192 
635.000000 0.839737 
636.000000 0.839282 
637.000000 0.838826 
638.000000 0.838370 
639.000000 0.837913 
640.000000 0.837456 
641.000000 0.836998 
642.000000 0.836540 
643.000000 0.836082 
644.000000 0.835623 
645.000000 0.835163 
646.000000 0.834703 
647.000000 0.834243 
648.000000 0.833782 
649.000000 0.833321 
650.000000 0.832859 
651.000000 0.832397 
652.000000 0.831934 
653.000000 0.831471 
654.000000 0.831007 
655.000000 0.830543 
656.000000 0.830079 
657.000000 0.829614 
658.000000 0.829149 
659.000000 0.828683 
660.000000 0.828217 
661.000000 0.827750 
662.000000 0.827283 
663.000000 0.826815 
664.000000 0.826347 
665.000000 0.825879 
666.000000 0.825410 
667.000000 0.824941 
668.000000 0.824471 
669.000000 0.824001 
670.000000 0.823531 
671.000000 0.823060 
672.000000 0.822588 
673.000000 0.822116 
674.000000 0.821644 
675.000000 0.821171 
676.000000 0.820698 
677.000000 0.820225 
678.000000 0.819751 
679.000000 0.819276 
680.000000 0.818801 
681.000000 0.818326 
682.000000 0.817850 
683.000000 0.817374 
684.000000 0.816898 
685.000000 0.816421 
686.000000 0.815943 
687.000000 0.815466 
688.000000 0.814987 
689.000000 0.814509 
690.000000 0.814030 
691.000000 0.813550 
692.000000 0.813071 
693.000000 0.812590 
694.000000 0.812110 
695.000000 0.811629 
696.000000 0.811147 
697.000000 0.810665 
698.000000 0.810183 
699.000000 0.809700 
700.000000 0.809217 
701.000000 0.808734 
702.000000 0.808250 
703.000000 0.807765 
704.000000 0.807281 
705.000000 0.806796 
706.000000 0.806310 
707.000000 0.805824 
708.000000 0.805338 
709.000000 0.804851 
710.000000 0.804364 
711.000000 0.803877 
712.000000 0.803389 
713.000000 0.802900 
714.000000 0.802412 
715.000000 0.801923 
716.000000 0.801433 
717.000000 0.800943 
718.000000 0.800453 
719.000000 0.799963 
720.000000 0.799472 
721.000000 0.798980 
722.000000 0.798489 
723.000000 0.797996 
724.000000 0.797504 
725.000000 0.797011 
726.000000 0.796518 
727.000000 0.796024 
728.000000 0.795530 
729.000000 0.795035 
730.000000 0.794541 
731.000000 0.794046 
732.000000 0.793550 
733.000000 0.793054 
734.000000 0.792558 
735.000000 0.792061 
736.000000 0.791564 
737.000000 0.791067 
738.000000 0.790569 
739.000000 0.790071 
740.000000 0.789572 
741.000000 0.789073 
742.000000 0.788574 
743.000000 0.788075 
744.000000 0.787575 
745.000000 0.787074 
746.000000 0.786574 
747.000000 0.786073 
748.000000 0.785571 
749.000000 0.785069 
750.000000 0.784567 
751.000000 0.784065 
752.000000 0.783562 
753.000000 0.783059 
754.000000 0.782555 
755.000000 0.782052 
756.000000 0.781547 
757.000000 0.781043 
758.000000 0.780538 
759.000000 0.780033 
760.000000 0.779527 
761.000000 0.779021 
762.000000 0.778515 
763.000000 0.778008 
764.000000 0.777501 
765.000000 0.776994 
766.000000 0.776486 
767.000000 0.775978 
768.000000 0.775470 
769.000000 0.774961 
770.000000 0.774452 
771.000000 0.773943 
772.000000 0.773433 
773.000000 0.772923 
774.000000 0.772413 
775.000000 0.771902 
776.000000 0.771391 
777.000000 0.770880 
778.000000 0.770368 
779.000000 0.769856 
780.000000 0.769344 
781.000000 0.768831 
782.000000 0.768318 
783.000000 0.767805 
784.000000 0.767292 
785.000000 0.766778 
786.000000 0.766263 
787.000000 0.765749 
788.000000 0.765234 
789.000000 0.764719 
790.000000 0.764203 
791.000000 0.763688 
792.000000 0.763172 
793.000000 0.762655 
794.000000 0.762138 
795.000000 0.761621 
796.000000 0.761104 
797.000000 0.760586 
798.000000 0.760068 
799.000000 0.759550 
800.000000 0.759032 
801.000000 0.758513 
802.000000 0.757994 
803.000000 0.757474 
804.000000 0.756954 
805.000000 0.756434 
806.000000 0.755914 
807.000000 0.755393 
808.000000 0.754872 
809.000000 0.754351 
810.000000 0.753829 
811.000000 0.753308 
812.000000 0.752785 
813.000000 0.752263 
814.000000 0.751740 
815.000000 0.751217 
816.000000 0.750694 
817.000000 0.750171 
818.000000 0.749647 
819.000000 0.749123 
820.000000 0.748598 
821.000000 0.748073 
822.000000 0.747548 
823.000000 0.747023 
824.000000 0.746498 
825.000000 0.745972 
826.000000 0.745446 
827.000000 0.744919 
828.000000 0.744393 
829.000000 0.743866 
830.000000 0.743339 
831.000000 0.742811 
832.000000 0.742284 
833.000000 0.741756 
834.000000 0.741227 
835.000000 0.740699 
836.000000 0.740170 
837.000000 0.739641 
838.000000 0.739112 
839.000000 0.738582 
840.000000 0.738052 
841.000000 0.737522 
842.000000 0.736992 
843.000000 0.736461 
844.000000 0.735930 
845.000000 0.735399 
846.000000 0.734868 
847.000000 0.734336 
848.000000 0.733804 
849.000000 0.733272 
850.000000 0.732740 
851.000000 0.732207 
852.000000 0.731674 
853.000000 0.731141 
854.000000 0.730608 
855.000000 0.730074 
856.000000 0.729540 
857.000000 0.729006 
858.000000 0.728472 
859.000000 0.727937 
860.000000 0.727402 
861.000000 0.726867 
862.000000 0.726332 
863.000000 0.725796 
864.000000 0.725260 
865.000000 0.724724 
866.000000 0.724188 
867.000000 0.723651 
868.000000 0.723115 
869.000000 0.722578 
870.000000 0.722040 
871.000000 0.721503 
872.000000 0.720965 
873.000000 0.720427 
874.000000 0.719889 
875.000000 0.719351 
876.000000 0.718812 
877.000000 0.718273 
878.000000 0.717734 
879.000000 0.717195 
880.000000 0.716656 
881.000000 0.716116 
882.000000 0.715576 
883.000000 0.715036 
884.000000 0.714495 
885.000000 0.713955 
886.000000 0.713414 
887.000000 0.712873 
888.000000 0.712332 
889.000000 0.711790 
890.000000 0.711249 
891.000000 0.710707 
892.000000 0.710165 
893.000000 0.709623 
894.000000 0.709080 
895.000000 0.708537 
896.000000 0.707995 
897.000000 0.707451 
898.000000 0.706908 
899.000000 0.706365 
900.000000 0.705821 
901.000000 0.705277 
902.000000 0.704733 
903.000000 0.704189 
904.000000 0.703644 
905.000000 0.703099 
906.000000 0.702554 
907.000000 0.702009 
908.000000 0.701464 
909.000000 0.700919 
910.000000 0.700373 
911.000000 0.699827 
912.000000 0.699281 
913.000000 0.698735 
914.000000 0.698188 
915.000000 0.697642 
916.000000 0.697095 
917.000000 0.696548 
918.000000 0.696001 
919.000000 0.695453 
920.000000 0.694906 
921.000000 0.694358 
922.000000 0.693810 
923.000000 0.693262 
924.000000 0.692714 
925.000000 0.692165 
926.000000 0.691617 
927.000000 0.691068 
928.000000 0.690519 
929.000000 0.689970 
930.000000 0.689420 
931.000000 0.688871 
932.000000 0.688321 
933.000000 0.687771 
934.000000 0.687221 
935.000000 0.686671 
936.000000 0.686121 
937.000000 0.685570 
938.000000 0.685020 
939.000000 0.684469 
940.000000 0.683918 
941.000000 0.683367 
942.000000 0.682815 
943.000000 0.682264 
944.000000 0.681712 
945.000000 0.681160 
946.000000 0.680608 
947.000000 0.680056 
948.000000 0.679504 
949.000000 0.678952 
950.000000 0.678399 
951.000000 0.677846 
952.000000 0.677293 
953.000000 0.676740 
954.000000 0.676187 
955.000000 0.675634 
956.000000 0.675080 
957.000000 0.674527 
958.000000 0.673973 
959.000000 0.673419 
960.000000 0.672865 
961.000000 0.672311 
962.000000 0.671757 
963.000000 0.671202 
964.000000 0.670648 
965.000000 0.670093 
966.000000 0.669538 
967.000000 0.668983 
968.000000 0.668428 
969.000000 0.667872 
970.000000 0.667317 
971.000000 0.666762 
972.000000 0.666206 
973.000000 0.665650 
974.000000 0.665094 
975.000000 0.664538 
976.000000 0.663982 
977.000000 0.663426 
978.000000 0.662869 
979.000000 0.662313 
980.000000 0.661756 
981.000000 0.661199 
982.000000 0.660642 
983.000000 0.660085 
984.000000 0.659528 
985.000000 0.658971 
986.000000 0.658413 
987.000000 0.657856 
988.000000 0.657298 
989.000000 0.656740 
990.000000 0.656183 
991.000000 0.655625 
992.000000 0.655067 
993.000000 0.654508 
994.000000 0.653950 
995.000000 0.653392 
996.000000 0.652833 
997.000000 0.652275 
998.000000 0.651716 
999.000000 0.651157 
1000.000000 0.650598 
1001.000000 0.650039 
1002.000000 0.649480 
1003.000000 0.648921 
1004.000000 0.648362 
1005.000000 0.647802 
1006.000000 0.647243 
1007.000000 0.646683 
1008.000000 0.646124 
1009.000000 0.645564 
1010.000000 0.645004 
1011.000000 0.644444 
1012.000000 0.643884 
1013.000000 0.643324 
1014.000000 0.642764 
1015.000000 0.642203 
1016.000000 0.641643 
1017.000000 0.641082 
1018.000000 0.640522 
1019.000000 0.639961 
1020.000000 0.639401 
1021.000000 0.638840 
1022.000000 0.638279 
1023.000000 0.637718 
1024.000000 0.637157 
1025.000000 0.636596 
1026.000000 0.636035 
1027.000000 0.635473 
1028.000000 0.634912 
1029.000000 0.634351 
1030.000000 0.633789 
1031.000000 0.633228 
1032.000000 0.632666 
1033.000000 0.632104 
1034.000000 0.631543 
1035.000000 0.630981 
1036.000000 0.630419 
1037.000000 0.629857 
1038.000000 0.629295 
1039.000000 0.628733 
1040.000000 0.628171 
1041.000000 0.627609 
1042.000000 0.627046 
1043.000000 0.626484 
1044.000000 0.625922 
1045.000000 0.625359 
1046.000000 0.624797 
1047.000000 0.624234 
1048.000000 0.623672 
1049.000000 0.623109 
1050.000000 0.622546 
1051.000000 0.621984 
1052.000000 0.621421 
1053.000000 0.620858 
1054.000000 0.620295 
1055.000000 0.619732 
1056.000000 0.619169 
1057.000000 0.618606 
1058.000000 0.618043 
1059.000000 0.617480 
1060.000000 0.616917 
1061.000000 0.616354 
1062.000000 0.615790 
1063.000000 0.615227 
1064.000000 0.614664 
1065.000000 0.614101 
1066.000000 0.613537 
1067.000000 0.612974 
1068.000000 0.612410 
1069.000000 0.611847 
1070.000000 0.611283 
1071.000000 0.610720 
1072.000000 0.610156 
1073.000000 0.609592 
1074.000000 0.609029 
1075.000000 0.608465 
1076.000000 0.607902 
1077.000000 0.607338 
1078.000000 0.606774 
1079.000000 0.606210 
1080.000000 0.605646 
1081.000000 0.605083 
1082.000000 0.604519 
1083.000000 0.603955 
1084.000000 0.603391 
1085.000000 0.602827 
1086.000000 0.602263 
1087.000000 0.601699 
1088.000000 0.601135 
1089.000000 0.600571 
1090.000000 0.600007 
1091.000000 0.599443 
1092.000000 0.598879 
1093.000000 0.598315 
1094.000000 0.597751 
1095.000000 0.597187 
1096.000000 0.596623 
1097.000000 0.596059 
1098.000000 0.595495 
1099.000000 0.594931 
1100.000000 0.594367 
1101.000000 0.593803 
1102.000000 0.593239 
1103.000000 0.592675 
1104.000000 0.592111 
1105.000000 0.591547 
1106.000000 0.590982 
1107.000000 0.590418 
1108.000000 0.589854 
1109.000000 0.589290 
1110.000000 0.588726 
1111.000000 0.588162 
1112.000000 0.587598 
1113.000000 0.587034 
1114.000000 0.586470 
1115.000000 0.585906 
1116.000000 0.585342 
1117.000000 0.584778 
1118.000000 0.584214 
1119.000000 0.583650 
1120.000000 0.583086 
1121.000000 0.582522 
1122.000000 0.581958 
1123.000000 0.581394 
1124.000000 0.580830 
1125.000000 0.580266 
1126.000000 0.579702 
1127.000000 0.579138 
1128.000000 0.578574 
1129.000000 0.578010 
1130.000000 0.577446 
1131.000000 0.576882 
1132.000000 0.576319 
1133.000000 0.575755 
1134.000000 0.575191 
1135.000000 0.574627 
1136.000000 0.574064 
1137.000000 0.573500 
1138.000000 0.572936 
1139.000000 0.572373 
1140.000000 0.571809 
1141.000000 0.571246 
1142.000000 0.570682 
1143.000000 0.570119 
1144.000000 0.569555 
1145.000000 0.568992 
1146.000000 0.568428 
1147.000000 0.567865 
1148.000000 0.567302 
1149.000000 0.566738 
1150.000000 0.566175 
1151.000000 0.565612 
1152.000000 0.565049 
1153.000000 0.564485 
1154.000000 0.563922 
1155.000000 0.563359 
1156.000000 0.562796 
1157.000000 0.562233 
1158.000000 0.561670 
1159.000000 0.561108 
1160.000000 0.560545 
1161.000000 0.559982 
1162.000000 0.559419 
1163.000000 0.558856 
1164.000000 0.558294 
1165.000000 0.557731 
1166.000000 0.557169 
1167.000000 0.556606 
1168.000000 0.556044 
1169.000000 0.555481 
1170.000000 0.554919 
1171.000000 0.554357 
1172.000000 0.553795 
1173.000000 0.553232 
1174.000000 0.552670 
1175.000000 0.552108 
1176.000000 0.551546 
1177.000000 0.550984 
1178.000000 0.550423 
1179.000000 0.549861 
1180.000000 0.549299 
1181.000000 0.548737 
1182.000000 0.548176 
1183.000000 0.547614 
1184.000000 0.547053 
1185.000000 0.546491 
1186.000000 0.545930 
1187.000000 0.545369 
1188.000000 0.544808 
1189.000000 0.544246 
1190.000000 0.543685 
1191.000000 0.543124 
1192.000000 0.542563 
1193.000000 0.542003 
1194.000000 0.541442 
1195.000000 0.540881 
1196.000000 0.540321 
1197.000000 0.539760 
1198.000000 0.539200 
1199.000000 0.538639 
1200.000000 0.538079 
1201.000000 0.537519 
1202.000000 0.536959 
1203.000000 0.536399 
1204.000000 0.535839 
1205.000000 0.535279 
1206.000000 0.534719 
1207.000000 0.534159 
1208.000000 0.533600 
1209.000000 0.533040 
1210.000000 0.532481 
1211.000000 0.531921 
1212.000000 0.531362 
1213.000000 0.530803 
1214.000000 0.530244 
1215.000000 0.529685 
1216.000000 0.529126 
1217.000000 0.528567 
1218.000000 0.528008 
1219.000000 0.527450 
1220.000000 0.526891 
1221.000000 0.526333 
1222.000000 0.525775 
1223.000000 0.525216 
1224.000000 0.524658 
1225.000000 0.524100 
1226.000000 0.523542 
1227.000000 0.522984 
1228.000000 0.522427 
1229.000000 0.521869 
1230.000000 0.521312 
1231.000000 0.520754 
1232.000000 0.520197 
1233.000000 0.519640 
1234.000000 0.519083 
1235.000000 0.518526 
1236.000000 0.517969 
1237.000000 0.517412 
1238.000000 0.516855 
1239.000000 0.516299 
1240.000000 0.515743 
1241.000000 0.515186 
1242.000000 0.514630 
1243.000000 0.514074 
1244.000000 0.513518 
1245.000000 0.512962 
1246.000000 0.512407 
1247.000000 0.511851 
1248.000000 0.511295 
1249.000000 0.510740 
1250.000000 0.510185 
1251.000000 0.509630 
1252.000000 0.509075 
1253.000000 0.508520 
1254.000000 0.507965 
1255.000000 0.507410 
1256.000000 0.506856 
1257.000000 0.506302 
1258.000000 0.505747 
1259.000000 0.505193 
1260.000000 0.504639 
1261.000000 0.504085 
1262.000000 0.503532 
1263.000000 0.502978 
1264.000000 0.502424 
1265.000000 0.501871 
1266.000000 0.501318 
1267.000000 0.500765 
1268.000000 0.500212 
1269.000000 0.499659 
1270.000000 0.499106 
1271.000000 0.498554 
1272.000000 0.498001 
1273.000000 0.497449 
1274.000000 0.496897 
1275.000000 0.496345 
1276.000000 0.495793 
1277.000000 0.495241 
1278.000000 0.494690 
1279.000000 0.494138 
1280.000000 0.493587 
1281.000000 0.493036 
1282.000000 0.492485 
1283.000000 0.491934 
1284.000000 0.491383 
1285.000000 0.490833 
1286.000000 0.490282 
1287.000000 0.489732 
1288.000000 0.489182 
1289.000000 0.488632 
1290.000000 0.488082 
1291.000000 0.487532 
1292.000000 0.486983 
1293.000000 0.486434 
1294.000000 0.485884 
1295.000000 0.485335 
1296.000000 0.484786 
1297.000000 0.484238 
1298.000000 0.483689 
1299.000000 0.483141 
1300.000000 0.482592 
1301.000000 0.482044 
1302.000000 0.481496 
1303.000000 0.480948 
1304.000000 0.480401 
1305.000000 0.479853 
1306.000000 0.479306 
1307.000000 0.478759 
1308.000000 0.478211 
1309.000000 0.477665 
1310.000000 0.477118 
1311.000000 0.476571 
1312.000000 0.476025 
1313.000000 0.475479 
1314.000000 0.474933 
1315.000000 0.474387 
1316.000000 0.473841 
1317.000000 0.473296 
1318.000000 0.472750 
1319.000000 0.472205 
1320.000000 0.471660 
1321.000000 0.471115 
1322.000000 0.470570 
1323.000000 0.470026 
1324.000000 0.469481 
1325.000000 0.468937 
1326.000000 0.468393 
1327.000000 0.467849 
1328.000000 0.467306 
1329.000000 0.466762 
1330.000000 0.466219 
1331.000000 0.465676 
1332.000000 0.465133 
1333.000000 0.464590 
1334.000000 0.464047 
1335.000000 0.463505 
1336.000000 0.462963 
1337.000000 0.462421 
1338.000000 0.461879 
1339.000000 0.461337 
1340.000000 0.460796 
1341.000000 0.460254 
1342.000000 0.459713 
1343.000000 0.459172 
1344.000000 0.458631 
1345.000000 0.458091 
1346.000000 0.457550 
1347.000000 0.457010 
1348.000000 0.456470 
1349.000000 0.455930 
1350.000000 0.455391 
1351.000000 0.454851 
1352.000000 0.454312 
1353.000000 0.453773 
1354.000000 0.453234 
1355.000000 0.452695 
1356.000000 0.452157 
1357.000000 0.451618 
1358.000000 0.451080 
1359.000000 0.450542 
1360.000000 0.450005 
1361.000000 0.449467 
1362.000000 0.448930 
1363.000000 0.448393 
1364.000000 0.447856 
1365.000000 0.447319 
1366.000000 0.446782 
1367.000000 0.446246 
1368.000000 0.445710 
1369.000000 0.445174 
1370.000000 0.444638 
1371.000000 0.444103 
1372.000000 0.443567 
1373.000000 0.443032 
1374.000000 0.442497 
1375.000000 0.441962 
1376.000000 0.441428 
1377.000000 0.440894 
1378.000000 0.440360 
1379.000000 0.439826 
1380.000000 0.439292 
1381.000000 0.438759 
1382.000000 0.438225 
1383.000000 0.437692 
1384.000000 0.437159 
1385.000000 0.436627 
1386.000000 0.436094 
1387.000000 0.435562 
1388.000000 0.435030 
1389.000000 0.434498 
1390.000000 0.433967 
1391.000000 0.433435 
1392.000000 0.432904 
1393.000000 0.432373 
1394.000000 0.431843 
1395.000000 0.431312 
1396.000000 0.430782 
1397.000000 0.430252 
1398.000000 0.429722 
1399.000000 0.429193 
1400.000000 0.428663 
1401.000000 0.428134 
1402.000000 0.427605 
1403.000000 0.427077 
1404.000000 0.426548 
1405.000000 0.426020 
1406.000000 0.425492 
1407.000000 0.424964 
1408.000000 0.424436 
1409.000000 0.423909 
1410.000000 0.423382 
1411.000000 0.422855 
1412.000000 0.422328 
1413.000000 0.421802 
1414.000000 0.421276 
1415.000000 0.420750 
1416.000000 0.420224 
1417.000000 0.419699 
1418.000000 0.419174 
1419.000000 0.418649 
1420.000000 0.418124 
1421.000000 0.417599 
1422.000000 0.417075 
1423.000000 0.416551 
1424.000000 0.416027 
1425.000000 0.415503 
1426.000000 0.414980 
1427.000000 0.414457 
1428.000000 0.413934 
1429.000000 0.413411 
1430.000000 0.412889 
1431.000000 0.412367 
1432.000000 0.411845 
1433.000000 0.411323 
1434.000000 0.410802 
1435.000000 0.410281 
1436.000000 0.409760 
1437.000000 0.409239 
1438.000000 0.408719 
1439.000000 0.408198 
1440.000000 0.407679 
1441.000000 0.407159 
1442.000000 0.406639 
1443.000000 0.406120 
1444.000000 0.405601 
1445.000000 0.405083 
1446.000000 0.404564 
1447.000000 0.404046 
1448.000000 0.403528 
1449.000000 0.403010 
1450.000000 0.402493 
1451.000000 0.401976 
1452.000000 0.401459 
1453.000000 0.400942 
1454.000000 0.400426 
1455.000000 0.399910 
1456.000000 0.399394 
1457.000000 0.398878 
1458.000000 0.398363 
1459.000000 0.397848 
1460.000000 0.397333 
1461.000000 0.396818 
1462.000000 0.396304 
1463.000000 0.395790 
1464.000000 0.395276 
1465.000000 0.394762 
1466.000000 0.394249 
1467.000000 0.393736 
1468.000000 0.393223 
1469.000000 0.392711 
1470.000000 0.392199 
1471.000000 0.391687 
1472.000000 0.391175 
1473.000000 0.390664 
1474.000000 0.390152 
1475.000000 0.389641 
1476.000000 0.389131 
1477.000000 0.388620 
1478.000000 0.388110 
1479.000000 0.387601 
1480.000000 0.387091 
1481.000000 0.386582 
1482.000000 0.386073 
1483.000000 0.385564 
1484.000000 0.385056 
1485.000000 0.384547 
1486.000000 0.384039 
1487.000000 0.383532 
1488.000000 0.383024 
1489.000000 0.382517 
1490.000000 0.382010 
1491.000000 0.381504 
1492.000000 0.380998 
1493.000000 0.380492 
1494.000000 0.379986 
1495.000000 0.379480 
1496.000000 0.378975 
1497.000000 0.378470 
1498.000000 0.377966 
1499.000000 0.377461 
1500.000000 0.376957 
1501.000000 0.376454 
1502.000000 0.375950 
1503.000000 0.375447 
1504.000000 0.374944 
1505.000000 0.374441 
1506.000000 0.373939 
1507.000000 0.373437 
1508.000000 0.372935 
1509.000000 0.372434 
1510.000000 0.371932 
1511.000000 0.371431 
1512.000000 0.370931 
1513.000000 0.370430 
1514.000000 0.369930 
1515.000000 0.369431 
1516.000000 0.368931 
1517.000000 0.368432 
1518.000000 0.367933 
1519.000000 0.367434 
1520.000000 0.366936 
1521.000000 0.366438 
1522.000000 0.365940 
1523.000000 0.365442 
1524.000000 0.364945 
1525.000000 0.364448 
1526.000000 0.363952 
1527.000000 0.363455 
1528.000000 0.362959 
1529.000000 0.362463 
1530.000000 0.361968 
1531.000000 0.361473 
1532.000000 0.360978 
1533.000000 0.360483 
1534.000000 0.359989 
1535.000000 0.359495 
1536.000000 0.359001 
1537.000000 0.358508 
1538.000000 0.358015 
1539.000000 0.357522 
1540.000000 0.357029 
1541.000000 0.356537 
1542.000000 0.356045 
1543.000000 0.355553 
1544.000000 0.355062 
1545.000000 0.354571 
1546.000000 0.354080 
1547.000000 0.353590 
1548.000000 0.353100 
1549.000000 0.352610 
1550.000000 0.352120 
1551.000000 0.351631 
1552.000000 0.351142 
1553.000000 0.350653 
1554.000000 0.350165 
1555.000000 0.349677 
1556.000000 0.349189 
1557.000000 0.348702 
1558.000000 0.348215 
1559.000000 0.347728 
1560.000000 0.347241 
1561.000000 0.346755 
1562.000000 0.346269 
1563.000000 0.345783 
1564.000000 0.345298 
1565.000000 0.344813 
1566.000000 0.344328 
1567.000000 0.343844 
1568.000000 0.343360 
1569.000000 0.342876 
1570.000000 0.342392 
1571.000000 0.341909 
1572.000000 0.341426 
1573.000000 0.340944 
1574.000000 0.340461 
1575.000000 0.339979 
1576.000000 0.339498 
1577.000000 0.339016 
1578.000000 0.338535 
1579.000000 0.338055 
1580.000000 0.337574 
1581.000000 0.337094 
1582.000000 0.336614 
1583.000000 0.336135 
1584.000000 0.335656 
1585.000000 0.335177 
1586.000000 0.334698 
1587.000000 0.334220 
1588.000000 0.333742 
1589.000000 0.333264 
1590.000000 0.332787 
1591.000000 0.332310 
1592.000000 0.331833 
1593.000000 0.331357 
1594.000000 0.330881 
1595.000000 0.330405 
1596.000000 0.329930 
1597.000000 0.329455 
1598.000000 0.328980 
1599.000000 0.328505 
1600.000000 0.328031 
1601.000000 0.327557 
1602.000000 0.327084 
1603.000000 0.326611 
1604.000000 0.326138 
1605.000000 0.325665 
1606.000000 0.325193 
1607.000000 0.324721 
1608.000000 0.324250 
1609.000000 0.323778 
1610.000000 0.323307 
1611.000000 0.322837 
1612.000000 0.322367 
1613.000000 0.321897 
1614.000000 0.321427 
1615.000000 0.320958 
1616.000000 0.320489 
1617.000000 0.320020 
1618.000000 0.319552 
1619.000000 0.319084 
1620.000000 0.318616 
1621.000000 0.318148 
1622.000000 0.317681 
1623.000000 0.317215 
1624.000000 0.316748 
1625.000000 0.316282 
1626.000000 0.315816 
1627.000000 0.315351 
1628.000000 0.314886 
1629.000000 0.314421 
1630.000000 0.313957 
1631.000000 0.313493 
1632.000000 0.313029 
1633.000000 0.312566 
1634.000000 0.312103 
1635.000000 0.311640 
1636.000000 0.311177 
1637.000000 0.310715 
1638.000000 0.310253 
1639.000000 0.309792 
1640.000000 0.309331 
1641.000000 0.308870 
1642.000000 0.308410 
1643.000000 0.307950 
1644.000000 0.307490 
1645.000000 0.307031 
1646.000000 0.306571 
1647.000000 0.306113 
1648.000000 0.305654 
1649.000000 0.305196 
1650.000000 0.304739 
1651.000000 0.304281 
1652.000000 0.303824 
1653.000000 0.303367 
1654.000000 0.302911 
1655.000000 0.302455 
1656.000000 0.301999 
1657.000000 0.301544 
1658.000000 0.301089 
1659.000000 0.300634 
1660.000000 0.300180 
1661.000000 0.299726 
1662.000000 0.299272 
1663.000000 0.298819 
1664.000000 0.298366 
1665.000000 0.297914 
1666.000000 0.297461 
1667.000000 0.297010 
1668.000000 0.296558 
1669.000000 0.296107 
1670.000000 0.295656 
1671.000000 0.295205 
1672.000000 0.294755 
1673.000000 0.294305 
1674.000000 0.293856 
1675.000000 0.293407 
1676.000000 0.292958 
1677.000000 0.292510 
1678.000000 0.292062 
1679.000000 0.291614 
1680.000000 0.291167 
1681.000000 0.290719 
1682.000000 0.290273 
1683.000000 0.289827 
1684.000000 0.289381 
1685.000000 0.288935 
1686.000000 0.288490 
1687.000000 0.288045 
1688.000000 0.287600 
1689.000000 0.287156 
1690.000000 0.286712 
1691.000000 0.286269 
1692.000000 0.285826 
1693.000000 0.285383 
1694.000000 0.284940 
1695.000000 0.284498 
1696.000000 0.284057 
1697.000000 0.283615 
1698.000000 0.283174 
1699.000000 0.282734 
1700.000000 0.282293 
1701.000000 0.281853 
1702.000000 0.281414 
1703.000000 0.280975 
1704.000000 0.280536 
1705.000000 0.280097 
1706.000000 0.279659 
1707.000000 0.279221 
1708.000000 0.278784 
1709.000000 0.278347 
1710.000000 0.277910 
1711.000000 0.277474 
1712.000000 0.277038 
1713.000000 0.276602 
1714.000000 0.276167 
1715.000000 0.275732 
1716.000000 0.275298 
1717.000000 0.274863 
1718.000000 0.274430 
1719.000000 0.273996 
1720.000000 0.273563 
1721.000000 0.273130 
1722.000000 0.272698 
1723.000000 0.272266 
1724.000000 0.271834 
1725.000000 0.271403 
1726.000000 0.270972 
1727.000000 0.270542 
1728.000000 0.270112 
1729.000000 0.269682 
1730.000000 0.269252 
1731.000000 0.268823 
1732.000000 0.268395 
1733.000000 0.267966 
1734.000000 0.267538 
1735.000000 0.267111 
1736.000000 0.266683 
1737.000000 0.266257 
1738.000000 0.265830 
1739.000000 0.265404 
1740.000000 0.264978 
1741.000000 0.264553 
1742.000000 0.264128 
1743.000000 0.263703 
1744.000000 0.263279 
1745.000000 0.262855 
1746.000000 0.262431 
1747.000000 0.262008 
1748.000000 0.261585 
1749.000000 0.261163 
1750.000000 0.260741 
1751.000000 0.260319 
1752.000000 0.259898 
1753.000000 0.259477 
1754.000000 0.259056 
1755.000000 0.258636 
1756.000000 0.258216 
1757.000000 0.257796 
1758.000000 0.257377 
1759.000000 0.256958 
1760.000000 0.256540 
1761.000000 0.256122 
1762.000000 0.255704 
1763.000000 0.255287 
1764.000000 0.254870 
1765.000000 0.254454 
1766.000000 0.254037 
1767.000000 0.253622 
1768.000000 0.253206 
1769.000000 0.252791 
1770.000000 0.252376 
1771.000000 0.251962 
1772.000000 0.251548 
1773.000000 0.251135 
1774.000000 0.250721 
1775.000000 0.250309 
1776.000000 0.249896 
1777.000000 0.249484 
1778.000000 0.249072 
1779.000000 0.248661 
1780.000000 0.248250 
1781.000000 0.247839 
1782.000000 0.247429 
1783.000000 0.247019 
1784.000000 0.246610 
1785.000000 0.246201 
1786.000000 0.245792 
1787.000000 0.245384 
1788.000000 0.244976 
1789.000000 0.244568 
1790.000000 0.244161 
1791.000000 0.243754 
1792.000000 0.243347 
1793.000000 0.242941 
1794.000000 0.242536 
1795.000000 0.242130 
1796.000000 0.241725 
1797.000000 0.241321 
1798.000000 0.240916 
1799.000000 0.240512 
1800.000000 0.240109 
1801.000000 0.239706 
1802.000000 0.239303 
1803.000000 0.238901 
1804.000000 0.238499 
1805.000000 0.238097 
1806.000000 0.237696 
1807.000000 0.237295 
1808.000000 0.236894 
1809.000000 0.236494 
1810.000000 0.236094 
1811.000000 0.235695 
1812.000000 0.235296 
1813.000000 0.234897 
1814.000000 0.234499 
1815.000000 0.234101 
1816.000000 0.233704 
1817.000000 0.233307 
1818.000000 0.232910 
1819.000000 0.232514 
1820.000000 0.232118 
1821.000000 0.231722 
1822.000000 0.231327 
1823.000000 0.230932 
1824.000000 0.230537 
1825.000000 0.230143 
1826.000000 0.229749 
1827.000000 0.229356 
1828.000000 0.228963 
1829.000000 0.228571 
1830.000000 0.228178 
1831.000000 0.227786 
1832.000000 0.227395 
1833.000000 0.227004 
1834.000000 0.226613 
1835.000000 0.226223 
1836.000000 0.225833 
1837.000000 0.225443 
1838.000000 0.225054 
1839.000000 0.224665 
1840.000000 0.224277 
1841.000000 0.223889 
1842.000000 0.223501 
1843.000000 0.223114 
1844.000000 0.222727 
1845.000000 0.222340 
1846.000000 0.221954 
1847.000000 0.221568 
1848.000000 0.221183 
1849.000000 0.220798 
1850.000000 0.220413 
1851.000000 0.220029 
1852.000000 0.219645 
1853.000000 0.219261 
1854.000000 0.218878 
1855.000000 0.218496 
1856.000000 0.218113 
1857.000000 0.217731 
1858.000000 0.217350 
1859.000000 0.216968 
1860.000000 0.216588 
1861.000000 0.216207 
1862.000000 0.215827 
1863.000000 0.215447 
1864.000000 0.215068 
1865.000000 0.214689 
1866.000000 0.214310 
1867.000000 0.213932 
1868.000000 0.213554 
1869.000000 0.213177 
1870.000000 0.212800 
1871.000000 0.212423 
1872.000000 0.212047 
1873.000000 0.211671 
1874.000000 0.211296 
1875.000000 0.210921 
1876.000000 0.210546 
1877.000000 0.210171 
1878.000000 0.209798 
1879.000000 0.209424 
1880.000000 0.209051 
1881.000000 0.208678 
1882.000000 0.208305 
1883.000000 0.207933 
1884.000000 0.207562 
1885.000000 0.207190 
1886.000000 0.206820 
1887.000000 0.206449 
1888.000000 0.206079 
1889.000000 0.205709 
1890.000000 0.205340 
1891.000000 0.204971 
1892.000000 0.204602 
1893.000000 0.204234 
1894.000000 0.203866 
1895.000000 0.203499 
1896.000000 0.203132 
1897.000000 0.202765 
1898.000000 0.202399 
1899.000000 0.202033 
1900.000000 0.201667 
1901.000000 0.201302 
1902.000000 0.200938 
1903.000000 0.200573 
1904.000000 0.200209 
1905.000000 0.199846 
1906.000000 0.199483 
1907.000000 0.199120 
1908.000000 0.198757 
1909.000000 0.198395 
1910.000000 0.198034 
1911.000000 0.197673 
1912.000000 0.197312 
1913.000000 0.196951 
1914.000000 0.196591 
1915.000000 0.196231 
1916.000000 0.195872 
1917.000000 0.195513 
1918.000000 0.195155 
1919.000000 0.194796 
1920.000000 0.194439 
1921.000000 0.194081 
1922.000000 0.193724 
1923.000000 0.193368 
1924.000000 0.193012 
1925.000000 0.192656 
1926.000000 0.192300 
1927.000000 0.191945 
1928.000000 0.191591 
1929.000000 0.191236 
1930.000000 0.190883 
1931.000000 0.190529 
1932.000000 0.190176 
1933.000000 0.189823 
1934.000000 0.189471 
1935.000000 0.189119 
1936.000000 0.188767 
1937.000000 0.188416 
1938.000000 0.188065 
1939.000000 0.187715 
1940.000000 0.187365 
1941.000000 0.187016 
1942.000000 0.186666 
1943.000000 0.186317 
1944.000000 0.185969 
1945.000000 0.185621 
1946.000000 0.185273 
1947.000000 0.184926 
1948.000000 0.184579 
1949.000000 0.184233 
1950.000000 0.183887 
1951.000000 0.183541 
1952.000000 0.183196 
1953.000000 0.182851 
1954.000000 0.182506 
1955.000000 0.182162 
1956.000000 0.181818 
1957.000000 0.181475 
1958.000000 0.181132 
1959.000000 0.180789 
1960.000000 0.180447 
1961.000000 0.180105 
1962.000000 0.179764 
1963.000000 0.179423 
1964.000000 0.179082 
1965.000000 0.178742 
1966.000000 0.178402 
1967.000000 0.178063 
1968.000000 0.177723 
1969.000000 0.177385 
1970.000000 0.177046 
1971.000000 0.176708 
1972.000000 0.176371 
1973.000000 0.176034 
1974.000000 0.175697 
1975.000000 0.175361 
1976.000000 0.175025 
1977.000000 0.174689 
1978.000000 0.174354 
1979.000000 0.174019 
1980.000000 0.173685 
1981.000000 0.173351 
1982.000000 0.173017 
1983.000000 0.172684 
1984.000000 0.172351 
1985.000000 0.172018 
1986.000000 0.171686 
1987.000000 0.171354 
1988.000000 0.171023 
1989.000000 0.170692 
1990.000000 0.170362 
1991.000000 0.170031 
1992.000000 0.169702 
1993.000000 0.169372 
1994.000000 0.169043 
1995.000000 0.168715 
1996.000000 0.168386 
1997.000000 0.168059 
1998.000000 0.167731 
1999.000000 0.167404 
2000.000000 0.167077 
2001.000000 0.166751 
2002.000000 0.166425 
2003.000000 0.166100 
2004.000000 0.165774 
2005.000000 0.165450 
2006.000000 0.165125 
2007.000000 0.164801 
2008.000000 0.164478 
2009.000000 0.164155 
2010.000000 0.163832 
2011.000000 0.163509 
2012.000000 0.163187 
2013.000000 0.162866 
2014.000000 0.162544 
2015.000000 0.162223 
2016.000000 0.161903 
2017.000000 0.161583 
2018.000000 0.161263 
2019.000000 0.160944 
2020.000000 0.160625 
2021.000000 0.160306 
2022.000000 0.159988 
2023.000000 0.159670 
2024.000000 0.159353 
2025.000000 0.159036 
2026.000000 0.158719 
2027.000000 0.158403 
2028.000000 0.158087 
2029.000000 0.157771 
2030.000000 0.157456 
2031.000000 0.157141 
2032.000000 0.156827 
2033.000000 0.156513 
2034.000000 0.156199 
2035.000000 0.155886 
2036.000000 0.155573 
2037.000000 0.155261 
2038.000000 0.154949 
2039.000000 0.154637 
2040.000000 0.154326 
2041.000000 0.154015 
2042.000000 0.153704 
2043.000000 0.153394 
2044.000000 0.153085 
2045.000000 0.152775 
2046.000000 0.152466 
2047.000000 0.152158 
2048.000000 0.151849 
2049.000000 0.151541 
2050.000000 0.151234 
2051.000000 0.150927 
2052.000000 0.150620 
2053.000000 0.150314 
2054.000000 0.150008 
2055.000000 0.149702 
2056.000000 0.149397 
2057.000000 0.149092 
2058.000000 0.148788 
2059.000000 0.148484 
2060.000000 0.148180 
2061.000000 0.147877 
2062.000000 0.147574 
2063.000000 0.147272 
2064.000000 0.146970 
2065.000000 0.146668 
2066.000000 0.146366 
2067.000000 0.146065 
2068.000000 0.145765 
2069.000000 0.145465 
2070.000000 0.145165 
2071.000000 0.144865 
2072.000000 0.144566 
2073.000000 0.144268 
2074.000000 0.143969 
2075.000000 0.143671 
2076.000000 0.143374 
2077.000000 0.143077 
2078.000000 0.142780 
2079.000000 0.142483 
2080.000000 0.142187 
2081.000000 0.141892 
2082.000000 0.141596 
2083.000000 0.141302 
2084.000000 0.141007 
2085.000000 0.140713 
2086.000000 0.140419 
2087.000000 0.140126 
2088.000000 0.139833 
2089.000000 0.139540 
2090.000000 0.139248 
2091.000000 0.138956 
2092.000000 0.138665 
2093.000000 0.138374 
2094.000000 0.138083 
2095.000000 0.137793 
2096.000000 0.137503 
2097.000000 0.137213 
2098.000000 0.136924 
2099.000000 0.136635 
2100.000000 0.136347 
2101.000000 0.136059 
2102.000000 0.135771 
2103.000000 0.135484 
2104.000000 0.135197 
2105.000000 0.134910 
2106.000000 0.134624 
2107.000000 0.134338 
2108.000000 0.134053 
2109.000000 0.133768 
2110.000000 0.133483 
2111.000000 0.133199 
2112.000000 0.132915 
2113.000000 0.132632 
2114.000000 0.132348 
2115.000000 0.132066 
2116.000000 0.131783 
2117.000000 0.131501 
2118.000000 0.131220 
2119.000000 0.130938 
2120.000000 0.130658 
2121.000000 0.130377 
2122.000000 0.130097 
2123.000000 0.129817 
2124.000000 0.129538 
2125.000000 0.129259 
2126.000000 0.128980 
2127.000000 0.128702 
2128.000000 0.128424 
2129.000000 0.128147 
2130.000000 0.127870 
2131.000000 0.127593 
2132.000000 0.127317 
2133.000000 0.127041 
2134.000000 0.126765 
2135.000000 0.126490 
2136.000000 0.126215 
2137.000000 0.125941 
2138.000000 0.125667 
2139.000000 0.125393 
2140.000000 0.125120 
2141.000000 0.124847 
2142.000000 0.124574 
2143.000000 0.124302 
2144.000000 0.124030 
2145.000000 0.123759 
2146.000000 0.123488 
2147.000000 0.123217 
2148.000000 0.122947 
2149.000000 0.122677 
2150.000000 0.122407 
2151.000000 0.122138 
2152.000000 0.121869 
2153.000000 0.121601 
2154.000000 0.121333 
2155.000000 0.121065 
2156.000000 0.120798 
2157.000000 0.120531 
2158.000000 0.120264 
2159.000000 0.119998 
2160.000000 0.119732 
2161.000000 0.119467 
2162.000000 0.119202 
2163.000000 0.118937 
2164.000000 0.118673 
2165.000000 0.118409 
2166.000000 0.118145 
2167.000000 0.117882 
2168.000000 0.117619 
2169.000000 0.117357 
2170.000000 0.117095 
2171.000000 0.116833 
2172.000000 0.116571 
2173.000000 0.116311 
2174.000000 0.116050 
2175.000000 0.115790 
2176.000000 0.115530 
2177.000000 0.115270 
2178.000000 0.115011 
2179.000000 0.114753 
2180.000000 0.114494 
2181.000000 0.114236 
2182.000000 0.113979 
2183.000000 0.113721 
2184.000000 0.113464 
2185.000000 0.113208 
2186.000000 0.112952 
2187.000000 0.112696 
2188.000000 0.112440 
2189.000000 0.112185 
2190.000000 0.111931 
2191.000000 0.111676 
2192.000000 0.111423 
2193.000000 0.111169 
2194.000000 0.110916 
2195.000000 0.110663 
2196.000000 0.110410 
2197.000000 0.110158 
2198.000000 0.109907 
2199.000000 0.109655 
2200.000000 0.109404 
2201.000000 0.109154 
2202.000000 0.108903 
2203.000000 0.108653 
2204.000000 0.108404 
2205.000000 0.108155 
2206.000000 0.107906 
2207.000000 0.107658 
2208.000000 0.107409 
2209.000000 0.107162 
2210.000000 0.106914 
2211.000000 0.106667 
2212.000000 0.106421 
2213.000000 0.106175 
2214.000000 0.105929 
2215.000000 0.105683 
2216.000000 0.105438 
2217.000000 0.105193 
2218.000000 0.104949 
2219.000000 0.104705 
2220.000000 0.104461 
2221.000000 0.104218 
2222.000000 0.103975 
2223.000000 0.103732 
2224.000000 0.103490 
2225.000000 0.103248 
2226.000000 0.103006 
2227.000000 0.102765 
2228.000000 0.102524 
2229.000000 0.102284 
2230.000000 0.102044 
2231.000000 0.101804 
2232.000000 0.101565 
2233.000000 0.101326 
2234.000000 0.101087 
2235.000000 0.100849 
2236.000000 0.100611 
2237.000000 0.100373 
2238.000000 0.100136 
2239.000000 0.099899 
2240.000000 0.099663 
2241.000000 0.099426 
2242.000000 0.099191 
2243.000000 0.098955 
2244.000000 0.098720 
2245.000000 0.098485 
2246.000000 0.098251 
2247.000000 0.098017 
2248.000000 0.097783 
2249.000000 0.097550 
2250.000000 0.097317 
2251.000000 0.097085 
2252.000000 0.096852 
2253.000000 0.096620 
2254.000000 0.096389 
2255.000000 0.096158 
2256.000000 0.095927 
2257.000000 0.095697 
2258.000000 0.095466 
2259.000000 0.095237 
2260.000000 0.095007 
2261.000000 0.094778 
2262.000000 0.094550 
2263.000000 0.094321 
2264.000000 0.094093 
2265.000000 0.093866 
2266.000000 0.093638 
2267.000000 0.093412 
2268.000000 0.093185 
2269.000000 0.092959 
2270.000000 0.092733 
2271.000000 0.092507 
2272.000000 0.092282 
2273.000000 0.092058 
2274.000000 0.091833 
2275.000000 0.091609 
2276.000000 0.091385 
2277.000000 0.091162 
2278.000000 0.090939 
2279.000000 0.090716 
2280.000000 0.090494 
2281.000000 0.090272 
2282.000000 0.090050 
2283.000000 0.089829 
2284.000000 0.089608 
2285.000000 0.089387 
2286.000000 0.089167 
2287.000000 0.088947 
2288.000000 0.088728 
2289.000000 0.088509 
2290.000000 0.088290 
2291.000000 0.088071 
2292.000000 0.087853 
2293.000000 0.087635 
2294.000000 0.087418 
2295.000000 0.087201 
2296.000000 0.086984 
2297.000000 0.086768 
2298.000000 0.086552 
2299.000000 0.086336 
2300.000000 0.086120 
2301.000000 0.085905 
2302.000000 0.085691 
2303.000000 0.085476 
2304.000000 0.085262 
2305.000000 0.085049 
2306.000000 0.084836 
2307.000000 0.084623 
2308.000000 0.084410 
2309.000000 0.084198 
2310.000000 0.083986 
2311.000000 0.083774 
2312.000000 0.083563 
2313.000000 0.083352 
2314.000000 0.083142 
2315.000000 0.082932 
2316.000000 0.082722 
2317.000000 0.082512 
2318.000000 0.082303 
2319.000000 0.082094 
2320.000000 0.081886 
2321.000000 0.081678 
2322.000000 0.081470 
2323.000000 0.081263 
2324.000000 0.081056 
2325.000000 0.080849 
2326.000000 0.080643 
2327.000000 0.080437 
2328.000000 0.080231 
2329.000000 0.080026 
2330.000000 0.079821 
2331.000000 0.079616 
2332.000000 0.079412 
2333.000000 0.079208 
2334.000000 0.079004 
2335.000000 0.078801 
2336.000000 0.078598 
2337.000000 0.078395 
2338.000000 0.078193 
2339.000000 0.077991 
2340.000000 0.077789 
2341.000000 0.077588 
2342.000000 0.077387 
2343.000000 0.077187 
2344.000000 0.076986 
2345.000000 0.076786 
2346.000000 0.076587 
2347.000000 0.076388 
2348.000000 0.076189 
2349.000000 0.075990 
2350.000000 0.075792 
2351.000000 0.075594 
2352.000000 0.075397 
2353.000000 0.075200 
2354.000000 0.075003 
2355.000000 0.074806 
2356.000000 0.074610 
2357.000000 0.074414 
2358.000000 0.074219 
2359.000000 0.074024 
2360.000000 0.073829 
2361.000000 0.073634 
2362.000000 0.073440 
2363.000000 0.073246 
2364.000000 0.073053 
2365.000000 0.072860 
2366.000000 0.072667 
2367.000000 0.072474 
2368.000000 0.072282 
2369.000000 0.072091 
2370.000000 0.071899 
2371.000000 0.071708 
2372.000000 0.071517 
2373.000000 0.071327 
2374.000000 0.071137 
2375.000000 0.070947 
2376.000000 0.070757 
2377.000000 0.070568 
2378.000000 0.070379 
2379.000000 0.070191 
2380.000000 0.070003 
2381.000000 0.069815 
2382.000000 0.069628 
2383.000000 0.069440 
2384.000000 0.069254 
2385.000000 0.069067 
2386.000000 0.068881 
2387.000000 0.068695 
2388.000000 0.068510 
2389.000000 0.068325 
2390.000000 0.068140 
2391.000000 0.067955 
2392.000000 0.067771 
2393.000000 0.067587 
2394.000000 0.067404 
2395.000000 0.067220 
2396.000000 0.067038 
2397.000000 0.066855 
2398.000000 0.066673 
2399.000000 0.066491 
2400.000000 0.066309 
2401.000000 0.066128 
2402.000000 0.065947 
2403.000000 0.065767 
2404.000000 0.065586 
2405.000000 0.065406 
2406.000000 0.065227 
2407.000000 0.065047 
2408.000000 0.064869 
2409.000000 0.064690 
2410.000000 0.064512 
2411.000000 0.064334 
2412.000000 0.064156 
2413.000000 0.063978 
2414.000000 0.063801 
2415.000000 0.063625 
2416.000000 0.063448 
2417.000000 0.063272 
2418.000000 0.063096 
2419.000000 0.062921 
2420.000000 0.062746 
2421.000000 0.062571 
2422.000000 0.062396 
2423.000000 0.062222 
2424.000000 0.062048 
2425.000000 0.061875 
2426.000000 0.061702 
2427.000000 0.061529 
2428.000000 0.061356 
2429.000000 0.061184 
2430.000000 0.061012 
2431.000000 0.060840 
2432.000000 0.060669 
2433.000000 0.060498 
2434.000000 0.060327 
2435.000000 0.060156 
2436.000000 0.059986 
2437.000000 0.059817 
2438.000000 0.059647 
2439.000000 0.059478 
2440.000000 0.059309 
2441.000000 0.059140 
2442.000000 0.058972 
2443.000000 0.058804 
2444.000000 0.058637 
2445.000000 0.058469 
2446.000000 0.058302 
2447.000000 0.058136 
2448.000000 0.057969 
2449.000000 0.057803 
2450.000000 0.057637 
2451.000000 0.057472 
2452.000000 0.057307 
2453.000000 0.057142 
2454.000000 0.056977 
2455.000000 0.056813 
2456.000000 0.056649 
2457.000000 0.056485 
2458.000000 0.056322 
2459.000000 0.056159 
2460.000000 0.055996 
2461.000000 0.055834 
2462.000000 0.055672 
2463.000000 0.055510 
2464.000000 0.055348 
2465.000000 0.055187 
2466.000000 0.055026 
2467.000000 0.054865 
2468.000000 0.054705 
2469.000000 0.054545 
2470.000000 0.054385 
2471.000000 0.054226 
2472.000000 0.054067 
2473.000000 0.053908 
2474.000000 0.053749 
2475.000000 0.053591 
2476.000000 0.053433 
2477.000000 0.053275 
2478.000000 0.053118 
2479.000000 0.052961 
2480.000000 0.052804 
2481.000000 0.052648 
2482.000000 0.052492 
2483.000000 0.052336 
2484.000000 0.052180 
2485.000000 0.052025 
2486.000000 0.051870 
2487.000000 0.051715 
2488.000000 0.051561 
2489.000000 0.051407 
2490.000000 0.051253 
2491.000000 0.051099 
2492.000000 0.050946 
2493.000000 0.050793 
2494.000000 0.050640 
2495.000000 0.050488 
2496.000000 0.050336 
2497.000000 0.050184 
2498.000000 0.050033 
2499.000000 0.049881 
2500.000000 0.049730 
2501.000000 0.049580 
2502.000000 0.049430 
2503.000000 0.049280 
2504.000000 0.049130 
2505.000000 0.048980 
2506.000000 0.048831 
2507.000000 0.048682 
2508.000000 0.048534 
2509.000000 0.048385 
2510.000000 0.048237 
2511.000000 0.048090 
2512.000000 0.047942 
2513.000000 0.047795 
2514.000000 0.047648 
2515.000000 0.047502 
2516.000000 0.047355 
2517.000000 0.047209 
2518.000000 0.047064 
2519.000000 0.046918 
2520.000000 0.046773 
2521.000000 0.046628 
2522.000000 0.046484 
2523.000000 0.046339 
2524.000000 0.046195 
2525.000000 0.046052 
2526.000000 0.045908 
2527.000000 0.045765 
2528.000000 0.045622 
2529.000000 0.045480 
2530.000000 0.045338 
2531.000000 0.045196 
2532.000000 0.045054 
2533.000000 0.044912 
2534.000000 0.044771 
2535.000000 0.044630 
2536.000000 0.044490 
2537.000000 0.044350 
2538.000000 0.044210 
2539.000000 0.044070 
2540.000000 0.043931 
2541.000000 0.043791 
2542.000000 0.043653 
2543.000000 0.043514 
2544.000000 0.043376 
2545.000000 0.043238 
2546.000000 0.043100 
2547.000000 0.042963 
2548.000000 0.042825 
2549.000000 0.042689 
2550.000000 0.042552 
2551.000000 0.042416 
2552.000000 0.042280 
2553.000000 0.042144 
2554.000000 0.042009 
2555.000000 0.041873 
2556.000000 0.041738 
2557.000000 0.041604 
2558.000000 0.041470 
2559.000000 0.041336 
2560.000000 0.041202 
2561.000000 0.041068 
2562.000000 0.040935 
2563.000000 0.040802 
2564.000000 0.040670 
2565.000000 0.040537 
2566.000000 0.040405 
2567.000000 0.040274 
2568.000000 0.040142 
2569.000000 0.040011 
2570.000000 0.039880 
2571.000000 0.039749 
2572.000000 0.039619 
2573.000000 0.039489 
2574.000000 0.039359 
2575.000000 0.039229 
2576.000000 0.039100 
2577.000000 0.038971 
2578.000000 0.038843 
2579.000000 0.038714 
2580.000000 0.038586 
2581.000000 0.038458 
2582.000000 0.038331 
2583.000000 0.038203 
2584.000000 0.038076 
2585.000000 0.037950 
2586.000000 0.037823 
2587.000000 0.037697 
2588.000000 0.037571 
2589.000000 0.037446 
2590.000000 0.037320 
2591.000000 0.037195 
2592.000000 0.037071 
2593.000000 0.036946 
2594.000000 0.036822 
2595.000000 0.036698 
2596.000000 0.036574 
2597.000000 0.036451 
2598.000000 0.036328 
2599.000000 0.036205 
2600.000000 0.036082 
2601.000000 0.035960 
2602.000000 0.035838 
2603.000000 0.035716 
2604.000000 0.035595 
2605.000000 0.035474 
2606.000000 0.035353 
2607.000000 0.035232 
2608.000000 0.035112 
2609.000000 0.034992 
2610.000000 0.034872 
2611.000000 0.034753 
2612.000000 0.034633 
2613.000000 0.034514 
2614.000000 0.034396 
2615.000000 0.034277 
2616.000000 0.034159 
2617.000000 0.034041 
2618.000000 0.033924 
2619.000000 0.033806 
2620.000000 0.033689 
2621.000000 0.033572 
2622.000000 0.033456 
2623.000000 0.033340 
2624.000000 0.033224 
2625.000000 0.033108 
2626.000000 0.032992 
2627.000000 0.032877 
2628.000000 0.032762 
2629.000000 0.032648 
2630.000000 0.032533 
2631.000000 0.032419 
2632.000000 0.032305 
2633.000000 0.032192 
2634.000000 0.032078 
2635.000000 0.031965 
2636.000000 0.031853 
2637.000000 0.031740 
2638.000000 0.031628 
2639.000000 0.031516 
2640.000000 0.031404 
2641.000000 0.031293 
2642.000000 0.031181 
2643.000000 0.031070 
2644.000000 0.030960 
2645.000000 0.030849 
2646.000000 0.030739 
2647.000000 0.030629 
2648.000000 0.030520 
2649.000000 0.030410 
2650.000000 0.030301 
2651.000000 0.030192 
2652.000000 0.030084 
2653.000000 0.029975 
2654.000000 0.029867 
2655.000000 0.029759 
2656.000000 0.029652 
2657.000000 0.029544 
2658.000000 0.029437 
2659.000000 0.029331 
2660.000000 0.029224 
2661.000000 0.029118 
2662.000000 0.029012 
2663.000000 0.028906 
2664.000000 0.028800 
2665.000000 0.028695 
2666.000000 0.028590 
2667.000000 0.028485 
2668.000000 0.028381 
2669.000000 0.028276 
2670.000000 0.028172 
2671.000000 0.028068 
2672.000000 0.027965 
2673.000000 0.027862 
2674.000000 0.027758 
2675.000000 0.027656 
2676.000000 0.027553 
2677.000000 0.027451 
2678.000000 0.027349 
2679.000000 0.027247 
2680.000000 0.027145 
2681.000000 0.027044 
2682.000000 0.026943 
2683.000000 0.026842 
2684.000000 0.026741 
2685.000000 0.026641 
2686.000000 0.026541 
2687.000000 0.026441 
2688.000000 0.026341 
2689.000000 0.026242 
2690.000000 0.026143 
2691.000000 0.026044 
2692.000000 0.025945 
2693.000000 0.025846 
2694.000000 0.025748 
2695.000000 0.025650 
2696.000000 0.025552 
2697.000000 0.025455 
2698.000000 0.025358 
2699.000000 0.025260 
2700.000000 0.025164 
2701.000000 0.025067 
2702.000000 0.024971 
2703.000000 0.024875 
2704.000000 0.024779 
2705.000000 0.024683 
2706.000000 0.024587 
2707.000000 0.024492 
2708.000000 0.024397 
2709.000000 0.024303 
2710.000000 0.024208 
2711.000000 0.024114 
2712.000000 0.024020 
2713.000000 0.023926 
2714.000000 0.023832 
2715.000000 0.023739 
2716.000000 0.023646 
2717.000000 0.023553 
2718.000000 0.023460 
2719.000000 0.023367 
2720.000000 0.023275 
2721.000000 0.023183 
2722.000000 0.023091 
2723.000000 0.023000 
2724.000000 0.022908 
2725.000000 0.022817 
2726.000000 0.022726 
2727.000000 0.022635 
2728.000000 0.022545 
2729.000000 0.022455 
2730.000000 0.022365 
2731.000000 0.022275 
2732.000000 0.022185 
2733.000000 0.022096 
2734.000000 0.022007 
2735.000000 0.021918 
2736.000000 0.021829 
2737.000000 0.021741 
2738.000000 0.021652 
2739.000000 0.021564 
2740.000000 0.021476 
2741.000000 0.021389 
2742.000000 0.021301 
2743.000000 0.021214 
2744.000000 0.021127 
2745.000000 0.021040 
2746.000000 0.020954 
2747.000000 0.020867 
2748.000000 0.020781 
2749.000000 0.020695 
2750.000000 0.020610 
2751.000000 0.020524 
2752.000000 0.020439 
2753.000000 0.020354 
2754.000000 0.020269 
2755.000000 0.020185 
2756.000000 0.020100 
2757.000000 0.020016 
2758.000000 0.019932 
2759.000000 0.019848 
2760.000000 0.019765 
2761.000000 0.019681 
2762.000000 0.019598 
2763.000000 0.019515 
2764.000000 0.019433 
2765.000000 0.019350 
2766.000000 0.019268 
2767.000000 0.019186 
2768.000000 0.019104 
2769.000000 0.019023 
2770.000000 0.018941 
2771.000000 0.018860 
2772.000000 0.018779 
2773.000000 0.018698 
2774.000000 0.018618 
2775.000000 0.018538 
2776.000000 0.018457 
2777.000000 0.018378 
2778.000000 0.018298 
2779.000000 0.018218 
2780.000000 0.018139 
2781.000000 0.018060 
2782.000000 0.017981 
2783.000000 0.017903 
2784.000000 0.017824 
2785.000000 0.017746 
2786.000000 0.017668 
2787.000000 0.017590 
2788.000000 0.017513 
2789.000000 0.017436 
2790.000000 0.017358 
2791.000000 0.017281 
2792.000000 0.017205 
2793.000000 0.017128 
2794.000000 0.017052 
2795.000000 0.016976 
2796.000000 0.016900 
2797.000000 0.016825 
2798.000000 0.016749 
2799.000000 0.016674 
2800.000000 0.016599 
2801.000000 0.016524 
2802.000000 0.016450 
2803.000000 0.016375 
2804.000000 0.016301 
2805.000000 0.016228 
2806.000000 0.016154 
2807.000000 0.016080 
2808.000000 0.016007 
2809.000000 0.015934 
2810.000000 0.015861 
2811.000000 0.015789 
2812.000000 0.015716 
2813.000000 0.015644 
2814.000000 0.015572 
2815.000000 0.015501 
2816.000000 0.015429 
2817.000000 0.015358 
2818.000000 0.015287 
2819.000000 0.015216 
2820.000000 0.015145 
2821.000000 0.015075 
2822.000000 0.015005 
2823.000000 0.014935 
2824.000000 0.014865 
2825.000000 0.014795 
2826.000000 0.014726 
2827.000000 0.014657 
2828.000000 0.014588 
2829.000000 0.014519 
2830.000000 0.014451 
2831.000000 0.014383 
2832.000000 0.014315 
2833.000000 0.014247 
2834.000000 0.014179 
2835.000000 0.014112 
2836.000000 0.014045 
2837.000000 0.013978 
2838.000000 0.013911 
2839.000000 0.013845 
2840.000000 0.013778 
2841.000000 0.013712 
2842.000000 0.013646 
2843.000000 0.013581 
2844.000000 0.013515 
2845.000000 0.013450 
2846.000000 0.013385 
2847.000000 0.013321 
2848.000000 0.013256 
2849.000000 0.013192 
2850.000000 0.013128 
2851.000000 0.013064 
2852.000000 0.013000 
2853.000000 0.012937 
2854.000000 0.012874 
2855.000000 0.012811 
2856.000000 0.012748 
2857.000000 0.012685 
2858.000000 0.012623 
2859.000000 0.012561 
2860.000000 0.012499 
2861.000000 0.012437 
2862.000000 0.012376 
2863.000000 0.012315 
2864.000000 0.012254 
2865.000000 0.012193 
2866.000000 0.012133 
2867.000000 0.012072 
2868.000000 0.012012 
2869.000000 0.011952 
2870.000000 0.011893 
2871.000000 0.011833 
2872.000000 0.011774 
2873.000000 0.011715 
2874.000000 0.011656 
2875.000000 0.011598 
2876.000000 0.011539 
2877.000000 0.011481 
2878.000000 0.011423 
2879.000000 0.011365 
2880.000000 0.011308 
2881.000000 0.011251 
2882.000000 0.011194 
2883.000000 0.011137 
2884.000000 0.011080 
2885.000000 0.011024 
2886.000000 0.010968 
2887.000000 0.010912 
2888.000000 0.010856 
2889.000000 0.010800 
2890.000000 0.010745 
2891.000000 0.010690 
2892.000000 0.010635 
2893.000000 0.010581 
2894.000000 0.010526 
2895.000000 0.010472 
2896.000000 0.010418 
2897.000000 0.010364 
2898.000000 0.010311 
2899.000000 0.010257 
2900.000000 0.010204 
2901.000000 0.010151 
2902.000000 0.010099 
2903.000000 0.010046 
2904.000000 0.009994 
2905.000000 0.009942 
2906.000000 0.009890 
2907.000000 0.009838 
2908.000000 0.009787 
2909.000000 0.009736 
2910.000000 0.009685 
2911.000000 0.009634 
2912.000000 0.009583 
2913.000000 0.009533 
2914.000000 0.009483 
2915.000000 0.009433 
2916.000000 0.009383 
2917.000000 0.009334 
2918.000000 0.009285 
2919.000000 0.009235 
2920.000000 0.009187 
2921.000000 0.009138 
2922.000000 0.009090 
2923.000000 0.009041 
2924.000000 0.008993 
2925.000000 0.008946 
2926.000000 0.008898 
2927.000000 0.008851 
2928.000000 0.008803 
2929.000000 0.008756 
2930.000000 0.008710 
2931.000000 0.008663 
2932.000000 0.008617 
2933.000000 0.008571 
2934.000000 0.008525 
2935.000000 0.008479 
2936.000000 0.008434 
2937.000000 0.008388 
2938.000000 0.008343 
2939.000000 0.008299 
2940.000000 0.008254 
2941.000000 0.008209 
2942.000000 0.008165 
2943.000000 0.008121 
2944.000000 0.008077 
2945.000000 0.008034 
2946.000000 0.007990 
2947.000000 0.007947 
2948.000000 0.007904 
2949.000000 0.007861 
2950.000000 0.007819 
2951.000000 0.007776 
2952.000000 0.007734 
2953.000000 0.007692 
2954.000000 0.007651 
2955.000000 0.007609 
2956.000000 0.007568 
2957.000000 0.007527 
2958.000000 0.007486 
2959.000000 0.007445 
2960.000000 0.007405 
2961.000000 0.007364 
2962.000000 0.007324 
2963.000000 0.007284 
2964.000000 0.007245 
2965.000000 0.007205 
2966.000000 0.007166 
2967.000000 0.007127 
2968.000000 0.007088 
2969.000000 0.007050 
2970.000000 0.007011 
2971.000000 0.006973 
2972.000000 0.006935 
2973.000000 0.006897 
2974.000000 0.006860 
2975.000000 0.006822 
2976.000000 0.006785 
2977.000000 0.006748 
2978.000000 0.006711 
2979.000000 0.006675 
2980.000000 0.006638 
2981.000000 0.006602 
2982.000000 0.006566 
2983.000000 0.006531 
2984.000000 0.006495 
2985.000000 0.006460 
2986.000000 0.006425 
2987.000000 0.006390 
2988.000000 0.006356 
2989.000000 0.006321 
2990.000000 0.006287 
2991.000000 0.006253 
2992.000000 0.006219 
2993.000000 0.006186 
2994.000000 0.006152 
2995.000000 0.006119 
2996.000000 0.006086 
2997.000000 0.006053 
2998.000000 0.006021 
2999.000000 0.005989 
3000.000000 0.005957 
3001.000000 0.005925 
3002.000000 0.005893 
3003.000000 0.005862 
3004.000000 0.005831 
3005.000000 0.005800 
3006.000000 0.005769 
3007.000000 0.005738 
3008.000000 0.005708 
3009.000000 0.005678 
3010.000000 0.005648 
3011.000000 0.005619 
3012.000000 0.005589 
3013.000000 0.005560 
3014.000000 0.005531 
3015.000000 0.005502 
3016.000000 0.005474 
3017.000000 0.005445 
3018.000000 0.005417 
3019.000000 0.005389 
3020.000000 0.005362 
3021.000000 0.005334 
3022.000000 0.005307 
3023.000000 0.005280 
3024.000000 0.005254 
3025.000000 0.005227 
3026.000000 0.005201 
3027.000000 0.005175 
3028.000000 0.005149 
3029.000000 0.005124 
3030.000000 0.005098 
3031.000000 0.005073 
3032.000000 0.005048 
3033.000000 0.005024 
3034.000000 0.004999 
3035.000000 0.004975 
3036.000000 0.004951 
3037.000000 0.004928 
3038.000000 0.004904 
3039.000000 0.004881 
3040.000000 0.004858 
3041.000000 0.004835 
3042.000000 0.004813 
3043.000000 0.004791 
3044.000000 0.004769 
3045.000000 0.004747 
3046.000000 0.004725 
3047.000000 0.004704 
3048.000000 0.004683 
3049.000000 0.004662 
3050.000000 0.004642 
3051.000000 0.004621 
3052.000000 0.004601 
3053.000000 0.004581 
3054.000000 0.004562 
3055.000000 0.004542 
3056.000000 0.004523 
3057.000000 0.004504 
3058.000000 0.004486 
3059.000000 0.004467 
3060.000000 0.004449 
3061.000000 0.004431 
3062.000000 0.004413 
3063.000000 0.004396 
3064.000000 0.004379 
3065.000000 0.004362 
3066.000000 0.004345 
3067.000000 0.004329 
3068.000000 0.004313 
3069.000000 0.004297 
3070.000000 0.004281 
3071.000000 0.004265 
3072.000000 0.004250 
3073.000000 0.004235 
3074.000000 0.004220 
3075.000000 0.004206 
3076.000000 0.004192 
3077.000000 0.004178 
3078.000000 0.004164 
3079.000000 0.004150 
3080.000000 0.004137 
3081.000000 0.004124 
3082.000000 0.004111 
3083.000000 0.004098 
3084.000000 0.004086 
3085.000000 0.004074 
3086.000000 0.004062 
3087.000000 0.004050 
3088.000000 0.004039 
3089.000000 0.004027 
3090.000000 0.004016 
3091.000000 0.004006 
3092.000000 0.003995 
3093.000000 0.003985 
3094.000000 0.003975 
3095.000000 0.003965 
3096.000000 0.003955 
3097.000000 0.003946 
3098.000000 0.003937 
3099.000000 0.003928 
3100.000000 0.003919 
3101.000000 0.003910 
3102.000000 0.003902 
3103.000000 0.003894 
3104.000000 0.003886 
3105.000000 0.003878 
3106.000000 0.003871 
3107.000000 0.003864 
3108.000000 0.003856 
3109.000000 0.003850 
3110.000000 0.003843 
3111.000000 0.003836 
3112.000000 0.003830 
3113.000000 0.003824 
3114.000000 0.003818 
3115.000000 0.003813 
3116.000000 0.003807 
3117.000000 0.003802 
3118.000000 0.003797 
3119.000000 0.003792 
3120.000000 0.003787 
3121.000000 0.003783 
3122.000000 0.003778 
3123.000000 0.003774 
3124.000000 0.003770 
3125.000000 0.003766 
3126.000000 0.003763 
3127.000000 0.003759 
3128.000000 0.003756 
3129.000000 0.003753 
3130.000000 0.003750 
3131.000000 0.003747 
3132.000000 0.003744 
3133.000000 0.003742 
3134.000000 0.003739 
3135.000000 0.003737 
3136.000000 0.003735 
3137.000000 0.003733 
3138.000000 0.003731 
3139.000000 0.003730 
3140.000000 0.003728 
3141.000000 0.003727 
3142.000000 0.003726 
3143.000000 0.003725 
3144.000000 0.003724 
3145.000000 0.003723 
3146.000000 0.003723 
3147.000000 0.003722 
3148.000000 0.003722 
3149.000000 0.003722 
3150.000000 0.003721 
3151.000000 0.003721 
3152.000000 0.003721 
3153.000000 0.003722 
3154.000000 0.003722 
3155.000000 0.003722 
3156.000000 0.003723 
3157.000000 0.003724 
3158.000000 0.003724 
3159.000000 0.003725 
3160.000000 0.003726 
3161.000000 0.003727 
3162.000000 0.003729 
3163.000000 0.003730 
3164.000000 0.003731 
3165.000000 0.003733 
3166.000000 0.003734 
3167.000000 0.003736 
3168.000000 0.003738 
3169.000000 0.003739 
3170.000000 0.003741 
3171.000000 0.003743 
3172.000000 0.003745 
3173.000000 0.003747 
3174.000000 0.003750 
3175.000000 0.003752 
3176.000000 0.003754 
3177.000000 0.003757 
3178.000000 0.003759 
3179.000000 0.003762 
3180.000000 0.003764 
3181.000000 0.003767 
3182.000000 0.003770 
3183.000000 0.003773 
3184.000000 0.003775 
3185.000000 0.003778 
3186.000000 0.003781 
3187.000000 0.003784 
3188.000000 0.003787 
3189.000000 0.003790 
3190.000000 0.003794 
3191.000000 0.003797 
3192.000000 0.003800 
3193.000000 0.003803 
3194.000000 0.003807 
3195.000000 0.003810 
3196.000000 0.003814 
3197.000000 0.003817 
3198.000000 0.003821 
3199.000000 0.003824 
3200.000000 0.003828 
3201.000000 0.003831 
3202.000000 0.003835 
3203.000000 0.003839 
3204.000000 0.003842 
3205.000000 0.003846 
3206.000000 0.003850 
3207.000000 0.003854 
3208.000000 0.003858 
3209.000000 0.003862 
3210.000000 0.003865 
3211.000000 0.003869 
3212.000000 0.003873 
3213.000000 0.003877 
3214.000000 0.003881 
3215.000000 0.003885 
3216.000000 0.003889 
3217.000000 0.003893 
3218.000000 0.003897 
3219.000000 0.003901 
3220.000000 0.003905 
3221.000000 0.003909 
3222.000000 0.003913 
3223.000000 0.003918 
3224.000000 0.003922 
3225.000000 0.003926 
3226.000000 0.003930 
3227.000000 0.003934 
3228.000000 0.003938 
3229.000000 0.003942 
3230.000000 0.003947 
3231.000000 0.003951 
3232.000000 0.003955 
3233.000000 0.003959 
3234.000000 0.003963 
3235.000000 0.003967 
3236.000000 0.003972 
3237.000000 0.003976 
3238.000000 0.003980 
3239.000000 0.003984 
3240.000000 0.003988 
3241.000000 0.003992 
3242.000000 0.003997 
3243.000000 0.004001 
3244.000000 0.004005 
3245.000000 0.004009 
3246.000000 0.004013 
3247.000000 0.004017 
3248.000000 0.004022 
3249.000000 0.004026 
3250.000000 0.004030 
3251.000000 0.004034 
3252.000000 0.004038 
3253.000000 0.004042 
3254.000000 0.004046 
3255.000000 0.004050 
3256.000000 0.004055 
3257.000000 0.004059 
3258.000000 0.004063 
3259.000000 0.004067 
3260.000000 0.004071 
3261.000000 0.004075 
3262.000000 0.004079 
3263.000000 0.004083 
3264.000000 0.004087 
3265.000000 0.004091 
3266.000000 0.004095 
3267.000000 0.004099 
3268.000000 0.004103 
3269.000000 0.004106 
3270.000000 0.004110 
3271.000000 0.004114 
3272.000000 0.004118 
3273.000000 0.004122 
3274.000000 0.004126 
3275.000000 0.004130 
3276.000000 0.004133 
3277.000000 0.004137 
3278.000000 0.004141 
3279.000000 0.004145 
3280.000000 0.004148 
3281.000000 0.004152 
3282.000000 0.004156 
3283.000000 0.004159 
3284.000000 0.004163 
3285.000000 0.004166 
3286.000000 0.004170 
3287.000000 0.004174 
3288.000000 0.004177 
3289.000000 0.004181 
3290.000000 0.004184 
3291.000000 0.004188 
3292.000000 0.004191 
3293.000000 0.004194 
3294.000000 0.004198 
3295.000000 0.004201 
3296.000000 0.004204 
3297.000000 0.004208 
3298.000000 0.004211 
3299.000000 0.004214 
3300.000000 0.004217 
3301.000000 0.004221 
3302.000000 0.004224 
3303.000000 0.004227 
3304.000000 0.004230 
3305.000000 0.004233 
3306.000000 0.004236 
3307.000000 0.004239 
3308.000000 0.004242 
3309.000000 0.004245 
3310.000000 0.004248 
3311.000000 0.004251 
3312.000000 0.004254 
3313.000000 0.004257 
3314.000000 0.004260 
3315.000000 0.004262 
3316.000000 0.004265 
3317.000000 0.004268 
3318.000000 0.004271 
3319.000000 0.004273 
3320.000000 0.004276 
3321.000000 0.004279 
3322.000000 0.004281 
3323.000000 0.004284 
3324.000000 0.004286 
3325.000000 0.004289 
3326.000000 0.004291 
3327.000000 0.004293 
3328.000000 0.004296 
3329.000000 0.004298 
3330.000000 0.004300 
3331.000000 0.004303 
3332.000000 0.004305 
3333.000000 0.004307 
3334.000000 0.004309 
3335.000000 0.004311 
3336.000000 0.004314 
3337.000000 0.004316 
3338.000000 0.004318 
3339.000000 0.004320 
3340.000000 0.004322 
3341.000000 0.004323 
3342.000000 0.004325 
3343.000000 0.004327 
3344.000000 0.004329 
3345.000000 0.004331 
3346.000000 0.004332 
3347.000000 0.004334 
3348.000000 0.004336 
3349.000000 0.004337 
3350.000000 0.004339 
3351.000000 0.004341 
3352.000000 0.004342 
3353.000000 0.004344 
3354.000000 0.004345 
3355.000000 0.004346 
3356.000000 0.004348 
3357.000000 0.004349 
3358.000000 0.004350 
3359.000000 0.004352 
3360.000000 0.004353 
3361.000000 0.004354 
3362.000000 0.004355 
3363.000000 0.004356 
3364.000000 0.004357 
3365.000000 0.004358 
3366.000000 0.004359 
3367.000000 0.004360 
3368.000000 0.004361 
3369.000000 0.004362 
3370.000000 0.004363 
3371.000000 0.004364 
3372.000000 0.004364 
3373.000000 0.004365 
3374.000000 0.004366 
3375.000000 0.004366 
3376.000000 0.004367 
3377.000000 0.004367 
3378.000000 0.004368 
3379.000000 0.004368 
3380.000000 0.004369 
3381.000000 0.004369 
3382.000000 0.004370 
3383.000000 0.004370 
3384.000000 0.004370 
3385.000000 0.004371 
3386.000000 0.004371 
3387.000000 0.004371 
3388.000000 0.004371 
3389.000000 0.004371 
3390.000000 0.004371 
3391.000000 0.004371 
3392.000000 0.004371 
3393.000000 0.004371 
3394.000000 0.004371 
3395.000000 0.004371 
3396.000000 0.004371 
3397.000000 0.004370 
3398.000000 0.004370 
3399.000000 0.004370 
3400.000000 0.004369 
3401.000000 0.004369 
3402.000000 0.004369 
3403.000000 0.004368 
3404.000000 0.004368 
3405.000000 0.004367 
3406.000000 0.004367 
3407.000000 0.004366 
3408.000000 0.004365 
3409.000000 0.004365 
3410.000000 0.004364 
3411.000000 0.004363 
3412.000000 0.004362 
3413.000000 0.004362 
3414.000000 0.004361 
3415.000000 0.004360 
3416.000000 0.004359 
3417.000000 0.004358 
3418.000000 0.004357 
3419.000000 0.004356 
3420.000000 0.004355 
3421.000000 0.004354 
3422.000000 0.004353 
3423.000000 0.004351 
3424.000000 0.004350 
3425.000000 0.004349 
3426.000000 0.004348 
3427.000000 0.004346 
3428.000000 0.004345 
3429.000000 0.004343 
3430.000000 0.004342 
3431.000000 0.004341 
3432.000000 0.004339 
3433.000000 0.004338 
3434.000000 0.004336 
3435.000000 0.004334 
3436.000000 0.004333 
3437.000000 0.004331 
3438.000000 0.004329 
3439.000000 0.004328 
3440.000000 0.004326 
3441.000000 0.004324 
3442.000000 0.004322 
3443.000000 0.004320 
3444.000000 0.004318 
3445.000000 0.004316 
3446.000000 0.004314 
3447.000000 0.004312 
3448.000000 0.004310 
3449.000000 0.004308 
3450.000000 0.004306 
3451.000000 0.004304 
3452.000000 0.004302 
3453.000000 0.004300 
3454.000000 0.004297 
3455.000000 0.004295 
3456.000000 0.004293 
3457.000000 0.004291 
3458.000000 0.004288 
3459.000000 0.004286 
3460.000000 0.004283 
3461.000000 0.004281 
3462.000000 0.004278 
3463.000000 0.004276 
3464.000000 0.004273 
3465.000000 0.004271 
3466.000000 0.004268 
3467.000000 0.004266 
3468.000000 0.004263 
3469.000000 0.004260 
3470.000000 0.004258 
3471.000000 0.004255 
3472.000000 0.004252 
3473.000000 0.004249 
3474.000000 0.004246 
3475.000000 0.004244 
3476.000000 0.004241 
3477.000000 0.004238 
3478.000000 0.004235 
3479.000000 0.004232 
3480.000000 0.004229 
3481.000000 0.004226 
3482.000000 0.004223 
3483.000000 0.004220 
3484.000000 0.004217 
3485.000000 0.004214 
3486.000000 0.004210 
3487.000000 0.004207 
3488.000000 0.004204 
3489.000000 0.004201 
3490.000000 0.004198 
3491.000000 0.004194 
3492.000000 0.004191 
3493.000000 0.004188 
3494.000000 0.004184 
3495.000000 0.004181 
3496.000000 0.004177 
3497.000000 0.004174 
3498.000000 0.004171 
3499.000000 0.004167 
3500.000000 0.004164 
3501.000000 0.004160 
3502.000000 0.004156 
3503.000000 0.004153 
3504.000000 0.004149 
3505.000000 0.004146 
3506.000000 0.004142 
3507.000000 0.004138 
3508.000000 0.004134 
3509.000000 0.004131 
3510.000000 0.004127 
3511.000000 0.004123 
3512.000000 0.004119 
3513.000000 0.004115 
3514.000000 0.004112 
3515.000000 0.004108 
3516.000000 0.004104 
3517.000000 0.004100 
3518.000000 0.004096 
3519.000000 0.004092 
3520.000000 0.004088 
3521.000000 0.004084 
3522.000000 0.004080 
3523.000000 0.004076 
3524.000000 0.004072 
3525.000000 0.004068 
3526.000000 0.004063 
3527.000000 0.004059 
3528.000000 0.004055 
3529.000000 0.004051 
3530.000000 0.004047 
3531.000000 0.004042 
3532.000000 0.004038 
3533.000000 0.004034 
3534.000000 0.004029 
3535.000000 0.004025 
3536.000000 0.004021 
3537.000000 0.004016 
3538.000000 0.004012 
3539.000000 0.004007 
3540.000000 0.004003 
3541.000000 0.003998 
3542.000000 0.003994 
3543.000000 0.003989 
3544.000000 0.003985 
3545.000000 0.003980 
3546.000000 0.003975 
3547.000000 0.003971 
3548.000000 0.003966 
3549.000000 0.003961 
3550.000000 0.003957 
3551.000000 0.003952 
3552.000000 0.003947 
3553.000000 0.003942 
3554.000000 0.003938 
3555.000000 0.003933 
3556.000000 0.003928 
3557.000000 0.003923 
3558.000000 0.003918 
3559.000000 0.003913 
3560.000000 0.003908 
3561.000000 0.003903 
3562.000000 0.003898 
3563.000000 0.003893 
3564.000000 0.003888 
3565.000000 0.003883 
3566.000000 0.003878 
3567.000000 0.003873 
3568.000000 0.003868 
3569.000000 0.003863 
3570.000000 0.003858 
3571.000000 0.003853 
3572.000000 0.003847 
3573.000000 0.003842 
3574.000000 0.003837 
3575.000000 0.003832 
3576.000000 0.003826 
3577.000000 0.003821 
3578.000000 0.003816 
3579.000000 0.003810 
3580.000000 0.003805 
3581.000000 0.003799 
3582.000000 0.003794 
3583.000000 0.003788 
3584.000000 0.003783 
3585.000000 0.003777 
3586.000000 0.003772 
3587.000000 0.003766 
3588.000000 0.003761 
3589.000000 0.003755 
3590.000000 0.003750 
3591.000000 0.003744 
3592.000000 0.003738 
3593.000000 0.003733 
3594.000000 0.003727 
3595.000000 0.003721 
3596.000000 0.003715 
3597.000000 0.003710 
3598.000000 0.003704 
3599.000000 0.003698 
3600.000000 0.003692 
3601.000000 0.003686 
3602.000000 0.003680 
3603.000000 0.003674 
3604.000000 0.003668 
3605.000000 0.003663 
3606.000000 0.003657 
3607.000000 0.003651 
3608.000000 0.003645 
3609.000000 0.003638 
3610.000000 0.003632 
3611.000000 0.003626 
3612.000000 0.003620 
3613.000000 0.003614 
3614.000000 0.003608 
3615.000000 0.003602 
3616.000000 0.003596 
3617.000000 0.003589 
3618.000000 0.003583 
3619.000000 0.003577 
3620.000000 0.003570 
3621.000000 0.003564 
3622.000000 0.003558 
3623.000000 0.003551 
3624.000000 0.003545 
3625.000000 0.003539 
3626.000000 0.003532 
3627.000000 0.003526 
3628.000000 0.003519 
3629.000000 0.003513 
3630.000000 0.003506 
3631.000000 0.003500 
3632.000000 0.003493 
3633.000000 0.003487 
3634.000000 0.003480 
3635.000000 0.003474 
3636.000000 0.003467 
3637.000000 0.003460 
3638.000000 0.003454 
3639.000000 0.003447 
3640.000000 0.003440 
3641.000000 0.003433 
3642.000000 0.003427 
3643.000000 0.003420 
3644.000000 0.003413 
3645.000000 0.003406 
3646.000000 0.003399 
3647.000000 0.003393 
3648.000000 0.003386 
3649.000000 0.003379 
3650.000000 0.003372 
3651.000000 0.003365 
3652.000000 0.003358 
3653.000000 0.003351 
3654.000000 0.003344 
3655.000000 0.003337 
3656.000000 0.003330 
3657.000000 0.003323 
3658.000000 0.003316 
3659.000000 0.003309 
3660.000000 0.003301 
3661.000000 0.003294 
3662.000000 0.003287 
3663.000000 0.003280 
3664.000000 0.003273 
3665.000000 0.003266 
3666.000000 0.003258 
3667.000000 0.003251 
3668.000000 0.003244 
3669.000000 0.003236 
3670.000000 0.003229 
3671.000000 0.003222 
3672.000000 0.003214 
3673.000000 0.003207 
3674.000000 0.003200 
3675.000000 0.003192 
3676.000000 0.003185 
3677.000000 0.003177 
3678.000000 0.003170 
3679.000000 0.003162 
3680.000000 0.003155 
3681.000000 0.003147 
3682.000000 0.003140 
3683.000000 0.003132 
3684.000000 0.003124 
3685.000000 0.003117 
3686.000000 0.003109 
3687.000000 0.003102 
3688.000000 0.003094 
3689.000000 0.003086 
3690.000000 0.003079 
3691.000000 0.003071 
3692.000000 0.003063 
3693.000000 0.003055 
3694.000000 0.003047 
3695.000000 0.003040 
3696.000000 0.003032 
3697.000000 0.003024 
3698.000000 0.003016 
3699.000000 0.003008 
3700.000000 0.003000 
3701.000000 0.002992 
3702.000000 0.002985 
3703.000000 0.002977 
3704.000000 0.002969 
3705.000000 0.002961 
3706.000000 0.002953 
3707.000000 0.002945 
3708.000000 0.002936 
3709.000000 0.002928 
3710.000000 0.002920 
3711.000000 0.002912 
3712.000000 0.002904 
3713.000000 0.002896 
3714.000000 0.002888 
3715.000000 0.002880 
3716.000000 0.002871 
3717.000000 0.002863 
3718.000000 0.002855 
3719.000000 0.002847 
3720.000000 0.002838 
3721.000000 0.002830 
3722.000000 0.002822 
3723.000000 0.002813 
3724.000000 0.002805 
3725.000000 0.002797 
3726.000000 0.002788 
3727.000000 0.002780 
3728.000000 0.002771 
3729.000000 0.002763 
3730.000000 0.002754 
3731.000000 0.002746 
3732.000000 0.002737 
3733.000000 0.002729 
3734.000000 0.002720 
3735.000000 0.002712 
3736.000000 0.002703 
3737.000000 0.002694 
3738.000000 0.002686 
3739.000000 0.002677 
3740.000000 0.002668 
3741.000000 0.002660 
3742.000000 0.002651 
3743.000000 0.002642 
3744.000000 0.002633 
3745.000000 0.002624 
3746.000000 0.002616 
3747.000000 0.002607 
3748.000000 0.002598 
3749.000000 0.002589 
3750.000000 0.002580 
3751.000000 0.002571 
3752.000000 0.002562 
3753.000000 0.002553 
3754.000000 0.002544 
3755.000000 0.002535 
3756.000000 0.002526 
3757.000000 0.002517 
3758.000000 0.002508 
3759.000000 0.002499 
3760.000000 0.002489 
3761.000000 0.002480 
3762.000000 0.002471 
3763.000000 0.002462 
3764.000000 0.002453 
3765.000000 0.002443 
3766.000000 0.002434 
3767.000000 0.002425 
3768.000000 0.002415 
3769.000000 0.002406 
3770.000000 0.002396 
3771.000000 0.002387 
3772.000000 0.002377 
3773.000000 0.002368 
3774.000000 0.002358 
3775.000000 0.002349 
3776.000000 0.002339 
3777.000000 0.002329 
3778.000000 0.002320 
3779.000000 0.002310 
3780.000000 0.002300 
3781.000000 0.002290 
3782.000000 0.002281 
3783.000000 0.002271 
3784.000000 0.002261 
3785.000000 0.002251 
3786.000000 0.002241 
3787.000000 0.002231 
3788.000000 0.002221 
3789.000000 0.002211 
3790.000000 0.002201 
3791.000000 0.002191 
3792.000000 0.002181 
3793.000000 0.002171 
3794.000000 0.002160 
3795.000000 0.002150 
3796.000000 0.002140 
3797.000000 0.002129 
3798.000000 0.002119 
3799.000000 0.002109 
3800.000000 0.002098 
3801.000000 0.002088 
3802.000000 0.002077 
3803.000000 0.002067 
3804.000000 0.002056 
3805.000000 0.002045 
3806.000000 0.002035 
3807.000000 0.002024 
3808.000000 0.002013 
3809.000000 0.002002 
3810.000000 0.001991 
3811.000000 0.001980 
3812.000000 0.001969 
3813.000000 0.001958 
3814.000000 0.001947 
3815.000000 0.001936 
3816.000000 0.001925 
3817.000000 0.001914 
3818.000000 0.001902 
3819.000000 0.001891 
3820.000000 0.001880 
3821.000000 0.001868 
3822.000000 0.001857 
3823.000000 0.001845 
3824.000000 0.001833 
3825.000000 0.001822 
3826.000000 0.001810 
3827.000000 0.001798 
3828.000000 0.001786 
3829.000000 0.001774 
3830.000000 0.001762 
3831.000000 0.001750 
3832.000000 0.001738 
3833.000000 0.001726 
3834.000000 0.001714 
3835.000000 0.001701 
3836.000000 0.001689 
3837.000000 0.001676 
3838.000000 0.001664 
3839.000000 0.001651 
3840.000000 0.001639 
3841.000000 0.001626 
3842.000000 0.001613 
3843.000000 0.001600 
3844.000000 0.001587 
3845.000000 0.001574 
3846.000000 0.001560 
3847.000000 0.001547 
3848.000000 0.001534 
3849.000000 0.001520 
3850.000000 0.001507 
3851.000000 0.001493 
3852.000000 0.001479 
3853.000000 0.001465 
3854.000000 0.001451 
3855.000000 0.001437 
3856.000000 0.001423 
3857.000000 0.001408 
3858.000000 0.001394 
3859.000000 0.001379 
3860.000000 0.001364 
3861.000000 0.001349 
3862.000000 0.001334 
3863.000000 0.001319 
3864.000000 0.001304 
3865.000000 0.001288 
3866.000000 0.001272 
3867.000000 0.001256 
3868.000000 0.001240 
3869.000000 0.001224 
3870.000000 0.001208 
3871.000000 0.001191 
3872.000000 0.001174 
3873.000000 0.001157 
3874.000000 0.001140 
3875.000000 0.001123 
3876.000000 0.001105 
3877.000000 0.001087 
3878.000000 0.001069 
3879.000000 0.001050 
3880.000000 0.001032 
3881.000000 0.001012 
3882.000000 0.000993 
3883.000000 0.000973 
3884.000000 0.000953 
3885.000000 0.000932 
3886.000000 0.000911 
3887.000000 0.000890 
3888.000000 0.000868 
3889.000000 0.000846 
3890.000000 0.000823 
3891.000000 0.000799 
3892.000000 0.000775 
3893.000000 0.000750 
3894.000000 0.000724 
3895.000000 0.000697 
3896.000000 0.000670 
3897.000000 0.000641 
3898.000000 0.000611 
3899.000000 0.000579 
3900.000000 0.000546 
3901.000000 0.000510 
3902.000000 0.000472 
3903.000000 0.000431 
3904.000000 0.000386 
3905.000000 0.000334 
3906.000000 0.000273 
3907.000000 0.000194 
3908.000000 0.000030 
3909.000000 -0.000189 
3910.000000 -0.000269 
3911.000000 -0.000330 
3912.000000 -0.000381 
3913.000000 -0.000426 
3914.000000 -0.000467 
3915.000000 -0.000504 
3916.000000 -0.000539 
3917.000000 -0.000571 
3918.000000 -0.000602 
3919.000000 -0.000631 
3920.000000 -0.000659 
3921.000000 -0.000685 
3922.000000 -0.000711 
3923.000000 -0.000735 
3924.000000 -0.000759 
3925.000000 -0.000782 
3926.000000 -0.000804 
3927.000000 -0.000826 
3928.000000 -0.000846 
3929.000000 -0.000867 
3930.000000 -0.000887 
3931.000000 -0.000906 
3932.000000 -0.000925 
3933.000000 -0.000943 
3934.000000 -0.000961 
3935.000000 -0.000979 
3936.000000 -0.000996 
3937.000000 -0.001013 
3938.000000 -0.001030 
3939.000000 -0.001046 
3940.000000 -0.001062 
3941.000000 -0.001078 
3942.000000 -0.001094 
3943.000000 -0.001109 
3944.000000 -0.001124 
3945.000000 -0.001138 
3946.000000 -0.001153 
3947.000000 -0.001167 
3948.000000 -0.001181 
3949.000000 -0.001195 
3950.000000 -0.001209 
3951.000000 -0.001222 
3952.000000 -0.001236 
3953.000000 -0.001249 
3954.000000 -0.001261 
3955.000000 -0.001274 
3956.000000 -0.001287 
3957.000000 -0.001299 
3958.000000 -0.001311 
3959.000000 -0.001324 
3960.000000 -0.001336 
3961.000000 -0.001347 
3962.000000 -0.001359 
3963.000000 -0.001371 
3964.000000 -0.001382 
3965.000000 -0.001393 
3966.000000 -0.001404 
3967.000000 -0.001415 
3968.000000 -0.001426 
3969.000000 -0.001437 
3970.000000 -0.001448 
3971.000000 -0.001458 
3972.000000 -0.001469 
3973.000000 -0.001479 
3974.000000 -0.001489 
3975.000000 -0.001499 
3976.000000 -0.001509 
3977.000000 -0.001519 
3978.000000 -0.001529 
3979.000000 -0.001539 
3980.000000 -0.001548 
3981.000000 -0.001558 
3982.000000 -0.001567 
3983.000000 -0.001577 
3984.000000 -0.001586 
3985.000000 -0.001595 
3986.000000 -0.001604 
3987.000000 -0.001613 
3988.000000 -0.001622 
3989.000000 -0.001631 
3990.000000 -0.001640 
3991.000000 -0.001648 
3992.000000 -0.001657 
3993.000000 -0.001665 
3994.000000 -0.001674 
3995.000000 -0.001682 
3996.000000 -0.001690 
3997.000000 -0.001699 
3998.000000 -0.001707 
3999.000000 -0.001715 
4000.000000 -0.001723 
