0.000000 1.000000 
1.000000 0.999999 
2.000000 0.999996 
3.000000 0.999993 
4.000000 0.999988 
5.000000 0.999982 
6.000000 0.999975 
7.000000 0.999966 
8.000000 0.999957 
9.000000 0.999946 
10.000000 0.999934 
11.000000 0.999921 
12.000000 0.999906 
13.000000 0.999891 
14.000000 0.999874 
15.000000 0.999856 
16.000000 0.999837 
17.000000 0.999816 
18.000000 0.999795 
19.000000 0.999772 
20.000000 0.999748 
21.000000 0.999723 
22.000000 0.999697 
23.000000 0.999669 
24.000000 0.999640 
25.000000 0.999610 
26.000000 0.999579 
27.000000 0.999547 
28.000000 0.999514 
29.000000 0.999479 
30.000000 0.999443 
31.000000 0.999406 
32.000000 0.999368 
33.000000 0.999328 
34.000000 0.999288 
35.000000 0.999246 
36.000000 0.999203 
37.000000 0.999159 
38.000000 0.999114 
39.000000 0.999067 
40.000000 0.999019 
41.000000 0.998971 
42.000000 0.998921 
43.000000 0.998869 
44.000000 0.998817 
45.000000 0.998764 
46.000000 0.998709 
47.000000 0.998653 
48.000000 0.998596 
49.000000 0.998538 
50.000000 0.998479 
51.000000 0.998418 
52.000000 0.998357 
53.000000 0.998294 
54.000000 0.998230 
55.000000 0.998165 
56.000000 0.998098 
57.000000 0.998031 
58.000000 0.997963 
59.000000 0.997893 
60.000000 0.997822 
61.000000 0.997750 
62.000000 0.997677 
63.000000 0.997603 
64.000000 0.997527 
65.000000 0.997451 
66.000000 0.997373 
67.000000 0.997294 
68.000000 0.997214 
69.000000 0.997133 
70.000000 0.997051 
71.000000 0.996968 
72.000000 0.996884 
73.000000 0.996798 
74.000000 0.996711 
75.000000 0.996624 
76.000000 0.996535 
77.000000 0.996445 
78.000000 0.996354 
79.000000 0.996261 
80.000000 0.996168 
81.000000 0.996074 
82.000000 0.995978 
83.000000 0.995881 
84.000000 0.995784 
85.000000 0.995685 
86.000000 0.995585 
87.000000 0.995484 
88.000000 0.995382 
89.000000 0.995278 
90.000000 0.995174 
91.000000 0.995069 
92.000000 0.994962 
93.000000 0.994855 
94.000000 0.994746 
95.000000 0.994636 
96.000000 0.994526 
97.000000 0.994414 
98.000000 0.994301 
99.000000 0.994187 
100.000000 0.994072 
101.000000 0.993955 
102.000000 0.993838 
103.000000 0.993720 
104.000000 0.993601 
105.000000 0.993480 
106.000000 0.993359 
107.000000 0.993236 
108.000000 0.993113 
109.000000 0.992988 
110.000000 0.992862 
111.000000 0.992736 
112.000000 0.992608 
113.000000 0.992479 
114.000000 0.992349 
115.000000 0.992218 
116.000000 0.992086 
117.000000 0.991953 
118.000000 0.991819 
119.000000 0.991684 
120.000000 0.991548 
121.000000 0.991411 
122.000000 0.991273 
123.000000 0.991133 
124.000000 0.990993 
125.000000 0.990852 
126.000000 0.990710 
127.000000 0.990566 
128.000000 0.990422 
129.000000 0.990277 
130.000000 0.990130 
131.000000 0.989983 
132.000000 0.989834 
133.000000 0.989685 
134.000000 0.989534 
135.000000 0.989383 
136.000000 0.989231 
137.000000 0.989077 
138.000000 0.988922 
139.000000 0.988767 
140.000000 0.988611 
141.000000 0.988453 
142.000000 0.988294 
143.000000 0.988135 
144.000000 0.987974 
145.000000 0.987813 
146.000000 0.987650 
147.000000 0.987487 
148.000000 0.987322 
149.000000 0.987157 
150.000000 0.986990 
151.000000 0.986823 
152.000000 0.986654 
153.000000 0.986485 
154.000000 0.986314 
155.000000 0.986143 
156.000000 0.985970 
157.000000 0.985797 
158.000000 0.985622 
159.000000 0.985447 
160.000000 0.985271 
161.000000 0.985093 
162.000000 0.984915 
163.000000 0.984736 
164.000000 0.984555 
165.000000 0.984374 
166.000000 0.984192 
167.000000 0.984008 
168.000000 0.983824 
169.000000 0.983639 
170.000000 0.983453 
171.000000 0.983265 
172.000000 0.983077 
173.000000 0.982888 
174.000000 0.982698 
175.000000 0.982507 
176.000000 0.982315 
177.000000 0.982122 
178.000000 0.981928 
179.000000 0.981733 
180.000000 0.981537 
181.000000 0.981340 
182.000000 0.981142 
183.000000 0.980943 
184.000000 0.980743 
185.000000 0.980542 
186.000000 0.980341 
187.000000 0.980138 
188.000000 0.979934 
189.000000 0.979729 
190.000000 0.979524 
191.000000 0.979317 
192.000000 0.979110 
193.000000 0.978901 
194.000000 0.978692 
195.000000 0.978481 
196.000000 0.978270 
197.000000 0.978057 
198.000000 0.977844 
199.000000 0.977629 
200.000000 0.977414 
201.000000 0.977198 
202.000000 0.976981 
203.000000 0.976762 
204.000000 0.976543 
205.000000 0.976323 
206.000000 0.976102 
207.000000 0.975880 
208.000000 0.975657 
209.000000 0.975433 
210.000000 0.975208 
211.000000 0.974982 
212.000000 0.974756 
213.000000 0.974528 
214.000000 0.974299 
215.000000 0.974069 
216.000000 0.973839 
217.000000 0.973607 
218.000000 0.973374 
219.000000 0.973141 
220.000000 0.972906 
221.000000 0.972671 
222.000000 0.972434 
223.000000 0.972197 
224.000000 0.971959 
225.000000 0.971719 
226.000000 0.971479 
227.000000 0.971238 
228.000000 0.970996 
229.000000 0.970753 
230.000000 0.970509 
231.000000 0.970264 
232.000000 0.970018 
233.000000 0.969771 
234.000000 0.969523 
235.000000 0.969274 
236.000000 0.969024 
237.000000 0.968773 
238.000000 0.968522 
239.000000 0.968269 
240.000000 0.968015 
241.000000 0.967761 
242.000000 0.967505 
243.000000 0.967249 
244.000000 0.966992 
245.000000 0.966733 
246.000000 0.966474 
247.000000 0.966214 
248.000000 0.965952 
249.000000 0.965690 
250.000000 0.965427 
251.000000 0.965163 
252.000000 0.964898 
253.000000 0.964632 
254.000000 0.964365 
255.000000 0.964098 
256.000000 0.963829 
257.000000 0.963559 
258.000000 0.963288 
259.000000 0.963017 
260.000000 0.962744 
261.000000 0.962471 
262.000000 0.962196 
263.000000 0.961921 
264.000000 0.961644 
265.000000 0.961367 
266.000000 0.961089 
267.000000 0.960810 
268.000000 0.960530 
269.000000 0.960249 
270.000000 0.959967 
271.000000 0.959684 
272.000000 0.959400 
273.000000 0.959115 
274.000000 0.958830 
275.000000 0.958543 
276.000000 0.958255 
277.000000 0.957967 
278.000000 0.957677 
279.000000 0.957387 
280.000000 0.957096 
281.000000 0.956804 
282.000000 0.956510 
283.000000 0.956216 
284.000000 0.955921 
285.000000 0.955625 
286.000000 0.955329 
287.000000 0.955031 
288.000000 0.954732 
289.000000 0.954432 
290.000000 0.954132 
291.000000 0.953830 
292.000000 0.953528 
293.000000 0.953225 
294.000000 0.952920 
295.000000 0.952615 
296.000000 0.952309 
297.000000 0.952002 
298.000000 0.951694 
299.000000 0.951386 
300.000000 0.951076 
301.000000 0.950765 
302.000000 0.950454 
303.000000 0.950141 
304.000000 0.949828 
305.000000 0.949514 
306.000000 0.949199 
307.000000 0.948882 
308.000000 0.948565 
309.000000 0.948248 
310.000000 0.947929 
311.000000 0.947609 
312.000000 0.947289 
313.000000 0.946967 
314.000000 0.946645 
315.000000 0.946322 
316.000000 0.945997 
317.000000 0.945672 
318.000000 0.945346 
319.000000 0.945020 
320.000000 0.944692 
321.000000 0.944363 
322.000000 0.944034 
323.000000 0.943703 
324.000000 0.943372 
325.000000 0.943040 
326.000000 0.942707 
327.000000 0.942373 
328.000000 0.942038 
329.000000 0.941703 
330.000000 0.941366 
331.000000 0.941029 
332.000000 0.940691 
333.000000 0.940351 
334.000000 0.940011 
335.000000 0.939670 
336.000000 0.939329 
337.000000 0.938986 
338.000000 0.938643 
339.000000 0.938298 
340.000000 0.937953 
341.000000 0.937607 
342.000000 0.937260 
343.000000 0.936912 
344.000000 0.936564 
345.000000 0.936214 
346.000000 0.935864 
347.000000 0.935512 
348.000000 0.935160 
349.000000 0.934808 
350.000000 0.934454 
351.000000 0.934099 
352.000000 0.933744 
353.000000 0.933387 
354.000000 0.933030 
355.000000 0.932672 
356.000000 0.932314 
357.000000 0.931954 
358.000000 0.931593 
359.000000 0.931232 
360.000000 0.930870 
361.000000 0.930507 
362.000000 0.930143 
363.000000 0.929778 
364.000000 0.929413 
365.000000 0.929047 
366.000000 0.928679 
367.000000 0.928312 
368.000000 0.927943 
369.000000 0.927573 
370.000000 0.927203 
371.000000 0.926832 
372.000000 0.926459 
373.000000 0.926087 
374.000000 0.925713 
375.000000 0.925338 
376.000000 0.924963 
377.000000 0.924587 
378.000000 0.924210 
379.000000 0.923832 
380.000000 0.923454 
381.000000 0.923074 
382.000000 0.922694 
383.000000 0.922313 
384.000000 0.921932 
385.000000 0.921549 
386.000000 0.921166 
387.000000 0.920782 
388.000000 0.920397 
389.000000 0.920011 
390.000000 0.919624 
391.000000 0.919237 
392.000000 0.918849 
393.000000 0.918460 
394.000000 0.918070 
395.000000 0.917680 
396.000000 0.917289 
397.000000 0.916897 
398.000000 0.916504 
399.000000 0.916110 
400.000000 0.915716 
401.000000 0.915321 
402.000000 0.914925 
403.000000 0.914528 
404.000000 0.914131 
405.000000 0.913732 
406.000000 0.913333 
407.000000 0.912934 
408.000000 0.912533 
409.000000 0.912132 
410.000000 0.911730 
411.000000 0.911327 
412.000000 0.910923 
413.000000 0.910519 
414.000000 0.910114 
415.000000 0.909708 
416.000000 0.909301 
417.000000 0.908894 
418.000000 0.908486 
419.000000 0.908077 
420.000000 0.907667 
421.000000 0.907257 
422.000000 0.906846 
423.000000 0.906434 
424.000000 0.906021 
425.000000 0.905608 
426.000000 0.905194 
427.000000 0.904779 
428.000000 0.904363 
429.000000 0.903947 
430.000000 0.903529 
431.000000 0.903112 
432.000000 0.902693 
433.000000 0.902274 
434.000000 0.901854 
435.000000 0.901433 
436.000000 0.901011 
437.000000 0.900589 
438.000000 0.900166 
439.000000 0.899742 
440.000000 0.899318 
441.000000 0.898893 
442.000000 0.898467 
443.000000 0.898040 
444.000000 0.897613 
445.000000 0.897185 
446.000000 0.896756 
447.000000 0.896326 
448.000000 0.895896 
449.000000 0.895465 
450.000000 0.895033 
451.000000 0.894601 
452.000000 0.894168 
453.000000 0.893734 
454.000000 0.893300 
455.000000 0.892864 
456.000000 0.892428 
457.000000 0.891992 
458.000000 0.891554 
459.000000 0.891116 
460.000000 0.890677 
461.000000 0.890238 
462.000000 0.889798 
463.000000 0.889357 
464.000000 0.888915 
465.000000 0.888473 
466.000000 0.888030 
467.000000 0.887586 
468.000000 0.887142 
469.000000 0.886697 
470.000000 0.886251 
471.000000 0.885805 
472.000000 0.885357 
473.000000 0.884909 
474.000000 0.884461 
475.000000 0.884012 
476.000000 0.883562 
477.000000 0.883111 
478.000000 0.882660 
479.000000 0.882208 
480.000000 0.881755 
481.000000 0.881302 
482.000000 0.880848 
483.000000 0.880393 
484.000000 0.879938 
485.000000 0.879482 
486.000000 0.879025 
487.000000 0.878568 
488.000000 0.878110 
489.000000 0.877651 
490.000000 0.877191 
491.000000 0.876731 
492.000000 0.876271 
493.000000 0.875809 
494.000000 0.875347 
495.000000 0.874884 
496.000000 0.874421 
497.000000 0.873957 
498.000000 0.873492 
499.000000 0.873027 
500.000000 0.872561 
501.000000 0.872094 
502.000000 0.871627 
503.000000 0.871159 
504.000000 0.870690 
505.000000 0.870221 
506.000000 0.869751 
507.000000 0.869280 
508.000000 0.868809 
509.000000 0.868337 
510.000000 0.867864 
511.000000 0.867391 
512.000000 0.866917 
513.000000 0.866443 
514.000000 0.865968 
515.000000 0.865492 
516.000000 0.865016 
517.000000 0.864538 
518.000000 0.864061 
519.000000 0.863583 
520.000000 0.863104 
521.000000 0.862624 
522.000000 0.862144 
523.000000 0.861663 
524.000000 0.861182 
525.000000 0.860699 
526.000000 0.860217 
527.000000 0.859733 
528.000000 0.859249 
529.000000 0.858765 
530.000000 0.858280 
531.000000 0.857794 
532.000000 0.857307 
533.000000 0.856820 
534.000000 0.856333 
535.000000 0.855844 
536.000000 0.855355 
537.000000 0.854866 
538.000000 0.854376 
539.000000 0.853885 
540.000000 0.853394 
541.000000 0.852902 
542.000000 0.852409 
543.000000 0.851916 
544.000000 0.851422 
545.000000 0.850928 
546.000000 0.850433 
547.000000 0.849938 
548.000000 0.849442 
549.000000 0.848945 
550.000000 0.848448 
551.000000 0.847950 
552.000000 0.847451 
553.000000 0.846952 
554.000000 0.846452 
555.000000 0.845952 
556.000000 0.845451 
557.000000 0.844950 
558.000000 0.844448 
559.000000 0.843945 
560.000000 0.843442 
561.000000 0.842939 
562.000000 0.842434 
563.000000 0.841929 
564.000000 0.841424 
565.000000 0.840918 
566.000000 0.840411 
567.000000 0.839904 
568.000000 0.839396 
569.000000 0.838888 
570.000000 0.838379 
571.000000 0.837870 
572.000000 0.837360 
573.000000 0.836849 
574.000000 0.836338 
575.000000 0.835827 
576.000000 0.835315 
577.000000 0.834802 
578.000000 0.834288 
579.000000 0.833775 
580.000000 0.833260 
581.000000 0.832745 
582.000000 0.832230 
583.000000 0.831714 
584.000000 0.831197 
585.000000 0.830680 
586.000000 0.830162 
587.000000 0.829644 
588.000000 0.829125 
589.000000 0.828606 
590.000000 0.828086 
591.000000 0.827566 
592.000000 0.827045 
593.000000 0.826524 
594.000000 0.826002 
595.000000 0.825479 
596.000000 0.824956 
597.000000 0.824433 
598.000000 0.823909 
599.000000 0.823384 
600.000000 0.822859 
601.000000 0.822333 
602.000000 0.821807 
603.000000 0.821281 
604.000000 0.820754 
605.000000 0.820226 
606.000000 0.819698 
607.000000 0.819169 
608.000000 0.818640 
609.000000 0.818110 
610.000000 0.817580 
611.000000 0.817049 
612.000000 0.816518 
613.000000 0.815986 
614.000000 0.815454 
615.000000 0.814921 
616.000000 0.814388 
617.000000 0.813855 
618.000000 0.813320 
619.000000 0.812786 
620.000000 0.812250 
621.000000 0.811715 
622.000000 0.811179 
623.000000 0.810642 
624.000000 0.810105 
625.000000 0.809567 
626.000000 0.809029 
627.000000 0.808491 
628.000000 0.807951 
629.000000 0.807412 
630.000000 0.806872 
631.000000 0.806331 
632.000000 0.805790 
633.000000 0.805249 
634.000000 0.804707 
635.000000 0.804165 
636.000000 0.803622 
637.000000 0.803078 
638.000000 0.802535 
639.000000 0.801990 
640.000000 0.801446 
641.000000 0.800901 
642.000000 0.800355 
643.000000 0.799809 
644.000000 0.799262 
645.000000 0.798715 
646.000000 0.798168 
647.000000 0.797620 
648.000000 0.797071 
649.000000 0.796523 
650.000000 0.795973 
651.000000 0.795424 
652.000000 0.794873 
653.000000 0.794323 
654.000000 0.793772 
655.000000 0.793220 
656.000000 0.792668 
657.000000 0.792116 
658.000000 0.791563 
659.000000 0.791010 
660.000000 0.790456 
661.000000 0.789902 
662.000000 0.789347 
663.000000 0.788792 
664.000000 0.788237 
665.000000 0.787681 
666.000000 0.787125 
667.000000 0.786568 
668.000000 0.786011 
669.000000 0.785453 
670.000000 0.784895 
671.000000 0.784337 
672.000000 0.783778 
673.000000 0.783219 
674.000000 0.782659 
675.000000 0.782099 
676.000000 0.781539 
677.000000 0.780978 
678.000000 0.780416 
679.000000 0.779855 
680.000000 0.779292 
681.000000 0.778730 
682.000000 0.778167 
683.000000 0.777604 
684.000000 0.777040 
685.000000 0.776476 
686.000000 0.775911 
687.000000 0.775346 
688.000000 0.774781 
689.000000 0.774215 
690.000000 0.773649 
691.000000 0.773082 
692.000000 0.772515 
693.000000 0.771948 
694.000000 0.771380 
695.000000 0.770812 
696.000000 0.770244 
697.000000 0.769675 
698.000000 0.769105 
699.000000 0.768536 
700.000000 0.767966 
701.000000 0.767395 
702.000000 0.766824 
703.000000 0.766253 
704.000000 0.765682 
705.000000 0.765110 
706.000000 0.764537 
707.000000 0.763965 
708.000000 0.763392 
709.000000 0.762818 
710.000000 0.762244 
711.000000 0.761670 
712.000000 0.761096 
713.000000 0.760521 
714.000000 0.759946 
715.000000 0.759370 
716.000000 0.758794 
717.000000 0.758218 
718.000000 0.757641 
719.000000 0.757064 
720.000000 0.756486 
721.000000 0.755909 
722.000000 0.755331 
723.000000 0.754752 
724.000000 0.754173 
725.000000 0.753594 
726.000000 0.753015 
727.000000 0.752435 
728.000000 0.751854 
729.000000 0.751274 
730.000000 0.750693 
731.000000 0.750112 
732.000000 0.749530 
733.000000 0.748948 
734.000000 0.748366 
735.000000 0.747783 
736.000000 0.747200 
737.000000 0.746617 
738.000000 0.746034 
739.000000 0.745450 
740.000000 0.744866 
741.000000 0.744281 
742.000000 0.743696 
743.000000 0.743111 
744.000000 0.742525 
745.000000 0.741939 
746.000000 0.741353 
747.000000 0.740767 
748.000000 0.740180 
749.000000 0.739593 
750.000000 0.739005 
751.000000 0.738418 
752.000000 0.737830 
753.000000 0.737241 
754.000000 0.736653 
755.000000 0.736064 
756.000000 0.735474 
757.000000 0.734885 
758.000000 0.734295 
759.000000 0.733705 
760.000000 0.733114 
761.000000 0.732523 
762.000000 0.731932 
763.000000 0.731341 
764.000000 0.730749 
765.000000 0.730157 
766.000000 0.729565 
767.000000 0.728972 
768.000000 0.728379 
769.000000 0.727786 
770.000000 0.727193 
771.000000 0.726599 
772.000000 0.726005 
773.000000 0.725411 
774.000000 0.724816 
775.000000 0.724221 
776.000000 0.723626 
777.000000 0.723031 
778.000000 0.722435 
779.000000 0.721839 
780.000000 0.721243 
781.000000 0.720647 
782.000000 0.720050 
783.000000 0.719453 
784.000000 0.718856 
785.000000 0.718258 
786.000000 0.717660 
787.000000 0.717062 
788.000000 0.716464 
789.000000 0.715865 
790.000000 0.715266 
791.000000 0.714667 
792.000000 0.714068 
793.000000 0.713468 
794.000000 0.712868 
795.000000 0.712268 
796.000000 0.711668 
797.000000 0.711067 
798.000000 0.710467 
799.000000 0.709865 
800.000000 0.709264 
801.000000 0.708663 
802.000000 0.708061 
803.000000 0.707459 
804.000000 0.706856 
805.000000 0.706254 
806.000000 0.705651 
807.000000 0.705048 
808.000000 0.704445 
809.000000 0.703841 
810.000000 0.703238 
811.000000 0.702634 
812.000000 0.702029 
813.000000 0.701425 
814.000000 0.700820 
815.000000 0.700216 
816.000000 0.699611 
817.000000 0.699005 
818.000000 0.698400 
819.000000 0.697794 
820.000000 0.697188 
821.000000 0.696582 
822.000000 0.695976 
823.000000 0.695369 
824.000000 0.694762 
825.000000 0.694155 
826.000000 0.693548 
827.000000 0.692941 
828.000000 0.692333 
829.000000 0.691725 
830.000000 0.691118 
831.000000 0.690509 
832.000000 0.689901 
833.000000 0.689292 
834.000000 0.688684 
835.000000 0.688075 
836.000000 0.687465 
837.000000 0.686856 
838.000000 0.686246 
839.000000 0.685637 
840.000000 0.685027 
841.000000 0.684417 
842.000000 0.683806 
843.000000 0.683196 
844.000000 0.682585 
845.000000 0.681974 
846.000000 0.681363 
847.000000 0.680752 
848.000000 0.680141 
849.000000 0.679529 
850.000000 0.678917 
851.000000 0.678305 
852.000000 0.677693 
853.000000 0.677081 
854.000000 0.676469 
855.000000 0.675856 
856.000000 0.675243 
857.000000 0.674630 
858.000000 0.674017 
859.000000 0.673404 
860.000000 0.672791 
861.000000 0.672177 
862.000000 0.671563 
863.000000 0.670949 
864.000000 0.670335 
865.000000 0.669721 
866.000000 0.669107 
867.000000 0.668492 
868.000000 0.667878 
869.000000 0.667263 
870.000000 0.666648 
871.000000 0.666033 
872.000000 0.665418 
873.000000 0.664802 
874.000000 0.664187 
875.000000 0.663571 
876.000000 0.662955 
877.000000 0.662339 
878.000000 0.661723 
879.000000 0.661107 
880.000000 0.660491 
881.000000 0.659874 
882.000000 0.659258 
883.000000 0.658641 
884.000000 0.658024 
885.000000 0.657407 
886.000000 0.656790 
887.000000 0.656173 
888.000000 0.655555 
889.000000 0.654938 
890.000000 0.654320 
891.000000 0.653702 
892.000000 0.653084 
893.000000 0.652466 
894.000000 0.651848 
895.000000 0.651230 
896.000000 0.650612 
897.000000 0.649993 
898.000000 0.649375 
899.000000 0.648756 
900.000000 0.648137 
901.000000 0.647518 
902.000000 0.646899 
903.000000 0.646280 
904.000000 0.645661 
905.000000 0.645042 
906.000000 0.644423 
907.000000 0.643803 
908.000000 0.643183 
909.000000 0.642564 
910.000000 0.641944 
911.000000 0.641324 
912.000000 0.640704 
913.000000 0.640084 
914.000000 0.639464 
915.000000 0.638844 
916.000000 0.638223 
917.000000 0.637603 
918.000000 0.636982 
919.000000 0.636362 
920.000000 0.635741 
921.000000 0.635120 
922.000000 0.634500 
923.000000 0.633879 
924.000000 0.633258 
925.000000 0.632637 
926.000000 0.632015 
927.000000 0.631394 
928.000000 0.630773 
929.000000 0.630152 
930.000000 0.629530 
931.000000 0.628909 
932.000000 0.628287 
933.000000 0.627665 
934.000000 0.627044 
935.000000 0.626422 
936.000000 0.625800 
937.000000 0.625178 
938.000000 0.624556 
939.000000 0.623934 
940.000000 0.623312 
941.000000 0.622690 
942.000000 0.622068 
943.000000 0.621446 
944.000000 0.620823 
945.000000 0.620201 
946.000000 0.619579 
947.000000 0.618956 
948.000000 0.618334 
949.000000 0.617711 
950.000000 0.617089 
951.000000 0.616466 
952.000000 0.615843 
953.000000 0.615221 
954.000000 0.614598 
955.000000 0.613975 
956.000000 0.613353 
957.000000 0.612730 
958.000000 0.612107 
959.000000 0.611484 
960.000000 0.610861 
961.000000 0.610238 
962.000000 0.609615 
963.000000 0.608992 
964.000000 0.608369 
965.000000 0.607746 
966.000000 0.607123 
967.000000 0.606500 
968.000000 0.605877 
969.000000 0.605253 
970.000000 0.604630 
971.000000 0.604007 
972.000000 0.603384 
973.000000 0.602760 
974.000000 0.602137 
975.000000 0.601514 
976.000000 0.600891 
977.000000 0.600267 
978.000000 0.599644 
979.000000 0.599021 
980.000000 0.598398 
981.000000 0.597774 
982.000000 0.597151 
983.000000 0.596528 
984.000000 0.595904 
985.000000 0.595281 
986.000000 0.594658 
987.000000 0.594034 
988.000000 0.593411 
989.000000 0.592788 
990.000000 0.592164 
991.000000 0.591541 
992.000000 0.590918 
993.000000 0.590295 
994.000000 0.589671 
995.000000 0.589048 
996.000000 0.588425 
997.000000 0.587802 
998.000000 0.587179 
999.000000 0.586555 
1000.000000 0.585932 
1001.000000 0.585309 
1002.000000 0.584686 
1003.000000 0.584063 
1004.000000 0.583440 
1005.000000 0.582817 
1006.000000 0.582194 
1007.000000 0.581571 
1008.000000 0.580948 
1009.000000 0.580325 
1010.000000 0.579702 
1011.000000 0.579079 
1012.000000 0.578456 
1013.000000 0.577833 
1014.000000 0.577211 
1015.000000 0.576588 
1016.000000 0.575965 
1017.000000 0.575343 
1018.000000 0.574720 
1019.000000 0.574097 
1020.000000 0.573475 
1021.000000 0.572852 
1022.000000 0.572230 
1023.000000 0.571608 
1024.000000 0.570985 
1025.000000 0.570363 
1026.000000 0.569741 
1027.000000 0.569119 
1028.000000 0.568497 
1029.000000 0.567874 
1030.000000 0.567252 
1031.000000 0.566631 
1032.000000 0.566009 
1033.000000 0.565387 
1034.000000 0.564765 
1035.000000 0.564143 
1036.000000 0.563522 
1037.000000 0.562900 
1038.000000 0.562279 
1039.000000 0.561657 
1040.000000 0.561036 
1041.000000 0.560414 
1042.000000 0.559793 
1043.000000 0.559172 
1044.000000 0.558551 
1045.000000 0.557930 
1046.000000 0.557309 
1047.000000 0.556688 
1048.000000 0.556067 
1049.000000 0.555447 
1050.000000 0.554826 
1051.000000 0.554205 
1052.000000 0.553585 
1053.000000 0.552964 
1054.000000 0.552344 
1055.000000 0.551724 
1056.000000 0.551104 
1057.000000 0.550484 
1058.000000 0.549864 
1059.000000 0.549244 
1060.000000 0.548624 
1061.000000 0.548004 
1062.000000 0.547385 
1063.000000 0.546765 
1064.000000 0.546146 
1065.000000 0.545527 
1066.000000 0.544907 
1067.000000 0.544288 
1068.000000 0.543669 
1069.000000 0.543050 
1070.000000 0.542431 
1071.000000 0.541813 
1072.000000 0.541194 
1073.000000 0.540576 
1074.000000 0.539957 
1075.000000 0.539339 
1076.000000 0.538721 
1077.000000 0.538103 
1078.000000 0.537485 
1079.000000 0.536867 
1080.000000 0.536249 
1081.000000 0.535632 
1082.000000 0.535014 
1083.000000 0.534397 
1084.000000 0.533779 
1085.000000 0.533162 
1086.000000 0.532545 
1087.000000 0.531928 
1088.000000 0.531312 
1089.000000 0.530695 
1090.000000 0.530078 
1091.000000 0.529462 
1092.000000 0.528846 
1093.000000 0.528230 
1094.000000 0.527614 
1095.000000 0.526998 
1096.000000 0.526382 
1097.000000 0.525766 
1098.000000 0.525151 
1099.000000 0.524535 
1100.000000 0.523920 
1101.000000 0.523305 
1102.000000 0.522690 
1103.000000 0.522075 
1104.000000 0.521461 
1105.000000 0.520846 
1106.000000 0.520232 
1107.000000 0.519617 
1108.000000 0.519003 
1109.000000 0.518389 
1110.000000 0.517776 
1111.000000 0.517162 
1112.000000 0.516548 
1113.000000 0.515935 
1114.000000 0.515322 
1115.000000 0.514709 
1116.000000 0.514096 
1117.000000 0.513483 
1118.000000 0.512870 
1119.000000 0.512258 
1120.000000 0.511645 
1121.000000 0.511033 
1122.000000 0.510421 
1123.000000 0.509809 
1124.000000 0.509198 
1125.000000 0.508586 
1126.000000 0.507975 
1127.000000 0.507364 
1128.000000 0.506753 
1129.000000 0.506142 
1130.000000 0.505531 
1131.000000 0.504921 
1132.000000 0.504310 
1133.000000 0.503700 
1134.000000 0.503090 
1135.000000 0.502480 
1136.000000 0.501871 
1137.000000 0.501261 
1138.000000 0.500652 
1139.000000 0.500042 
1140.000000 0.499433 
1141.000000 0.498825 
1142.000000 0.498216 
1143.000000 0.497608 
1144.000000 0.496999 
1145.000000 0.496391 
1146.000000 0.495783 
1147.000000 0.495176 
1148.000000 0.494568 
1149.000000 0.493961 
1150.000000 0.493354 
1151.000000 0.492747 
1152.000000 0.492140 
1153.000000 0.491533 
1154.000000 0.490927 
1155.000000 0.490321 
1156.000000 0.489714 
1157.000000 0.489109 
1158.000000 0.488503 
1159.000000 0.487898 
1160.000000 0.487292 
1161.000000 0.486687 
1162.000000 0.486082 
1163.000000 0.485478 
1164.000000 0.484873 
1165.000000 0.484269 
1166.000000 0.483665 
1167.000000 0.483061 
1168.000000 0.482457 
1169.000000 0.481854 
1170.000000 0.481251 
1171.000000 0.480648 
1172.000000 0.480045 
1173.000000 0.479442 
1174.000000 0.478840 
1175.000000 0.478238 
1176.000000 0.477636 
1177.000000 0.477034 
1178.000000 0.476432 
1179.000000 0.475831 
1180.000000 0.475230 
1181.000000 0.474629 
1182.000000 0.474028 
1183.000000 0.473428 
1184.000000 0.472827 
1185.000000 0.472227 
1186.000000 0.471628 
1187.000000 0.471028 
1188.000000 0.470429 
1189.000000 0.469830 
1190.000000 0.469231 
1191.000000 0.468632 
1192.000000 0.468033 
1193.000000 0.467435 
1194.000000 0.466837 
1195.000000 0.466239 
1196.000000 0.465642 
1197.000000 0.465044 
1198.000000 0.464447 
1199.000000 0.463851 
1200.000000 0.463254 
1201.000000 0.462657 
1202.000000 0.462061 
1203.000000 0.461465 
1204.000000 0.460870 
1205.000000 0.460274 
1206.000000 0.459679 
1207.000000 0.459084 
1208.000000 0.458489 
1209.000000 0.457895 
1210.000000 0.457301 
1211.000000 0.456707 
1212.000000 0.456113 
1213.000000 0.455519 
1214.000000 0.454926 
1215.000000 0.454333 
1216.000000 0.453740 
1217.000000 0.453148 
1218.000000 0.452556 
1219.000000 0.451964 
1220.000000 0.451372 
1221.000000 0.450780 
1222.000000 0.450189 
1223.000000 0.449598 
1224.000000 0.449007 
1225.000000 0.448417 
1226.000000 0.447827 
1227.000000 0.447237 
1228.000000 0.446647 
1229.000000 0.446058 
1230.000000 0.445468 
1231.000000 0.444880 
1232.000000 0.444291 
1233.000000 0.443703 
1234.000000 0.443114 
1235.000000 0.442527 
1236.000000 0.441939 
1237.000000 0.441352 
1238.000000 0.440765 
1239.000000 0.440178 
1240.000000 0.439591 
1241.000000 0.439005 
1242.000000 0.438419 
1243.000000 0.437833 
1244.000000 0.437248 
1245.000000 0.436663 
1246.000000 0.436078 
1247.000000 0.435493 
1248.000000 0.434909 
1249.000000 0.434325 
1250.000000 0.433741 
1251.000000 0.433157 
1252.000000 0.432574 
1253.000000 0.431991 
1254.000000 0.431409 
1255.000000 0.430826 
1256.000000 0.430244 
1257.000000 0.429662 
1258.000000 0.429081 
1259.000000 0.428500 
1260.000000 0.427919 
1261.000000 0.427338 
1262.000000 0.426758 
1263.000000 0.426177 
1264.000000 0.425598 
1265.000000 0.425018 
1266.000000 0.424439 
1267.000000 0.423860 
1268.000000 0.423281 
1269.000000 0.422703 
1270.000000 0.422125 
1271.000000 0.421547 
1272.000000 0.420970 
1273.000000 0.420393 
1274.000000 0.419816 
1275.000000 0.419239 
1276.000000 0.418663 
1277.000000 0.418087 
1278.000000 0.417511 
1279.000000 0.416936 
1280.000000 0.416361 
1281.000000 0.415786 
1282.000000 0.415211 
1283.000000 0.414637 
1284.000000 0.414063 
1285.000000 0.413490 
1286.000000 0.412917 
1287.000000 0.412344 
1288.000000 0.411771 
1289.000000 0.411199 
1290.000000 0.410627 
1291.000000 0.410055 
1292.000000 0.409483 
1293.000000 0.408912 
1294.000000 0.408342 
1295.000000 0.407771 
1296.000000 0.407201 
1297.000000 0.406631 
1298.000000 0.406062 
1299.000000 0.405492 
1300.000000 0.404923 
1301.000000 0.404355 
1302.000000 0.403787 
1303.000000 0.403219 
1304.000000 0.402651 
1305.000000 0.402084 
1306.000000 0.401517 
1307.000000 0.400950 
1308.000000 0.400384 
1309.000000 0.399818 
1310.000000 0.399252 
1311.000000 0.398687 
1312.000000 0.398122 
1313.000000 0.397557 
1314.000000 0.396992 
1315.000000 0.396428 
1316.000000 0.395865 
1317.000000 0.395301 
1318.000000 0.394738 
1319.000000 0.394175 
1320.000000 0.393613 
1321.000000 0.393051 
1322.000000 0.392489 
1323.000000 0.391928 
1324.000000 0.391366 
1325.000000 0.390806 
1326.000000 0.390245 
1327.000000 0.389685 
1328.000000 0.389125 
1329.000000 0.388566 
1330.000000 0.388007 
1331.000000 0.387448 
1332.000000 0.386890 
1333.000000 0.386331 
1334.000000 0.385774 
1335.000000 0.385216 
1336.000000 0.384659 
1337.000000 0.384102 
1338.000000 0.383546 
1339.000000 0.382990 
1340.000000 0.382434 
1341.000000 0.381879 
1342.000000 0.381324 
1343.000000 0.380769 
1344.000000 0.380215 
1345.000000 0.379661 
1346.000000 0.379107 
1347.000000 0.378554 
1348.000000 0.378001 
1349.000000 0.377448 
1350.000000 0.376896 
1351.000000 0.376344 
1352.000000 0.375793 
1353.000000 0.375242 
1354.000000 0.374691 
1355.000000 0.374140 
1356.000000 0.373590 
1357.000000 0.373040 
1358.000000 0.372491 
1359.000000 0.371942 
1360.000000 0.371393 
1361.000000 0.370845 
1362.000000 0.370297 
1363.000000 0.369749 
1364.000000 0.369202 
1365.000000 0.368655 
1366.000000 0.368108 
1367.000000 0.367562 
1368.000000 0.367016 
1369.000000 0.366471 
1370.000000 0.365926 
1371.000000 0.365381 
1372.000000 0.364837 
1373.000000 0.364293 
1374.000000 0.363749 
1375.000000 0.363206 
1376.000000 0.362663 
1377.000000 0.362120 
1378.000000 0.361578 
1379.000000 0.361036 
1380.000000 0.360495 
1381.000000 0.359953 
1382.000000 0.359413 
1383.000000 0.358872 
1384.000000 0.358332 
1385.000000 0.357793 
1386.000000 0.357254 
1387.000000 0.356715 
1388.000000 0.356176 
1389.000000 0.355638 
1390.000000 0.355100 
1391.000000 0.354563 
1392.000000 0.354026 
1393.000000 0.353489 
1394.000000 0.352953 
1395.000000 0.352417 
1396.000000 0.351882 
1397.000000 0.351347 
1398.000000 0.350812 
1399.000000 0.350278 
1400.000000 0.349744 
1401.000000 0.349210 
1402.000000 0.348677 
1403.000000 0.348144 
1404.000000 0.347612 
1405.000000 0.347080 
1406.000000 0.346548 
1407.000000 0.346017 
1408.000000 0.345486 
1409.000000 0.344955 
1410.000000 0.344425 
1411.000000 0.343896 
1412.000000 0.343366 
1413.000000 0.342837 
1414.000000 0.342309 
1415.000000 0.341781 
1416.000000 0.341253 
1417.000000 0.340725 
1418.000000 0.340198 
1419.000000 0.339672 
1420.000000 0.339146 
1421.000000 0.338620 
1422.000000 0.338094 
1423.000000 0.337569 
1424.000000 0.337045 
1425.000000 0.336520 
1426.000000 0.335997 
1427.000000 0.335473 
1428.000000 0.334950 
1429.000000 0.334428 
1430.000000 0.333905 
1431.000000 0.333383 
1432.000000 0.332862 
1433.000000 0.332341 
1434.000000 0.331820 
1435.000000 0.331300 
1436.000000 0.330780 
1437.000000 0.330261 
1438.000000 0.329742 
1439.000000 0.329223 
1440.000000 0.328705 
1441.000000 0.328187 
1442.000000 0.327670 
1443.000000 0.327153 
1444.000000 0.326636 
1445.000000 0.326120 
1446.000000 0.325604 
1447.000000 0.325089 
1448.000000 0.324574 
1449.000000 0.324059 
1450.000000 0.323545 
1451.000000 0.323031 
1452.000000 0.322518 
1453.000000 0.322005 
1454.000000 0.321492 
1455.000000 0.320980 
1456.000000 0.320468 
1457.000000 0.319957 
1458.000000 0.319446 
1459.000000 0.318936 
1460.000000 0.318426 
1461.000000 0.317916 
1462.000000 0.317407 
1463.000000 0.316898 
1464.000000 0.316390 
1465.000000 0.315882 
1466.000000 0.315374 
1467.000000 0.314867 
1468.000000 0.314360 
1469.000000 0.313854 
1470.000000 0.313348 
1471.000000 0.312843 
1472.000000 0.312338 
1473.000000 0.311833 
1474.000000 0.311329 
1475.000000 0.310825 
1476.000000 0.310322 
1477.000000 0.309819 
1478.000000 0.309316 
1479.000000 0.308814 
1480.000000 0.308312 
1481.000000 0.307811 
1482.000000 0.307310 
1483.000000 0.306810 
1484.000000 0.306310 
1485.000000 0.305810 
1486.000000 0.305311 
1487.000000 0.304812 
1488.000000 0.304314 
1489.000000 0.303816 
1490.000000 0.303319 
1491.000000 0.302822 
1492.000000 0.302325 
1493.000000 0.301829 
1494.000000 0.301333 
1495.000000 0.300838 
1496.000000 0.300343 
1497.000000 0.299849 
1498.000000 0.299355 
1499.000000 0.298861 
1500.000000 0.298368 
1501.000000 0.297875 
1502.000000 0.297383 
1503.000000 0.296891 
1504.000000 0.296400 
1505.000000 0.295909 
1506.000000 0.295418 
1507.000000 0.294928 
1508.000000 0.294438 
1509.000000 0.293949 
1510.000000 0.293460 
1511.000000 0.292972 
1512.000000 0.292484 
1513.000000 0.291996 
1514.000000 0.291509 
1515.000000 0.291023 
1516.000000 0.290536 
1517.000000 0.290051 
1518.000000 0.289565 
1519.000000 0.289080 
1520.000000 0.288596 
1521.000000 0.288112 
1522.000000 0.287628 
1523.000000 0.287145 
1524.000000 0.286662 
1525.000000 0.286180 
1526.000000 0.285698 
1527.000000 0.285217 
1528.000000 0.284736 
1529.000000 0.284255 
1530.000000 0.283775 
1531.000000 0.283295 
1532.000000 0.282816 
1533.000000 0.282337 
1534.000000 0.281859 
1535.000000 0.281381 
1536.000000 0.280904 
1537.000000 0.280427 
1538.000000 0.279950 
1539.000000 0.279474 
1540.000000 0.278998 
1541.000000 0.278523 
1542.000000 0.278048 
1543.000000 0.277574 
1544.000000 0.277100 
1545.000000 0.276626 
1546.000000 0.276153 
1547.000000 0.275680 
1548.000000 0.275208 
1549.000000 0.274737 
1550.000000 0.274265 
1551.000000 0.273794 
1552.000000 0.273324 
1553.000000 0.272854 
1554.000000 0.272385 
1555.000000 0.271916 
1556.000000 0.271447 
1557.000000 0.270979 
1558.000000 0.270511 
1559.000000 0.270044 
1560.000000 0.269577 
1561.000000 0.269111 
1562.000000 0.268645 
1563.000000 0.268179 
1564.000000 0.267714 
1565.000000 0.267250 
1566.000000 0.266785 
1567.000000 0.266322 
1568.000000 0.265858 
1569.000000 0.265396 
1570.000000 0.264933 
1571.000000 0.264471 
1572.000000 0.264010 
1573.000000 0.263549 
1574.000000 0.263088 
1575.000000 0.262628 
1576.000000 0.262169 
1577.000000 0.261709 
1578.000000 0.261251 
1579.000000 0.260792 
1580.000000 0.260334 
1581.000000 0.259877 
1582.000000 0.259420 
1583.000000 0.258964 
1584.000000 0.258508 
1585.000000 0.258052 
1586.000000 0.257597 
1587.000000 0.257142 
1588.000000 0.256688 
1589.000000 0.256234 
1590.000000 0.255781 
1591.000000 0.255328 
1592.000000 0.254876 
1593.000000 0.254424 
1594.000000 0.253972 
1595.000000 0.253521 
1596.000000 0.253070 
1597.000000 0.252620 
1598.000000 0.252171 
1599.000000 0.251721 
1600.000000 0.251273 
1601.000000 0.250824 
1602.000000 0.250376 
1603.000000 0.249929 
1604.000000 0.249482 
1605.000000 0.249035 
1606.000000 0.248589 
1607.000000 0.248144 
1608.000000 0.247699 
1609.000000 0.247254 
1610.000000 0.246810 
1611.000000 0.246366 
1612.000000 0.245923 
1613.000000 0.245480 
1614.000000 0.245038 
1615.000000 0.244596 
1616.000000 0.244154 
1617.000000 0.243713 
1618.000000 0.243273 
1619.000000 0.242833 
1620.000000 0.242393 
1621.000000 0.241954 
1622.000000 0.241515 
1623.000000 0.241077 
1624.000000 0.240639 
1625.000000 0.240202 
1626.000000 0.239765 
1627.000000 0.239328 
1628.000000 0.238893 
1629.000000 0.238457 
1630.000000 0.238022 
1631.000000 0.237587 
1632.000000 0.237153 
1633.000000 0.236720 
1634.000000 0.236287 
1635.000000 0.235854 
1636.000000 0.235422 
1637.000000 0.234990 
1638.000000 0.234559 
1639.000000 0.234128 
1640.000000 0.233697 
1641.000000 0.233268 
1642.000000 0.232838 
1643.000000 0.232409 
1644.000000 0.231981 
1645.000000 0.231553 
1646.000000 0.231125 
1647.000000 0.230698 
1648.000000 0.230271 
1649.000000 0.229845 
1650.000000 0.229419 
1651.000000 0.228994 
1652.000000 0.228569 
1653.000000 0.228145 
1654.000000 0.227721 
1655.000000 0.227298 
1656.000000 0.226875 
1657.000000 0.226453 
1658.000000 0.226031 
1659.000000 0.225609 
1660.000000 0.225188 
1661.000000 0.224767 
1662.000000 0.224347 
1663.000000 0.223928 
1664.000000 0.223509 
1665.000000 0.223090 
1666.000000 0.222672 
1667.000000 0.222254 
1668.000000 0.221837 
1669.000000 0.221420 
1670.000000 0.221004 
1671.000000 0.220588 
1672.000000 0.220172 
1673.000000 0.219757 
1674.000000 0.219343 
1675.000000 0.218929 
1676.000000 0.218516 
1677.000000 0.218103 
1678.000000 0.217690 
1679.000000 0.217278 
1680.000000 0.216866 
1681.000000 0.216455 
1682.000000 0.216044 
1683.000000 0.215634 
1684.000000 0.215225 
1685.000000 0.214815 
1686.000000 0.214406 
1687.000000 0.213998 
1688.000000 0.213590 
1689.000000 0.213183 
1690.000000 0.212776 
1691.000000 0.212370 
1692.000000 0.211964 
1693.000000 0.211558 
1694.000000 0.211153 
1695.000000 0.210749 
1696.000000 0.210345 
1697.000000 0.209941 
1698.000000 0.209538 
1699.000000 0.209136 
1700.000000 0.208733 
1701.000000 0.208332 
1702.000000 0.207931 
1703.000000 0.207530 
1704.000000 0.207130 
1705.000000 0.206730 
1706.000000 0.206330 
1707.000000 0.205932 
1708.000000 0.205533 
1709.000000 0.205135 
1710.000000 0.204738 
1711.000000 0.204341 
1712.000000 0.203945 
1713.000000 0.203549 
1714.000000 0.203153 
1715.000000 0.202758 
1716.000000 0.202364 
1717.000000 0.201970 
1718.000000 0.201576 
1719.000000 0.201183 
1720.000000 0.200790 
1721.000000 0.200398 
1722.000000 0.200007 
1723.000000 0.199615 
1724.000000 0.199225 
1725.000000 0.198834 
1726.000000 0.198445 
1727.000000 0.198055 
1728.000000 0.197666 
1729.000000 0.197278 
1730.000000 0.196890 
1731.000000 0.196503 
1732.000000 0.196116 
1733.000000 0.195729 
1734.000000 0.195343 
1735.000000 0.194958 
1736.000000 0.194573 
1737.000000 0.194188 
1738.000000 0.193804 
1739.000000 0.193421 
1740.000000 0.193038 
1741.000000 0.192655 
1742.000000 0.192273 
1743.000000 0.191891 
1744.000000 0.191510 
1745.000000 0.191129 
1746.000000 0.190749 
1747.000000 0.190369 
1748.000000 0.189990 
1749.000000 0.189611 
1750.000000 0.189233 
1751.000000 0.188855 
1752.000000 0.188477 
1753.000000 0.188100 
1754.000000 0.187724 
1755.000000 0.187348 
1756.000000 0.186972 
1757.000000 0.186597 
1758.000000 0.186223 
1759.000000 0.185849 
1760.000000 0.185475 
1761.000000 0.185102 
1762.000000 0.184729 
1763.000000 0.184357 
1764.000000 0.183985 
1765.000000 0.183614 
1766.000000 0.183243 
1767.000000 0.182873 
1768.000000 0.182503 
1769.000000 0.182134 
1770.000000 0.181765 
1771.000000 0.181397 
1772.000000 0.181029 
1773.000000 0.180661 
1774.000000 0.180294 
1775.000000 0.179928 
1776.000000 0.179562 
1777.000000 0.179196 
1778.000000 0.178831 
1779.000000 0.178466 
1780.000000 0.178102 
1781.000000 0.177739 
1782.000000 0.177375 
1783.000000 0.177013 
1784.000000 0.176650 
1785.000000 0.176289 
1786.000000 0.175927 
1787.000000 0.175567 
1788.000000 0.175206 
1789.000000 0.174846 
1790.000000 0.174487 
1791.000000 0.174128 
1792.000000 0.173769 
1793.000000 0.173411 
1794.000000 0.173054 
1795.000000 0.172697 
1796.000000 0.172340 
1797.000000 0.171984 
1798.000000 0.171628 
1799.000000 0.171273 
1800.000000 0.170919 
1801.000000 0.170564 
1802.000000 0.170211 
1803.000000 0.169857 
1804.000000 0.169504 
1805.000000 0.169152 
1806.000000 0.168800 
1807.000000 0.168449 
1808.000000 0.168098 
1809.000000 0.167747 
1810.000000 0.167397 
1811.000000 0.167048 
1812.000000 0.166699 
1813.000000 0.166350 
1814.000000 0.166002 
1815.000000 0.165654 
1816.000000 0.165307 
1817.000000 0.164960 
1818.000000 0.164614 
1819.000000 0.164268 
1820.000000 0.163923 
1821.000000 0.163578 
1822.000000 0.163234 
1823.000000 0.162890 
1824.000000 0.162546 
1825.000000 0.162203 
1826.000000 0.161861 
1827.000000 0.161519 
1828.000000 0.161177 
1829.000000 0.160836 
1830.000000 0.160495 
1831.000000 0.160155 
1832.000000 0.159815 
1833.000000 0.159476 
1834.000000 0.159137 
1835.000000 0.158799 
1836.000000 0.158461 
1837.000000 0.158124 
1838.000000 0.157787 
1839.000000 0.157450 
1840.000000 0.157114 
1841.000000 0.156779 
1842.000000 0.156444 
1843.000000 0.156109 
1844.000000 0.155775 
1845.000000 0.155441 
1846.000000 0.155108 
1847.000000 0.154775 
1848.000000 0.154443 
1849.000000 0.154111 
1850.000000 0.153780 
1851.000000 0.153449 
1852.000000 0.153119 
1853.000000 0.152789 
1854.000000 0.152459 
1855.000000 0.152130 
1856.000000 0.151801 
1857.000000 0.151473 
1858.000000 0.151146 
1859.000000 0.150819 
1860.000000 0.150492 
1861.000000 0.150166 
1862.000000 0.149840 
1863.000000 0.149514 
1864.000000 0.149190 
1865.000000 0.148865 
1866.000000 0.148541 
1867.000000 0.148218 
1868.000000 0.147895 
1869.000000 0.147572 
1870.000000 0.147250 
1871.000000 0.146928 
1872.000000 0.146607 
1873.000000 0.146287 
1874.000000 0.145966 
1875.000000 0.145647 
1876.000000 0.145327 
1877.000000 0.145008 
1878.000000 0.144690 
1879.000000 0.144372 
1880.000000 0.144054 
1881.000000 0.143737 
1882.000000 0.143421 
1883.000000 0.143105 
1884.000000 0.142789 
1885.000000 0.142474 
1886.000000 0.142159 
1887.000000 0.141845 
1888.000000 0.141531 
1889.000000 0.141218 
1890.000000 0.140905 
1891.000000 0.140592 
1892.000000 0.140280 
1893.000000 0.139969 
1894.000000 0.139658 
1895.000000 0.139347 
1896.000000 0.139037 
1897.000000 0.138728 
1898.000000 0.138418 
1899.000000 0.138110 
1900.000000 0.137801 
1901.000000 0.137493 
1902.000000 0.137186 
1903.000000 0.136879 
1904.000000 0.136573 
1905.000000 0.136267 
1906.000000 0.135961 
1907.000000 0.135656 
1908.000000 0.135351 
1909.000000 0.135047 
1910.000000 0.134743 
1911.000000 0.134440 
1912.000000 0.134137 
1913.000000 0.133835 
1914.000000 0.133533 
1915.000000 0.133231 
1916.000000 0.132930 
1917.000000 0.132630 
1918.000000 0.132330 
1919.000000 0.132030 
1920.000000 0.131731 
1921.000000 0.131432 
1922.000000 0.131134 
1923.000000 0.130836 
1924.000000 0.130539 
1925.000000 0.130242 
1926.000000 0.129945 
1927.000000 0.129649 
1928.000000 0.129354 
1929.000000 0.129059 
1930.000000 0.128764 
1931.000000 0.128470 
1932.000000 0.128176 
1933.000000 0.127883 
1934.000000 0.127590 
1935.000000 0.127297 
1936.000000 0.127006 
1937.000000 0.126714 
1938.000000 0.126423 
1939.000000 0.126132 
1940.000000 0.125842 
1941.000000 0.125553 
1942.000000 0.125263 
1943.000000 0.124975 
1944.000000 0.124686 
1945.000000 0.124398 
1946.000000 0.124111 
1947.000000 0.123824 
1948.000000 0.123537 
1949.000000 0.123251 
1950.000000 0.122965 
1951.000000 0.122680 
1952.000000 0.122396 
1953.000000 0.122111 
1954.000000 0.121827 
1955.000000 0.121544 
1956.000000 0.121261 
1957.000000 0.120978 
1958.000000 0.120696 
1959.000000 0.120415 
1960.000000 0.120133 
1961.000000 0.119853 
1962.000000 0.119572 
1963.000000 0.119293 
1964.000000 0.119013 
1965.000000 0.118734 
1966.000000 0.118456 
1967.000000 0.118178 
1968.000000 0.117900 
1969.000000 0.117623 
1970.000000 0.117346 
1971.000000 0.117070 
1972.000000 0.116794 
1973.000000 0.116518 
1974.000000 0.116243 
1975.000000 0.115969 
1976.000000 0.115695 
1977.000000 0.115421 
1978.000000 0.115148 
1979.000000 0.114875 
1980.000000 0.114603 
1981.000000 0.114331 
1982.000000 0.114059 
1983.000000 0.113788 
1984.000000 0.113518 
1985.000000 0.113248 
1986.000000 0.112978 
1987.000000 0.112709 
1988.000000 0.112440 
1989.000000 0.112171 
1990.000000 0.111903 
1991.000000 0.111636 
1992.000000 0.111369 
1993.000000 0.111102 
1994.000000 0.110836 
1995.000000 0.110570 
1996.000000 0.110305 
1997.000000 0.110040 
1998.000000 0.109775 
1999.000000 0.109511 
2000.000000 0.109248 
2001.000000 0.108985 
2002.000000 0.108722 
2003.000000 0.108459 
2004.000000 0.108198 
2005.000000 0.107936 
2006.000000 0.107675 
2007.000000 0.107415 
2008.000000 0.107154 
2009.000000 0.106895 
2010.000000 0.106635 
2011.000000 0.106377 
2012.000000 0.106118 
2013.000000 0.105860 
2014.000000 0.105603 
2015.000000 0.105345 
2016.000000 0.105089 
2017.000000 0.104832 
2018.000000 0.104577 
2019.000000 0.104321 
2020.000000 0.104066 
2021.000000 0.103812 
2022.000000 0.103557 
2023.000000 0.103304 
2024.000000 0.103050 
2025.000000 0.102797 
2026.000000 0.102545 
2027.000000 0.102293 
2028.000000 0.102041 
2029.000000 0.101790 
2030.000000 0.101539 
2031.000000 0.101289 
2032.000000 0.101039 
2033.000000 0.100790 
2034.000000 0.100541 
2035.000000 0.100292 
2036.000000 0.100044 
2037.000000 0.099796 
2038.000000 0.099549 
2039.000000 0.099302 
2040.000000 0.099055 
2041.000000 0.098809 
2042.000000 0.098563 
2043.000000 0.098318 
2044.000000 0.098073 
2045.000000 0.097829 
2046.000000 0.097585 
2047.000000 0.097341 
2048.000000 0.097098 
2049.000000 0.096855 
2050.000000 0.096613 
2051.000000 0.096371 
2052.000000 0.096130 
2053.000000 0.095889 
2054.000000 0.095648 
2055.000000 0.095408 
2056.000000 0.095168 
2057.000000 0.094929 
2058.000000 0.094690 
2059.000000 0.094451 
2060.000000 0.094213 
2061.000000 0.093975 
2062.000000 0.093738 
2063.000000 0.093501 
2064.000000 0.093264 
2065.000000 0.093028 
2066.000000 0.092792 
2067.000000 0.092557 
2068.000000 0.092322 
2069.000000 0.092088 
2070.000000 0.091854 
2071.000000 0.091620 
2072.000000 0.091387 
2073.000000 0.091154 
2074.000000 0.090922 
2075.000000 0.090690 
2076.000000 0.090458 
2077.000000 0.090227 
2078.000000 0.089996 
2079.000000 0.089766 
2080.000000 0.089536 
2081.000000 0.089307 
2082.000000 0.089077 
2083.000000 0.088849 
2084.000000 0.088620 
2085.000000 0.088393 
2086.000000 0.088165 
2087.000000 0.087938 
2088.000000 0.087711 
2089.000000 0.087485 
2090.000000 0.087259 
2091.000000 0.087034 
2092.000000 0.086809 
2093.000000 0.086584 
2094.000000 0.086360 
2095.000000 0.086136 
2096.000000 0.085912 
2097.000000 0.085689 
2098.000000 0.085467 
2099.000000 0.085245 
2100.000000 0.085023 
2101.000000 0.084801 
2102.000000 0.084580 
2103.000000 0.084360 
2104.000000 0.084140 
2105.000000 0.083920 
2106.000000 0.083700 
2107.000000 0.083481 
2108.000000 0.083263 
2109.000000 0.083044 
2110.000000 0.082827 
2111.000000 0.082609 
2112.000000 0.082392 
2113.000000 0.082176 
2114.000000 0.081959 
2115.000000 0.081744 
2116.000000 0.081528 
2117.000000 0.081313 
2118.000000 0.081098 
2119.000000 0.080884 
2120.000000 0.080670 
2121.000000 0.080457 
2122.000000 0.080244 
2123.000000 0.080031 
2124.000000 0.079819 
2125.000000 0.079607 
2126.000000 0.079396 
2127.000000 0.079185 
2128.000000 0.078974 
2129.000000 0.078764 
2130.000000 0.078554 
2131.000000 0.078344 
2132.000000 0.078135 
2133.000000 0.077926 
2134.000000 0.077718 
2135.000000 0.077510 
2136.000000 0.077303 
2137.000000 0.077096 
2138.000000 0.076889 
2139.000000 0.076682 
2140.000000 0.076476 
2141.000000 0.076271 
2142.000000 0.076066 
2143.000000 0.075861 
2144.000000 0.075656 
2145.000000 0.075452 
2146.000000 0.075249 
2147.000000 0.075046 
2148.000000 0.074843 
2149.000000 0.074640 
2150.000000 0.074438 
2151.000000 0.074236 
2152.000000 0.074035 
2153.000000 0.073834 
2154.000000 0.073634 
2155.000000 0.073433 
2156.000000 0.073234 
2157.000000 0.073034 
2158.000000 0.072835 
2159.000000 0.072637 
2160.000000 0.072438 
2161.000000 0.072240 
2162.000000 0.072043 
2163.000000 0.071846 
2164.000000 0.071649 
2165.000000 0.071453 
2166.000000 0.071257 
2167.000000 0.071061 
2168.000000 0.070866 
2169.000000 0.070671 
2170.000000 0.070477 
2171.000000 0.070283 
2172.000000 0.070089 
2173.000000 0.069896 
2174.000000 0.069703 
2175.000000 0.069510 
2176.000000 0.069318 
2177.000000 0.069126 
2178.000000 0.068935 
2179.000000 0.068744 
2180.000000 0.068553 
2181.000000 0.068363 
2182.000000 0.068173 
2183.000000 0.067983 
2184.000000 0.067794 
2185.000000 0.067605 
2186.000000 0.067417 
2187.000000 0.067229 
2188.000000 0.067041 
2189.000000 0.066854 
2190.000000 0.066667 
2191.000000 0.066480 
2192.000000 0.066294 
2193.000000 0.066108 
2194.000000 0.065923 
2195.000000 0.065738 
2196.000000 0.065553 
2197.000000 0.065369 
2198.000000 0.065185 
2199.000000 0.065001 
2200.000000 0.064818 
2201.000000 0.064635 
2202.000000 0.064452 
2203.000000 0.064270 
2204.000000 0.064089 
2205.000000 0.063907 
2206.000000 0.063726 
2207.000000 0.063545 
2208.000000 0.063365 
2209.000000 0.063185 
2210.000000 0.063006 
2211.000000 0.062826 
2212.000000 0.062647 
2213.000000 0.062469 
2214.000000 0.062291 
2215.000000 0.062113 
2216.000000 0.061936 
2217.000000 0.061758 
2218.000000 0.061582 
2219.000000 0.061405 
2220.000000 0.061229 
2221.000000 0.061054 
2222.000000 0.060879 
2223.000000 0.060704 
2224.000000 0.060529 
2225.000000 0.060355 
2226.000000 0.060181 
2227.000000 0.060008 
2228.000000 0.059834 
2229.000000 0.059662 
2230.000000 0.059489 
2231.000000 0.059317 
2232.000000 0.059145 
2233.000000 0.058974 
2234.000000 0.058803 
2235.000000 0.058632 
2236.000000 0.058462 
2237.000000 0.058292 
2238.000000 0.058123 
2239.000000 0.057953 
2240.000000 0.057784 
2241.000000 0.057616 
2242.000000 0.057448 
2243.000000 0.057280 
2244.000000 0.057112 
2245.000000 0.056945 
2246.000000 0.056778 
2247.000000 0.056612 
2248.000000 0.056446 
2249.000000 0.056280 
2250.000000 0.056115 
2251.000000 0.055950 
2252.000000 0.055785 
2253.000000 0.055621 
2254.000000 0.055457 
2255.000000 0.055293 
2256.000000 0.055130 
2257.000000 0.054967 
2258.000000 0.054804 
2259.000000 0.054642 
2260.000000 0.054480 
2261.000000 0.054318 
2262.000000 0.054157 
2263.000000 0.053996 
2264.000000 0.053835 
2265.000000 0.053675 
2266.000000 0.053515 
2267.000000 0.053356 
2268.000000 0.053196 
2269.000000 0.053037 
2270.000000 0.052879 
2271.000000 0.052721 
2272.000000 0.052563 
2273.000000 0.052405 
2274.000000 0.052248 
2275.000000 0.052091 
2276.000000 0.051935 
2277.000000 0.051779 
2278.000000 0.051623 
2279.000000 0.051467 
2280.000000 0.051312 
2281.000000 0.051157 
2282.000000 0.051003 
2283.000000 0.050849 
2284.000000 0.050695 
2285.000000 0.050541 
2286.000000 0.050388 
2287.000000 0.050235 
2288.000000 0.050083 
2289.000000 0.049931 
2290.000000 0.049779 
2291.000000 0.049627 
2292.000000 0.049476 
2293.000000 0.049325 
2294.000000 0.049175 
2295.000000 0.049024 
2296.000000 0.048875 
2297.000000 0.048725 
2298.000000 0.048576 
2299.000000 0.048427 
2300.000000 0.048278 
2301.000000 0.048130 
2302.000000 0.047982 
2303.000000 0.047835 
2304.000000 0.047688 
2305.000000 0.047541 
2306.000000 0.047394 
2307.000000 0.047248 
2308.000000 0.047102 
2309.000000 0.046956 
2310.000000 0.046811 
2311.000000 0.046666 
2312.000000 0.046521 
2313.000000 0.046377 
2314.000000 0.046233 
2315.000000 0.046089 
2316.000000 0.045946 
2317.000000 0.045803 
2318.000000 0.045660 
2319.000000 0.045518 
2320.000000 0.045376 
2321.000000 0.045234 
2322.000000 0.045093 
2323.000000 0.044952 
2324.000000 0.044811 
2325.000000 0.044670 
2326.000000 0.044530 
2327.000000 0.044390 
2328.000000 0.044251 
2329.000000 0.044112 
2330.000000 0.043973 
2331.000000 0.043834 
2332.000000 0.043696 
2333.000000 0.043558 
2334.000000 0.043420 
2335.000000 0.043283 
2336.000000 0.043146 
2337.000000 0.043009 
2338.000000 0.042873 
2339.000000 0.042737 
2340.000000 0.042601 
2341.000000 0.042466 
2342.000000 0.042331 
2343.000000 0.042196 
2344.000000 0.042062 
2345.000000 0.041927 
2346.000000 0.041793 
2347.000000 0.041660 
2348.000000 0.041527 
2349.000000 0.041394 
2350.000000 0.041261 
2351.000000 0.041129 
2352.000000 0.040997 
2353.000000 0.040865 
2354.000000 0.040734 
2355.000000 0.040603 
2356.000000 0.040472 
2357.000000 0.040341 
2358.000000 0.040211 
2359.000000 0.040081 
2360.000000 0.039952 
2361.000000 0.039823 
2362.000000 0.039694 
2363.000000 0.039565 
2364.000000 0.039437 
2365.000000 0.039309 
2366.000000 0.039181 
2367.000000 0.039053 
2368.000000 0.038926 
2369.000000 0.038799 
2370.000000 0.038673 
2371.000000 0.038547 
2372.000000 0.038421 
2373.000000 0.038295 
2374.000000 0.038170 
2375.000000 0.038045 
2376.000000 0.037920 
2377.000000 0.037796 
2378.000000 0.037672 
2379.000000 0.037548 
2380.000000 0.037424 
2381.000000 0.037301 
2382.000000 0.037178 
2383.000000 0.037055 
2384.000000 0.036933 
2385.000000 0.036811 
2386.000000 0.036689 
2387.000000 0.036568 
2388.000000 0.036446 
2389.000000 0.036326 
2390.000000 0.036205 
2391.000000 0.036085 
2392.000000 0.035965 
2393.000000 0.035845 
2394.000000 0.035725 
2395.000000 0.035606 
2396.000000 0.035487 
2397.000000 0.035369 
2398.000000 0.035251 
2399.000000 0.035133 
2400.000000 0.035015 
2401.000000 0.034897 
2402.000000 0.034780 
2403.000000 0.034663 
2404.000000 0.034547 
2405.000000 0.034431 
2406.000000 0.034315 
2407.000000 0.034199 
2408.000000 0.034083 
2409.000000 0.033968 
2410.000000 0.033853 
2411.000000 0.033739 
2412.000000 0.033625 
2413.000000 0.033511 
2414.000000 0.033397 
2415.000000 0.033283 
2416.000000 0.033170 
2417.000000 0.033057 
2418.000000 0.032945 
2419.000000 0.032832 
2420.000000 0.032720 
2421.000000 0.032608 
2422.000000 0.032497 
2423.000000 0.032386 
2424.000000 0.032275 
2425.000000 0.032164 
2426.000000 0.032054 
2427.000000 0.031944 
2428.000000 0.031834 
2429.000000 0.031724 
2430.000000 0.031615 
2431.000000 0.031506 
2432.000000 0.031397 
2433.000000 0.031288 
2434.000000 0.031180 
2435.000000 0.031072 
2436.000000 0.030965 
2437.000000 0.030857 
2438.000000 0.030750 
2439.000000 0.030643 
2440.000000 0.030536 
2441.000000 0.030430 
2442.000000 0.030324 
2443.000000 0.030218 
2444.000000 0.030113 
2445.000000 0.030007 
2446.000000 0.029902 
2447.000000 0.029798 
2448.000000 0.029693 
2449.000000 0.029589 
2450.000000 0.029485 
2451.000000 0.029381 
2452.000000 0.029278 
2453.000000 0.029175 
2454.000000 0.029072 
2455.000000 0.028969 
2456.000000 0.028867 
2457.000000 0.028765 
2458.000000 0.028663 
2459.000000 0.028561 
2460.000000 0.028460 
2461.000000 0.028359 
2462.000000 0.028258 
2463.000000 0.028157 
2464.000000 0.028057 
2465.000000 0.027957 
2466.000000 0.027857 
2467.000000 0.027757 
2468.000000 0.027658 
2469.000000 0.027559 
2470.000000 0.027460 
2471.000000 0.027362 
2472.000000 0.027263 
2473.000000 0.027165 
2474.000000 0.027068 
2475.000000 0.026970 
2476.000000 0.026873 
2477.000000 0.026776 
2478.000000 0.026679 
2479.000000 0.026582 
2480.000000 0.026486 
2481.000000 0.026390 
2482.000000 0.026294 
2483.000000 0.026199 
2484.000000 0.026103 
2485.000000 0.026008 
2486.000000 0.025914 
2487.000000 0.025819 
2488.000000 0.025725 
2489.000000 0.025631 
2490.000000 0.025537 
2491.000000 0.025443 
2492.000000 0.025350 
2493.000000 0.025257 
2494.000000 0.025164 
2495.000000 0.025072 
2496.000000 0.024979 
2497.000000 0.024887 
2498.000000 0.024795 
2499.000000 0.024704 
2500.000000 0.024612 
2501.000000 0.024521 
2502.000000 0.024430 
2503.000000 0.024340 
2504.000000 0.024249 
2505.000000 0.024159 
2506.000000 0.024069 
2507.000000 0.023979 
2508.000000 0.023890 
2509.000000 0.023801 
2510.000000 0.023712 
2511.000000 0.023623 
2512.000000 0.023535 
2513.000000 0.023446 
2514.000000 0.023358 
2515.000000 0.023270 
2516.000000 0.023183 
2517.000000 0.023096 
2518.000000 0.023009 
2519.000000 0.022922 
2520.000000 0.022835 
2521.000000 0.022749 
2522.000000 0.022663 
2523.000000 0.022577 
2524.000000 0.022491 
2525.000000 0.022406 
2526.000000 0.022320 
2527.000000 0.022235 
2528.000000 0.022151 
2529.000000 0.022066 
2530.000000 0.021982 
2531.000000 0.021898 
2532.000000 0.021814 
2533.000000 0.021730 
2534.000000 0.021647 
2535.000000 0.021564 
2536.000000 0.021481 
2537.000000 0.021398 
2538.000000 0.021316 
2539.000000 0.021234 
2540.000000 0.021152 
2541.000000 0.021070 
2542.000000 0.020988 
2543.000000 0.020907 
2544.000000 0.020826 
2545.000000 0.020745 
2546.000000 0.020665 
2547.000000 0.020584 
2548.000000 0.020504 
2549.000000 0.020424 
2550.000000 0.020345 
2551.000000 0.020265 
2552.000000 0.020186 
2553.000000 0.020107 
2554.000000 0.020028 
2555.000000 0.019949 
2556.000000 0.019871 
2557.000000 0.019793 
2558.000000 0.019715 
2559.000000 0.019637 
2560.000000 0.019560 
2561.000000 0.019483 
2562.000000 0.019406 
2563.000000 0.019329 
2564.000000 0.019252 
2565.000000 0.019176 
2566.000000 0.019100 
2567.000000 0.019024 
2568.000000 0.018948 
2569.000000 0.018873 
2570.000000 0.018797 
2571.000000 0.018722 
2572.000000 0.018648 
2573.000000 0.018573 
2574.000000 0.018499 
2575.000000 0.018424 
2576.000000 0.018350 
2577.000000 0.018277 
2578.000000 0.018203 
2579.000000 0.018130 
2580.000000 0.018057 
2581.000000 0.017984 
2582.000000 0.017911 
2583.000000 0.017839 
2584.000000 0.017767 
2585.000000 0.017695 
2586.000000 0.017623 
2587.000000 0.017551 
2588.000000 0.017480 
2589.000000 0.017409 
2590.000000 0.017338 
2591.000000 0.017267 
2592.000000 0.017197 
2593.000000 0.017127 
2594.000000 0.017057 
2595.000000 0.016987 
2596.000000 0.016917 
2597.000000 0.016848 
2598.000000 0.016778 
2599.000000 0.016709 
2600.000000 0.016641 
2601.000000 0.016572 
2602.000000 0.016504 
2603.000000 0.016435 
2604.000000 0.016367 
2605.000000 0.016300 
2606.000000 0.016232 
2607.000000 0.016165 
2608.000000 0.016098 
2609.000000 0.016031 
2610.000000 0.015964 
2611.000000 0.015898 
2612.000000 0.015831 
2613.000000 0.015765 
2614.000000 0.015699 
2615.000000 0.015634 
2616.000000 0.015568 
2617.000000 0.015503 
2618.000000 0.015438 
2619.000000 0.015373 
2620.000000 0.015308 
2621.000000 0.015244 
2622.000000 0.015179 
2623.000000 0.015115 
2624.000000 0.015051 
2625.000000 0.014988 
2626.000000 0.014924 
2627.000000 0.014861 
2628.000000 0.014798 
2629.000000 0.014735 
2630.000000 0.014672 
2631.000000 0.014610 
2632.000000 0.014548 
2633.000000 0.014485 
2634.000000 0.014424 
2635.000000 0.014362 
2636.000000 0.014300 
2637.000000 0.014239 
2638.000000 0.014178 
2639.000000 0.014117 
2640.000000 0.014056 
2641.000000 0.013996 
2642.000000 0.013936 
2643.000000 0.013875 
2644.000000 0.013815 
2645.000000 0.013756 
2646.000000 0.013696 
2647.000000 0.013637 
2648.000000 0.013578 
2649.000000 0.013519 
2650.000000 0.013460 
2651.000000 0.013401 
2652.000000 0.013343 
2653.000000 0.013284 
2654.000000 0.013226 
2655.000000 0.013168 
2656.000000 0.013111 
2657.000000 0.013053 
2658.000000 0.012996 
2659.000000 0.012939 
2660.000000 0.012882 
2661.000000 0.012825 
2662.000000 0.012769 
2663.000000 0.012712 
2664.000000 0.012656 
2665.000000 0.012600 
2666.000000 0.012544 
2667.000000 0.012488 
2668.000000 0.012433 
2669.000000 0.012378 
2670.000000 0.012322 
2671.000000 0.012268 
2672.000000 0.012213 
2673.000000 0.012158 
2674.000000 0.012104 
2675.000000 0.012049 
2676.000000 0.011995 
2677.000000 0.011942 
2678.000000 0.011888 
2679.000000 0.011834 
2680.000000 0.011781 
2681.000000 0.011728 
2682.000000 0.011675 
2683.000000 0.011622 
2684.000000 0.011569 
2685.000000 0.011517 
2686.000000 0.011464 
2687.000000 0.011412 
2688.000000 0.011360 
2689.000000 0.011308 
2690.000000 0.011257 
2691.000000 0.011205 
2692.000000 0.011154 
2693.000000 0.011103 
2694.000000 0.011052 
2695.000000 0.011001 
2696.000000 0.010950 
2697.000000 0.010900 
2698.000000 0.010850 
2699.000000 0.010799 
2700.000000 0.010749 
2701.000000 0.010700 
2702.000000 0.010650 
2703.000000 0.010600 
2704.000000 0.010551 
2705.000000 0.010502 
2706.000000 0.010453 
2707.000000 0.010404 
2708.000000 0.010355 
2709.000000 0.010307 
2710.000000 0.010259 
2711.000000 0.010210 
2712.000000 0.010162 
2713.000000 0.010114 
2714.000000 0.010067 
2715.000000 0.010019 
2716.000000 0.009972 
2717.000000 0.009925 
2718.000000 0.009877 
2719.000000 0.009830 
2720.000000 0.009784 
2721.000000 0.009737 
2722.000000 0.009691 
2723.000000 0.009644 
2724.000000 0.009598 
2725.000000 0.009552 
2726.000000 0.009506 
2727.000000 0.009461 
2728.000000 0.009415 
2729.000000 0.009370 
2730.000000 0.009324 
2731.000000 0.009279 
2732.000000 0.009234 
2733.000000 0.009190 
2734.000000 0.009145 
2735.000000 0.009101 
2736.000000 0.009056 
2737.000000 0.009012 
2738.000000 0.008968 
2739.000000 0.008924 
2740.000000 0.008880 
2741.000000 0.008837 
2742.000000 0.008793 
2743.000000 0.008750 
2744.000000 0.008707 
2745.000000 0.008664 
2746.000000 0.008621 
2747.000000 0.008578 
2748.000000 0.008536 
2749.000000 0.008493 
2750.000000 0.008451 
2751.000000 0.008409 
2752.000000 0.008367 
2753.000000 0.008325 
2754.000000 0.008284 
2755.000000 0.008242 
2756.000000 0.008201 
2757.000000 0.008160 
2758.000000 0.008118 
2759.000000 0.008077 
2760.000000 0.008037 
2761.000000 0.007996 
2762.000000 0.007955 
2763.000000 0.007915 
2764.000000 0.007875 
2765.000000 0.007835 
2766.000000 0.007795 
2767.000000 0.007755 
2768.000000 0.007715 
2769.000000 0.007676 
2770.000000 0.007636 
2771.000000 0.007597 
2772.000000 0.007558 
2773.000000 0.007519 
2774.000000 0.007480 
2775.000000 0.007442 
2776.000000 0.007403 
2777.000000 0.007365 
2778.000000 0.007326 
2779.000000 0.007288 
2780.000000 0.007250 
2781.000000 0.007212 
2782.000000 0.007175 
2783.000000 0.007137 
2784.000000 0.007100 
2785.000000 0.007062 
2786.000000 0.007025 
2787.000000 0.006988 
2788.000000 0.006951 
2789.000000 0.006915 
2790.000000 0.006878 
2791.000000 0.006842 
2792.000000 0.006805 
2793.000000 0.006769 
2794.000000 0.006733 
2795.000000 0.006697 
2796.000000 0.006661 
2797.000000 0.006626 
2798.000000 0.006590 
2799.000000 0.006555 
2800.000000 0.006520 
2801.000000 0.006484 
2802.000000 0.006449 
2803.000000 0.006415 
2804.000000 0.006380 
2805.000000 0.006345 
2806.000000 0.006311 
2807.000000 0.006277 
2808.000000 0.006243 
2809.000000 0.006209 
2810.000000 0.006175 
2811.000000 0.006141 
2812.000000 0.006107 
2813.000000 0.006074 
2814.000000 0.006041 
2815.000000 0.006007 
2816.000000 0.005974 
2817.000000 0.005941 
2818.000000 0.005909 
2819.000000 0.005876 
2820.000000 0.005843 
2821.000000 0.005811 
2822.000000 0.005779 
2823.000000 0.005747 
2824.000000 0.005715 
2825.000000 0.005683 
2826.000000 0.005651 
2827.000000 0.005619 
2828.000000 0.005588 
2829.000000 0.005557 
2830.000000 0.005525 
2831.000000 0.005494 
2832.000000 0.005463 
2833.000000 0.005433 
2834.000000 0.005402 
2835.000000 0.005371 
2836.000000 0.005341 
2837.000000 0.005311 
2838.000000 0.005280 
2839.000000 0.005250 
2840.000000 0.005221 
2841.000000 0.005191 
2842.000000 0.005161 
2843.000000 0.005132 
2844.000000 0.005102 
2845.000000 0.005073 
2846.000000 0.005044 
2847.000000 0.005015 
2848.000000 0.004986 
2849.000000 0.004957 
2850.000000 0.004929 
2851.000000 0.004900 
2852.000000 0.004872 
2853.000000 0.004844 
2854.000000 0.004816 
2855.000000 0.004788 
2856.000000 0.004760 
2857.000000 0.004732 
2858.000000 0.004705 
2859.000000 0.004677 
2860.000000 0.004650 
2861.000000 0.004623 
2862.000000 0.004596 
2863.000000 0.004569 
2864.000000 0.004542 
2865.000000 0.004516 
2866.000000 0.004489 
2867.000000 0.004463 
2868.000000 0.004436 
2869.000000 0.004410 
2870.000000 0.004384 
2871.000000 0.004358 
2872.000000 0.004332 
2873.000000 0.004307 
2874.000000 0.004281 
2875.000000 0.004256 
2876.000000 0.004231 
2877.000000 0.004205 
2878.000000 0.004180 
2879.000000 0.004155 
2880.000000 0.004131 
2881.000000 0.004106 
2882.000000 0.004081 
2883.000000 0.004057 
2884.000000 0.004033 
2885.000000 0.004009 
2886.000000 0.003985 
2887.000000 0.003961 
2888.000000 0.003937 
2889.000000 0.003913 
2890.000000 0.003890 
2891.000000 0.003866 
2892.000000 0.003843 
2893.000000 0.003820 
2894.000000 0.003796 
2895.000000 0.003773 
2896.000000 0.003751 
2897.000000 0.003728 
2898.000000 0.003705 
2899.000000 0.003683 
2900.000000 0.003660 
2901.000000 0.003638 
2902.000000 0.003616 
2903.000000 0.003594 
2904.000000 0.003572 
2905.000000 0.003550 
2906.000000 0.003529 
2907.000000 0.003507 
2908.000000 0.003486 
2909.000000 0.003464 
2910.000000 0.003443 
2911.000000 0.003422 
2912.000000 0.003401 
2913.000000 0.003380 
2914.000000 0.003359 
2915.000000 0.003339 
2916.000000 0.003318 
2917.000000 0.003298 
2918.000000 0.003277 
2919.000000 0.003257 
2920.000000 0.003237 
2921.000000 0.003217 
2922.000000 0.003197 
2923.000000 0.003177 
2924.000000 0.003158 
2925.000000 0.003138 
2926.000000 0.003119 
2927.000000 0.003100 
2928.000000 0.003080 
2929.000000 0.003061 
2930.000000 0.003042 
2931.000000 0.003023 
2932.000000 0.003005 
2933.000000 0.002986 
2934.000000 0.002967 
2935.000000 0.002949 
2936.000000 0.002931 
2937.000000 0.002912 
2938.000000 0.002894 
2939.000000 0.002876 
2940.000000 0.002858 
2941.000000 0.002841 
2942.000000 0.002823 
2943.000000 0.002805 
2944.000000 0.002788 
2945.000000 0.002770 
2946.000000 0.002753 
2947.000000 0.002736 
2948.000000 0.002719 
2949.000000 0.002702 
2950.000000 0.002685 
2951.000000 0.002668 
2952.000000 0.002652 
2953.000000 0.002635 
2954.000000 0.002619 
2955.000000 0.002602 
2956.000000 0.002586 
2957.000000 0.002570 
2958.000000 0.002554 
2959.000000 0.002538 
2960.000000 0.002522 
2961.000000 0.002506 
2962.000000 0.002491 
2963.000000 0.002475 
2964.000000 0.002460 
2965.000000 0.002444 
2966.000000 0.002429 
2967.000000 0.002414 
2968.000000 0.002399 
2969.000000 0.002384 
2970.000000 0.002369 
2971.000000 0.002354 
2972.000000 0.002340 
2973.000000 0.002325 
2974.000000 0.002311 
2975.000000 0.002296 
2976.000000 0.002282 
2977.000000 0.002268 
2978.000000 0.002254 
2979.000000 0.002240 
2980.000000 0.002226 
2981.000000 0.002212 
2982.000000 0.002199 
2983.000000 0.002185 
2984.000000 0.002171 
2985.000000 0.002158 
2986.000000 0.002145 
2987.000000 0.002132 
2988.000000 0.002119 
2989.000000 0.002106 
2990.000000 0.002093 
2991.000000 0.002080 
2992.000000 0.002067 
2993.000000 0.002054 
2994.000000 0.002042 
2995.000000 0.002030 
2996.000000 0.002017 
2997.000000 0.002005 
2998.000000 0.001993 
2999.000000 0.001981 
3000.000000 0.001969 
3001.000000 0.001957 
3002.000000 0.001945 
3003.000000 0.001934 
3004.000000 0.001922 
3005.000000 0.001911 
3006.000000 0.001899 
3007.000000 0.001888 
3008.000000 0.001877 
3009.000000 0.001866 
3010.000000 0.001855 
3011.000000 0.001844 
3012.000000 0.001833 
3013.000000 0.001822 
3014.000000 0.001812 
3015.000000 0.001801 
3016.000000 0.001791 
3017.000000 0.001780 
3018.000000 0.001770 
3019.000000 0.001760 
3020.000000 0.001750 
3021.000000 0.001740 
3022.000000 0.001730 
3023.000000 0.001720 
3024.000000 0.001710 
3025.000000 0.001701 
3026.000000 0.001691 
3027.000000 0.001682 
3028.000000 0.001673 
3029.000000 0.001663 
3030.000000 0.001654 
3031.000000 0.001645 
3032.000000 0.001636 
3033.000000 0.001628 
3034.000000 0.001619 
3035.000000 0.001610 
3036.000000 0.001602 
3037.000000 0.001593 
3038.000000 0.001585 
3039.000000 0.001576 
3040.000000 0.001568 
3041.000000 0.001560 
3042.000000 0.001552 
3043.000000 0.001544 
3044.000000 0.001536 
3045.000000 0.001529 
3046.000000 0.001521 
3047.000000 0.001513 
3048.000000 0.001506 
3049.000000 0.001498 
3050.000000 0.001491 
3051.000000 0.001484 
3052.000000 0.001477 
3053.000000 0.001470 
3054.000000 0.001463 
3055.000000 0.001456 
3056.000000 0.001449 
3057.000000 0.001443 
3058.000000 0.001436 
3059.000000 0.001430 
3060.000000 0.001423 
3061.000000 0.001417 
3062.000000 0.001411 
3063.000000 0.001405 
3064.000000 0.001399 
3065.000000 0.001393 
3066.000000 0.001387 
3067.000000 0.001381 
3068.000000 0.001375 
3069.000000 0.001370 
3070.000000 0.001364 
3071.000000 0.001359 
3072.000000 0.001353 
3073.000000 0.001348 
3074.000000 0.001343 
3075.000000 0.001338 
3076.000000 0.001333 
3077.000000 0.001328 
3078.000000 0.001323 
3079.000000 0.001318 
3080.000000 0.001313 
3081.000000 0.001309 
3082.000000 0.001304 
3083.000000 0.001299 
3084.000000 0.001295 
3085.000000 0.001291 
3086.000000 0.001286 
3087.000000 0.001282 
3088.000000 0.001278 
3089.000000 0.001274 
3090.000000 0.001270 
3091.000000 0.001266 
3092.000000 0.001263 
3093.000000 0.001259 
3094.000000 0.001255 
3095.000000 0.001252 
3096.000000 0.001248 
3097.000000 0.001245 
3098.000000 0.001241 
3099.000000 0.001238 
3100.000000 0.001235 
3101.000000 0.001231 
3102.000000 0.001228 
3103.000000 0.001225 
3104.000000 0.001222 
3105.000000 0.001219 
3106.000000 0.001216 
3107.000000 0.001214 
3108.000000 0.001211 
3109.000000 0.001208 
3110.000000 0.001206 
3111.000000 0.001203 
3112.000000 0.001201 
3113.000000 0.001198 
3114.000000 0.001196 
3115.000000 0.001193 
3116.000000 0.001191 
3117.000000 0.001189 
3118.000000 0.001187 
3119.000000 0.001185 
3120.000000 0.001183 
3121.000000 0.001180 
3122.000000 0.001179 
3123.000000 0.001177 
3124.000000 0.001175 
3125.000000 0.001173 
3126.000000 0.001171 
3127.000000 0.001169 
3128.000000 0.001168 
3129.000000 0.001166 
3130.000000 0.001164 
3131.000000 0.001163 
3132.000000 0.001161 
3133.000000 0.001160 
3134.000000 0.001158 
3135.000000 0.001157 
3136.000000 0.001156 
3137.000000 0.001154 
3138.000000 0.001153 
3139.000000 0.001152 
3140.000000 0.001151 
3141.000000 0.001149 
3142.000000 0.001148 
3143.000000 0.001147 
3144.000000 0.001146 
3145.000000 0.001145 
3146.000000 0.001144 
3147.000000 0.001143 
3148.000000 0.001142 
3149.000000 0.001141 
3150.000000 0.001140 
3151.000000 0.001139 
3152.000000 0.001139 
3153.000000 0.001138 
3154.000000 0.001137 
3155.000000 0.001136 
3156.000000 0.001135 
3157.000000 0.001135 
3158.000000 0.001134 
3159.000000 0.001133 
3160.000000 0.001133 
3161.000000 0.001132 
3162.000000 0.001131 
3163.000000 0.001131 
3164.000000 0.001130 
3165.000000 0.001130 
3166.000000 0.001129 
3167.000000 0.001129 
3168.000000 0.001128 
3169.000000 0.001127 
3170.000000 0.001127 
3171.000000 0.001127 
3172.000000 0.001126 
3173.000000 0.001126 
3174.000000 0.001125 
3175.000000 0.001125 
3176.000000 0.001124 
3177.000000 0.001124 
3178.000000 0.001124 
3179.000000 0.001123 
3180.000000 0.001123 
3181.000000 0.001122 
3182.000000 0.001122 
3183.000000 0.001122 
3184.000000 0.001121 
3185.000000 0.001121 
3186.000000 0.001121 
3187.000000 0.001120 
3188.000000 0.001120 
3189.000000 0.001120 
3190.000000 0.001120 
3191.000000 0.001119 
3192.000000 0.001119 
3193.000000 0.001119 
3194.000000 0.001118 
3195.000000 0.001118 
3196.000000 0.001118 
3197.000000 0.001118 
3198.000000 0.001117 
3199.000000 0.001117 
3200.000000 0.001117 
3201.000000 0.001117 
3202.000000 0.001116 
3203.000000 0.001116 
3204.000000 0.001116 
3205.000000 0.001116 
3206.000000 0.001115 
3207.000000 0.001115 
3208.000000 0.001115 
3209.000000 0.001115 
3210.000000 0.001114 
3211.000000 0.001114 
3212.000000 0.001114 
3213.000000 0.001114 
3214.000000 0.001113 
3215.000000 0.001113 
3216.000000 0.001113 
3217.000000 0.001113 
3218.000000 0.001112 
3219.000000 0.001112 
3220.000000 0.001112 
3221.000000 0.001111 
3222.000000 0.001111 
3223.000000 0.001111 
3224.000000 0.001111 
3225.000000 0.001110 
3226.000000 0.001110 
3227.000000 0.001110 
3228.000000 0.001109 
3229.000000 0.001109 
3230.000000 0.001109 
3231.000000 0.001109 
3232.000000 0.001108 
3233.000000 0.001108 
3234.000000 0.001108 
3235.000000 0.001107 
3236.000000 0.001107 
3237.000000 0.001107 
3238.000000 0.001106 
3239.000000 0.001106 
3240.000000 0.001105 
3241.000000 0.001105 
3242.000000 0.001105 
3243.000000 0.001104 
3244.000000 0.001104 
3245.000000 0.001104 
3246.000000 0.001103 
3247.000000 0.001103 
3248.000000 0.001102 
3249.000000 0.001102 
3250.000000 0.001102 
3251.000000 0.001101 
3252.000000 0.001101 
3253.000000 0.001100 
3254.000000 0.001100 
3255.000000 0.001099 
3256.000000 0.001099 
3257.000000 0.001098 
3258.000000 0.001098 
3259.000000 0.001097 
3260.000000 0.001097 
3261.000000 0.001096 
3262.000000 0.001096 
3263.000000 0.001095 
3264.000000 0.001095 
3265.000000 0.001094 
3266.000000 0.001094 
3267.000000 0.001093 
3268.000000 0.001093 
3269.000000 0.001092 
3270.000000 0.001092 
3271.000000 0.001091 
3272.000000 0.001090 
3273.000000 0.001090 
3274.000000 0.001089 
3275.000000 0.001089 
3276.000000 0.001088 
3277.000000 0.001087 
3278.000000 0.001087 
3279.000000 0.001086 
3280.000000 0.001085 
3281.000000 0.001085 
3282.000000 0.001084 
3283.000000 0.001083 
3284.000000 0.001083 
3285.000000 0.001082 
3286.000000 0.001081 
3287.000000 0.001081 
3288.000000 0.001080 
3289.000000 0.001079 
3290.000000 0.001078 
3291.000000 0.001078 
3292.000000 0.001077 
3293.000000 0.001076 
3294.000000 0.001075 
3295.000000 0.001075 
3296.000000 0.001074 
3297.000000 0.001073 
3298.000000 0.001072 
3299.000000 0.001071 
3300.000000 0.001071 
3301.000000 0.001070 
3302.000000 0.001069 
3303.000000 0.001068 
3304.000000 0.001067 
3305.000000 0.001066 
3306.000000 0.001065 
3307.000000 0.001065 
3308.000000 0.001064 
3309.000000 0.001063 
3310.000000 0.001062 
3311.000000 0.001061 
3312.000000 0.001060 
3313.000000 0.001059 
3314.000000 0.001058 
3315.000000 0.001057 
3316.000000 0.001056 
3317.000000 0.001055 
3318.000000 0.001054 
3319.000000 0.001053 
3320.000000 0.001052 
3321.000000 0.001051 
3322.000000 0.001050 
3323.000000 0.001049 
3324.000000 0.001048 
3325.000000 0.001047 
3326.000000 0.001046 
3327.000000 0.001045 
3328.000000 0.001044 
3329.000000 0.001042 
3330.000000 0.001041 
3331.000000 0.001040 
3332.000000 0.001039 
3333.000000 0.001038 
3334.000000 0.001037 
3335.000000 0.001036 
3336.000000 0.001035 
3337.000000 0.001033 
3338.000000 0.001032 
3339.000000 0.001031 
3340.000000 0.001030 
3341.000000 0.001029 
3342.000000 0.001027 
3343.000000 0.001026 
3344.000000 0.001025 
3345.000000 0.001024 
3346.000000 0.001022 
3347.000000 0.001021 
3348.000000 0.001020 
3349.000000 0.001018 
3350.000000 0.001017 
3351.000000 0.001016 
3352.000000 0.001014 
3353.000000 0.001013 
3354.000000 0.001012 
3355.000000 0.001010 
3356.000000 0.001009 
3357.000000 0.001008 
3358.000000 0.001006 
3359.000000 0.001005 
3360.000000 0.001003 
3361.000000 0.001002 
3362.000000 0.001001 
3363.000000 0.000999 
3364.000000 0.000998 
3365.000000 0.000996 
3366.000000 0.000995 
3367.000000 0.000993 
3368.000000 0.000992 
3369.000000 0.000990 
3370.000000 0.000989 
3371.000000 0.000987 
3372.000000 0.000986 
3373.000000 0.000984 
3374.000000 0.000983 
3375.000000 0.000981 
3376.000000 0.000979 
3377.000000 0.000978 
3378.000000 0.000976 
3379.000000 0.000975 
3380.000000 0.000973 
3381.000000 0.000971 
3382.000000 0.000970 
3383.000000 0.000968 
3384.000000 0.000967 
3385.000000 0.000965 
3386.000000 0.000963 
3387.000000 0.000962 
3388.000000 0.000960 
3389.000000 0.000958 
3390.000000 0.000956 
3391.000000 0.000955 
3392.000000 0.000953 
3393.000000 0.000951 
3394.000000 0.000950 
3395.000000 0.000948 
3396.000000 0.000946 
3397.000000 0.000944 
3398.000000 0.000943 
3399.000000 0.000941 
3400.000000 0.000939 
3401.000000 0.000937 
3402.000000 0.000935 
3403.000000 0.000934 
3404.000000 0.000932 
3405.000000 0.000930 
3406.000000 0.000928 
3407.000000 0.000926 
3408.000000 0.000924 
3409.000000 0.000922 
3410.000000 0.000921 
3411.000000 0.000919 
3412.000000 0.000917 
3413.000000 0.000915 
3414.000000 0.000913 
3415.000000 0.000911 
3416.000000 0.000909 
3417.000000 0.000907 
3418.000000 0.000905 
3419.000000 0.000903 
3420.000000 0.000901 
3421.000000 0.000899 
3422.000000 0.000897 
3423.000000 0.000895 
3424.000000 0.000894 
3425.000000 0.000892 
3426.000000 0.000890 
3427.000000 0.000888 
3428.000000 0.000886 
3429.000000 0.000883 
3430.000000 0.000881 
3431.000000 0.000879 
3432.000000 0.000877 
3433.000000 0.000875 
3434.000000 0.000873 
3435.000000 0.000871 
3436.000000 0.000869 
3437.000000 0.000867 
3438.000000 0.000865 
3439.000000 0.000863 
3440.000000 0.000861 
3441.000000 0.000859 
3442.000000 0.000857 
3443.000000 0.000855 
3444.000000 0.000852 
3445.000000 0.000850 
3446.000000 0.000848 
3447.000000 0.000846 
3448.000000 0.000844 
3449.000000 0.000842 
3450.000000 0.000840 
3451.000000 0.000837 
3452.000000 0.000835 
3453.000000 0.000833 
3454.000000 0.000831 
3455.000000 0.000829 
3456.000000 0.000827 
3457.000000 0.000824 
3458.000000 0.000822 
3459.000000 0.000820 
3460.000000 0.000818 
3461.000000 0.000816 
3462.000000 0.000813 
3463.000000 0.000811 
3464.000000 0.000809 
3465.000000 0.000807 
3466.000000 0.000805 
3467.000000 0.000802 
3468.000000 0.000800 
3469.000000 0.000798 
3470.000000 0.000796 
3471.000000 0.000793 
3472.000000 0.000791 
3473.000000 0.000789 
3474.000000 0.000787 
3475.000000 0.000784 
3476.000000 0.000782 
3477.000000 0.000780 
3478.000000 0.000778 
3479.000000 0.000775 
3480.000000 0.000773 
3481.000000 0.000771 
3482.000000 0.000768 
3483.000000 0.000766 
3484.000000 0.000764 
3485.000000 0.000762 
3486.000000 0.000759 
3487.000000 0.000757 
3488.000000 0.000755 
3489.000000 0.000752 
3490.000000 0.000750 
3491.000000 0.000748 
3492.000000 0.000745 
3493.000000 0.000743 
3494.000000 0.000741 
3495.000000 0.000738 
3496.000000 0.000736 
3497.000000 0.000734 
3498.000000 0.000732 
3499.000000 0.000729 
3500.000000 0.000727 
3501.000000 0.000725 
3502.000000 0.000722 
3503.000000 0.000720 
3504.000000 0.000717 
3505.000000 0.000715 
3506.000000 0.000713 
3507.000000 0.000710 
3508.000000 0.000708 
3509.000000 0.000706 
3510.000000 0.000703 
3511.000000 0.000701 
3512.000000 0.000699 
3513.000000 0.000696 
3514.000000 0.000694 
3515.000000 0.000692 
3516.000000 0.000689 
3517.000000 0.000687 
3518.000000 0.000685 
3519.000000 0.000682 
3520.000000 0.000680 
3521.000000 0.000677 
3522.000000 0.000675 
3523.000000 0.000673 
3524.000000 0.000670 
3525.000000 0.000668 
3526.000000 0.000666 
3527.000000 0.000663 
3528.000000 0.000661 
3529.000000 0.000658 
3530.000000 0.000656 
3531.000000 0.000654 
3532.000000 0.000651 
3533.000000 0.000649 
3534.000000 0.000646 
3535.000000 0.000644 
3536.000000 0.000642 
3537.000000 0.000639 
3538.000000 0.000637 
3539.000000 0.000634 
3540.000000 0.000632 
3541.000000 0.000630 
3542.000000 0.000627 
3543.000000 0.000625 
3544.000000 0.000622 
3545.000000 0.000620 
3546.000000 0.000618 
3547.000000 0.000615 
3548.000000 0.000613 
3549.000000 0.000610 
3550.000000 0.000608 
3551.000000 0.000606 
3552.000000 0.000603 
3553.000000 0.000601 
3554.000000 0.000598 
3555.000000 0.000596 
3556.000000 0.000594 
3557.000000 0.000591 
3558.000000 0.000589 
3559.000000 0.000586 
3560.000000 0.000584 
3561.000000 0.000581 
3562.000000 0.000579 
3563.000000 0.000577 
3564.000000 0.000574 
3565.000000 0.000572 
3566.000000 0.000569 
3567.000000 0.000567 
3568.000000 0.000564 
3569.000000 0.000562 
3570.000000 0.000560 
3571.000000 0.000557 
3572.000000 0.000555 
3573.000000 0.000552 
3574.000000 0.000550 
3575.000000 0.000547 
3576.000000 0.000545 
3577.000000 0.000543 
3578.000000 0.000540 
3579.000000 0.000538 
3580.000000 0.000535 
3581.000000 0.000533 
3582.000000 0.000530 
3583.000000 0.000528 
3584.000000 0.000525 
3585.000000 0.000523 
3586.000000 0.000521 
3587.000000 0.000518 
3588.000000 0.000516 
3589.000000 0.000513 
3590.000000 0.000511 
3591.000000 0.000508 
3592.000000 0.000506 
3593.000000 0.000503 
3594.000000 0.000501 
3595.000000 0.000498 
3596.000000 0.000496 
3597.000000 0.000494 
3598.000000 0.000491 
3599.000000 0.000489 
3600.000000 0.000486 
3601.000000 0.000484 
3602.000000 0.000481 
3603.000000 0.000479 
3604.000000 0.000476 
3605.000000 0.000474 
3606.000000 0.000471 
3607.000000 0.000469 
3608.000000 0.000466 
3609.000000 0.000464 
3610.000000 0.000461 
3611.000000 0.000459 
3612.000000 0.000456 
3613.000000 0.000454 
3614.000000 0.000451 
3615.000000 0.000449 
3616.000000 0.000446 
3617.000000 0.000444 
3618.000000 0.000441 
3619.000000 0.000439 
3620.000000 0.000436 
3621.000000 0.000434 
3622.000000 0.000431 
3623.000000 0.000429 
3624.000000 0.000426 
3625.000000 0.000424 
3626.000000 0.000421 
3627.000000 0.000419 
3628.000000 0.000416 
3629.000000 0.000414 
3630.000000 0.000411 
3631.000000 0.000409 
3632.000000 0.000406 
3633.000000 0.000404 
3634.000000 0.000401 
3635.000000 0.000399 
3636.000000 0.000396 
3637.000000 0.000394 
3638.000000 0.000391 
3639.000000 0.000389 
3640.000000 0.000386 
3641.000000 0.000383 
3642.000000 0.000381 
3643.000000 0.000378 
3644.000000 0.000376 
3645.000000 0.000373 
3646.000000 0.000371 
3647.000000 0.000368 
3648.000000 0.000366 
3649.000000 0.000363 
3650.000000 0.000360 
3651.000000 0.000358 
3652.000000 0.000355 
3653.000000 0.000353 
3654.000000 0.000350 
3655.000000 0.000348 
3656.000000 0.000345 
3657.000000 0.000342 
3658.000000 0.000340 
3659.000000 0.000337 
3660.000000 0.000335 
3661.000000 0.000332 
3662.000000 0.000330 
3663.000000 0.000327 
3664.000000 0.000324 
3665.000000 0.000322 
3666.000000 0.000319 
3667.000000 0.000317 
3668.000000 0.000314 
3669.000000 0.000311 
3670.000000 0.000309 
3671.000000 0.000306 
3672.000000 0.000303 
3673.000000 0.000301 
3674.000000 0.000298 
3675.000000 0.000295 
3676.000000 0.000293 
3677.000000 0.000290 
3678.000000 0.000287 
3679.000000 0.000285 
3680.000000 0.000282 
3681.000000 0.000279 
3682.000000 0.000277 
3683.000000 0.000274 
3684.000000 0.000271 
3685.000000 0.000269 
3686.000000 0.000266 
3687.000000 0.000263 
3688.000000 0.000261 
3689.000000 0.000258 
3690.000000 0.000255 
3691.000000 0.000252 
3692.000000 0.000250 
3693.000000 0.000247 
3694.000000 0.000244 
3695.000000 0.000241 
3696.000000 0.000238 
3697.000000 0.000236 
3698.000000 0.000233 
3699.000000 0.000230 
3700.000000 0.000227 
3701.000000 0.000224 
3702.000000 0.000222 
3703.000000 0.000219 
3704.000000 0.000216 
3705.000000 0.000213 
3706.000000 0.000210 
3707.000000 0.000207 
3708.000000 0.000204 
3709.000000 0.000201 
3710.000000 0.000198 
3711.000000 0.000195 
3712.000000 0.000192 
3713.000000 0.000189 
3714.000000 0.000186 
3715.000000 0.000183 
3716.000000 0.000180 
3717.000000 0.000177 
3718.000000 0.000174 
3719.000000 0.000171 
3720.000000 0.000167 
3721.000000 0.000164 
3722.000000 0.000161 
3723.000000 0.000158 
3724.000000 0.000154 
3725.000000 0.000151 
3726.000000 0.000147 
3727.000000 0.000144 
3728.000000 0.000140 
3729.000000 0.000137 
3730.000000 0.000133 
3731.000000 0.000129 
3732.000000 0.000126 
3733.000000 0.000122 
3734.000000 0.000118 
3735.000000 0.000114 
3736.000000 0.000110 
3737.000000 0.000106 
3738.000000 0.000101 
3739.000000 0.000097 
3740.000000 0.000092 
3741.000000 0.000087 
3742.000000 0.000082 
3743.000000 0.000077 
3744.000000 0.000071 
3745.000000 0.000065 
3746.000000 0.000058 
3747.000000 0.000050 
3748.000000 0.000041 
3749.000000 0.000030 
3750.000000 0.000011 
3751.000000 -0.000026 
3752.000000 -0.000038 
3753.000000 -0.000047 
3754.000000 -0.000054 
3755.000000 -0.000061 
3756.000000 -0.000067 
3757.000000 -0.000072 
3758.000000 -0.000077 
3759.000000 -0.000081 
3760.000000 -0.000086 
3761.000000 -0.000090 
3762.000000 -0.000093 
3763.000000 -0.000097 
3764.000000 -0.000100 
3765.000000 -0.000104 
3766.000000 -0.000107 
3767.000000 -0.000110 
3768.000000 -0.000113 
3769.000000 -0.000115 
3770.000000 -0.000118 
3771.000000 -0.000121 
3772.000000 -0.000123 
3773.000000 -0.000126 
3774.000000 -0.000128 
3775.000000 -0.000130 
3776.000000 -0.000132 
3777.000000 -0.000134 
3778.000000 -0.000137 
3779.000000 -0.000139 
3780.000000 -0.000140 
3781.000000 -0.000142 
3782.000000 -0.000144 
3783.000000 -0.000146 
3784.000000 -0.000148 
3785.000000 -0.000150 
3786.000000 -0.000151 
3787.000000 -0.000153 
3788.000000 -0.000154 
3789.000000 -0.000156 
3790.000000 -0.000157 
3791.000000 -0.000159 
3792.000000 -0.000160 
3793.000000 -0.000162 
3794.000000 -0.000163 
3795.000000 -0.000165 
3796.000000 -0.000166 
3797.000000 -0.000167 
3798.000000 -0.000168 
3799.000000 -0.000170 
3800.000000 -0.000171 
3801.000000 -0.000172 
3802.000000 -0.000173 
3803.000000 -0.000174 
3804.000000 -0.000175 
3805.000000 -0.000176 
3806.000000 -0.000177 
3807.000000 -0.000178 
3808.000000 -0.000179 
3809.000000 -0.000180 
3810.000000 -0.000181 
3811.000000 -0.000182 
3812.000000 -0.000183 
3813.000000 -0.000184 
3814.000000 -0.000185 
3815.000000 -0.000186 
3816.000000 -0.000187 
3817.000000 -0.000187 
3818.000000 -0.000188 
3819.000000 -0.000189 
3820.000000 -0.000190 
3821.000000 -0.000190 
3822.000000 -0.000191 
3823.000000 -0.000192 
3824.000000 -0.000193 
3825.000000 -0.000193 
3826.000000 -0.000194 
3827.000000 -0.000194 
3828.000000 -0.000195 
3829.000000 -0.000196 
3830.000000 -0.000196 
3831.000000 -0.000197 
3832.000000 -0.000197 
3833.000000 -0.000198 
3834.000000 -0.000199 
3835.000000 -0.000199 
3836.000000 -0.000200 
3837.000000 -0.000200 
3838.000000 -0.000200 
3839.000000 -0.000201 
3840.000000 -0.000201 
3841.000000 -0.000202 
3842.000000 -0.000202 
3843.000000 -0.000203 
3844.000000 -0.000203 
3845.000000 -0.000203 
3846.000000 -0.000204 
3847.000000 -0.000204 
3848.000000 -0.000205 
3849.000000 -0.000205 
3850.000000 -0.000205 
3851.000000 -0.000205 
3852.000000 -0.000206 
3853.000000 -0.000206 
3854.000000 -0.000206 
3855.000000 -0.000207 
3856.000000 -0.000207 
3857.000000 -0.000207 
3858.000000 -0.000207 
3859.000000 -0.000208 
3860.000000 -0.000208 
3861.000000 -0.000208 
3862.000000 -0.000208 
3863.000000 -0.000208 
3864.000000 -0.000209 
3865.000000 -0.000209 
3866.000000 -0.000209 
3867.000000 -0.000209 
3868.000000 -0.000209 
3869.000000 -0.000209 
3870.000000 -0.000209 
3871.000000 -0.000209 
3872.000000 -0.000210 
3873.000000 -0.000210 
3874.000000 -0.000210 
3875.000000 -0.000210 
3876.000000 -0.000210 
3877.000000 -0.000210 
3878.000000 -0.000210 
3879.000000 -0.000210 
3880.000000 -0.000210 
3881.000000 -0.000210 
3882.000000 -0.000210 
3883.000000 -0.000210 
3884.000000 -0.000210 
3885.000000 -0.000210 
3886.000000 -0.000210 
3887.000000 -0.000210 
3888.000000 -0.000210 
3889.000000 -0.000210 
3890.000000 -0.000210 
3891.000000 -0.000210 
3892.000000 -0.000210 
3893.000000 -0.000210 
3894.000000 -0.000209 
3895.000000 -0.000209 
3896.000000 -0.000209 
3897.000000 -0.000209 
3898.000000 -0.000209 
3899.000000 -0.000209 
3900.000000 -0.000209 
3901.000000 -0.000209 
3902.000000 -0.000208 
3903.000000 -0.000208 
3904.000000 -0.000208 
3905.000000 -0.000208 
3906.000000 -0.000208 
3907.000000 -0.000208 
3908.000000 -0.000207 
3909.000000 -0.000207 
3910.000000 -0.000207 
3911.000000 -0.000207 
3912.000000 -0.000207 
3913.000000 -0.000206 
3914.000000 -0.000206 
3915.000000 -0.000206 
3916.000000 -0.000206 
3917.000000 -0.000205 
3918.000000 -0.000205 
3919.000000 -0.000205 
3920.000000 -0.000205 
3921.000000 -0.000204 
3922.000000 -0.000204 
3923.000000 -0.000204 
3924.000000 -0.000203 
3925.000000 -0.000203 
3926.000000 -0.000203 
3927.000000 -0.000202 
3928.000000 -0.000202 
3929.000000 -0.000202 
3930.000000 -0.000201 
3931.000000 -0.000201 
3932.000000 -0.000201 
3933.000000 -0.000200 
3934.000000 -0.000200 
3935.000000 -0.000200 
3936.000000 -0.000199 
3937.000000 -0.000199 
3938.000000 -0.000198 
3939.000000 -0.000198 
3940.000000 -0.000198 
3941.000000 -0.000197 
3942.000000 -0.000197 
3943.000000 -0.000196 
3944.000000 -0.000196 
3945.000000 -0.000195 
3946.000000 -0.000195 
3947.000000 -0.000195 
3948.000000 -0.000194 
3949.000000 -0.000194 
3950.000000 -0.000193 
3951.000000 -0.000193 
3952.000000 -0.000192 
3953.000000 -0.000192 
3954.000000 -0.000191 
3955.000000 -0.000191 
3956.000000 -0.000190 
3957.000000 -0.000190 
3958.000000 -0.000189 
3959.000000 -0.000189 
3960.000000 -0.000188 
3961.000000 -0.000188 
3962.000000 -0.000187 
3963.000000 -0.000187 
3964.000000 -0.000186 
3965.000000 -0.000186 
3966.000000 -0.000185 
3967.000000 -0.000185 
3968.000000 -0.000184 
3969.000000 -0.000183 
3970.000000 -0.000183 
3971.000000 -0.000182 
3972.000000 -0.000182 
3973.000000 -0.000181 
3974.000000 -0.000181 
3975.000000 -0.000180 
3976.000000 -0.000179 
3977.000000 -0.000179 
3978.000000 -0.000178 
3979.000000 -0.000177 
3980.000000 -0.000177 
3981.000000 -0.000176 
3982.000000 -0.000176 
3983.000000 -0.000175 
3984.000000 -0.000174 
3985.000000 -0.000174 
3986.000000 -0.000173 
3987.000000 -0.000172 
3988.000000 -0.000172 
3989.000000 -0.000171 
3990.000000 -0.000170 
3991.000000 -0.000170 
3992.000000 -0.000169 
3993.000000 -0.000168 
3994.000000 -0.000168 
3995.000000 -0.000167 
3996.000000 -0.000166 
3997.000000 -0.000166 
3998.000000 -0.000165 
3999.000000 -0.000164 
4000.000000 -0.000163 
