0.000000 1.000000 
1.000000 0.999999 
2.000000 0.999997 
3.000000 0.999995 
4.000000 0.999991 
5.000000 0.999986 
6.000000 0.999981 
7.000000 0.999975 
8.000000 0.999967 
9.000000 0.999959 
10.000000 0.999950 
11.000000 0.999940 
12.000000 0.999929 
13.000000 0.999918 
14.000000 0.999905 
15.000000 0.999891 
16.000000 0.999877 
17.000000 0.999861 
18.000000 0.999845 
19.000000 0.999828 
20.000000 0.999810 
21.000000 0.999791 
22.000000 0.999771 
23.000000 0.999750 
24.000000 0.999728 
25.000000 0.999706 
26.000000 0.999682 
27.000000 0.999658 
28.000000 0.999633 
29.000000 0.999606 
30.000000 0.999579 
31.000000 0.999551 
32.000000 0.999522 
33.000000 0.999493 
34.000000 0.999462 
35.000000 0.999430 
36.000000 0.999398 
37.000000 0.999365 
38.000000 0.999330 
39.000000 0.999295 
40.000000 0.999259 
41.000000 0.999222 
42.000000 0.999184 
43.000000 0.999146 
44.000000 0.999106 
45.000000 0.999066 
46.000000 0.999024 
47.000000 0.998982 
48.000000 0.998939 
49.000000 0.998895 
50.000000 0.998850 
51.000000 0.998804 
52.000000 0.998758 
53.000000 0.998710 
54.000000 0.998662 
55.000000 0.998613 
56.000000 0.998562 
57.000000 0.998511 
58.000000 0.998460 
59.000000 0.998407 
60.000000 0.998353 
61.000000 0.998299 
62.000000 0.998243 
63.000000 0.998187 
64.000000 0.998130 
65.000000 0.998072 
66.000000 0.998013 
67.000000 0.997953 
68.000000 0.997893 
69.000000 0.997832 
70.000000 0.997769 
71.000000 0.997706 
72.000000 0.997642 
73.000000 0.997577 
74.000000 0.997512 
75.000000 0.997445 
76.000000 0.997378 
77.000000 0.997309 
78.000000 0.997240 
79.000000 0.997170 
80.000000 0.997100 
81.000000 0.997028 
82.000000 0.996956 
83.000000 0.996882 
84.000000 0.996808 
85.000000 0.996733 
86.000000 0.996657 
87.000000 0.996580 
88.000000 0.996503 
89.000000 0.996425 
90.000000 0.996345 
91.000000 0.996265 
92.000000 0.996185 
93.000000 0.996103 
94.000000 0.996020 
95.000000 0.995937 
96.000000 0.995853 
97.000000 0.995768 
98.000000 0.995682 
99.000000 0.995595 
100.000000 0.995508 
101.000000 0.995420 
102.000000 0.995331 
103.000000 0.995241 
104.000000 0.995150 
105.000000 0.995058 
106.000000 0.994966 
107.000000 0.994873 
108.000000 0.994779 
109.000000 0.994684 
110.000000 0.994588 
111.000000 0.994492 
112.000000 0.994395 
113.000000 0.994297 
114.000000 0.994198 
115.000000 0.994098 
116.000000 0.993998 
117.000000 0.993897 
118.000000 0.993795 
119.000000 0.993692 
120.000000 0.993588 
121.000000 0.993484 
122.000000 0.993378 
123.000000 0.993272 
124.000000 0.993166 
125.000000 0.993058 
126.000000 0.992950 
127.000000 0.992840 
128.000000 0.992730 
129.000000 0.992620 
130.000000 0.992508 
131.000000 0.992396 
132.000000 0.992283 
133.000000 0.992169 
134.000000 0.992054 
135.000000 0.991939 
136.000000 0.991822 
137.000000 0.991705 
138.000000 0.991587 
139.000000 0.991469 
140.000000 0.991350 
141.000000 0.991229 
142.000000 0.991108 
143.000000 0.990987 
144.000000 0.990864 
145.000000 0.990741 
146.000000 0.990617 
147.000000 0.990492 
148.000000 0.990367 
149.000000 0.990241 
150.000000 0.990113 
151.000000 0.989986 
152.000000 0.989857 
153.000000 0.989728 
154.000000 0.989598 
155.000000 0.989467 
156.000000 0.989335 
157.000000 0.989202 
158.000000 0.989069 
159.000000 0.988935 
160.000000 0.988801 
161.000000 0.988665 
162.000000 0.988529 
163.000000 0.988392 
164.000000 0.988254 
165.000000 0.988116 
166.000000 0.987977 
167.000000 0.987837 
168.000000 0.987696 
169.000000 0.987554 
170.000000 0.987412 
171.000000 0.987269 
172.000000 0.987125 
173.000000 0.986981 
174.000000 0.986836 
175.000000 0.986690 
176.000000 0.986543 
177.000000 0.986395 
178.000000 0.986247 
179.000000 0.986098 
180.000000 0.985948 
181.000000 0.985798 
182.000000 0.985646 
183.000000 0.985494 
184.000000 0.985342 
185.000000 0.985188 
186.000000 0.985034 
187.000000 0.984879 
188.000000 0.984723 
189.000000 0.984567 
190.000000 0.984410 
191.000000 0.984252 
192.000000 0.984093 
193.000000 0.983934 
194.000000 0.983774 
195.000000 0.983613 
196.000000 0.983451 
197.000000 0.983289 
198.000000 0.983126 
199.000000 0.982962 
200.000000 0.982797 
201.000000 0.982632 
202.000000 0.982466 
203.000000 0.982299 
204.000000 0.982131 
205.000000 0.981963 
206.000000 0.981794 
207.000000 0.981624 
208.000000 0.981454 
209.000000 0.981283 
210.000000 0.981111 
211.000000 0.980938 
212.000000 0.980765 
213.000000 0.980591 
214.000000 0.980416 
215.000000 0.980240 
216.000000 0.980064 
217.000000 0.979887 
218.000000 0.979709 
219.000000 0.979530 
220.000000 0.979351 
221.000000 0.979171 
222.000000 0.978990 
223.000000 0.978809 
224.000000 0.978627 
225.000000 0.978444 
226.000000 0.978260 
227.000000 0.978076 
228.000000 0.977891 
229.000000 0.977705 
230.000000 0.977519 
231.000000 0.977331 
232.000000 0.977143 
233.000000 0.976955 
234.000000 0.976765 
235.000000 0.976575 
236.000000 0.976384 
237.000000 0.976192 
238.000000 0.976000 
239.000000 0.975807 
240.000000 0.975613 
241.000000 0.975419 
242.000000 0.975223 
243.000000 0.975028 
244.000000 0.974831 
245.000000 0.974633 
246.000000 0.974435 
247.000000 0.974236 
248.000000 0.974037 
249.000000 0.973837 
250.000000 0.973635 
251.000000 0.973434 
252.000000 0.973231 
253.000000 0.973028 
254.000000 0.972824 
255.000000 0.972620 
256.000000 0.972414 
257.000000 0.972208 
258.000000 0.972002 
259.000000 0.971794 
260.000000 0.971586 
261.000000 0.971377 
262.000000 0.971167 
263.000000 0.970957 
264.000000 0.970746 
265.000000 0.970534 
266.000000 0.970322 
267.000000 0.970108 
268.000000 0.969895 
269.000000 0.969680 
270.000000 0.969465 
271.000000 0.969249 
272.000000 0.969032 
273.000000 0.968814 
274.000000 0.968596 
275.000000 0.968377 
276.000000 0.968158 
277.000000 0.967937 
278.000000 0.967716 
279.000000 0.967495 
280.000000 0.967272 
281.000000 0.967049 
282.000000 0.966825 
283.000000 0.966601 
284.000000 0.966375 
285.000000 0.966149 
286.000000 0.965923 
287.000000 0.965695 
288.000000 0.965467 
289.000000 0.965239 
290.000000 0.965009 
291.000000 0.964779 
292.000000 0.964548 
293.000000 0.964317 
294.000000 0.964084 
295.000000 0.963851 
296.000000 0.963618 
297.000000 0.963383 
298.000000 0.963148 
299.000000 0.962913 
300.000000 0.962676 
301.000000 0.962439 
302.000000 0.962201 
303.000000 0.961963 
304.000000 0.961723 
305.000000 0.961484 
306.000000 0.961243 
307.000000 0.961002 
308.000000 0.960760 
309.000000 0.960517 
310.000000 0.960274 
311.000000 0.960030 
312.000000 0.959785 
313.000000 0.959540 
314.000000 0.959293 
315.000000 0.959047 
316.000000 0.958799 
317.000000 0.958551 
318.000000 0.958302 
319.000000 0.958053 
320.000000 0.957803 
321.000000 0.957552 
322.000000 0.957300 
323.000000 0.957048 
324.000000 0.956795 
325.000000 0.956542 
326.000000 0.956287 
327.000000 0.956032 
328.000000 0.955777 
329.000000 0.955521 
330.000000 0.955264 
331.000000 0.955006 
332.000000 0.954748 
333.000000 0.954489 
334.000000 0.954229 
335.000000 0.953969 
336.000000 0.953708 
337.000000 0.953446 
338.000000 0.953184 
339.000000 0.952921 
340.000000 0.952658 
341.000000 0.952393 
342.000000 0.952128 
343.000000 0.951863 
344.000000 0.951597 
345.000000 0.951330 
346.000000 0.951062 
347.000000 0.950794 
348.000000 0.950525 
349.000000 0.950256 
350.000000 0.949985 
351.000000 0.949714 
352.000000 0.949443 
353.000000 0.949171 
354.000000 0.948898 
355.000000 0.948625 
356.000000 0.948350 
357.000000 0.948076 
358.000000 0.947800 
359.000000 0.947524 
360.000000 0.947248 
361.000000 0.946970 
362.000000 0.946692 
363.000000 0.946414 
364.000000 0.946135 
365.000000 0.945855 
366.000000 0.945574 
367.000000 0.945293 
368.000000 0.945011 
369.000000 0.944729 
370.000000 0.944446 
371.000000 0.944162 
372.000000 0.943878 
373.000000 0.943593 
374.000000 0.943307 
375.000000 0.943021 
376.000000 0.942734 
377.000000 0.942447 
378.000000 0.942158 
379.000000 0.941870 
380.000000 0.941580 
381.000000 0.941290 
382.000000 0.941000 
383.000000 0.940708 
384.000000 0.940416 
385.000000 0.940124 
386.000000 0.939831 
387.000000 0.939537 
388.000000 0.939243 
389.000000 0.938948 
390.000000 0.938652 
391.000000 0.938356 
392.000000 0.938059 
393.000000 0.937762 
394.000000 0.937464 
395.000000 0.937165 
396.000000 0.936866 
397.000000 0.936566 
398.000000 0.936265 
399.000000 0.935964 
400.000000 0.935663 
401.000000 0.935360 
402.000000 0.935057 
403.000000 0.934754 
404.000000 0.934450 
405.000000 0.934145 
406.000000 0.933840 
407.000000 0.933534 
408.000000 0.933227 
409.000000 0.932920 
410.000000 0.932612 
411.000000 0.932304 
412.000000 0.931995 
413.000000 0.931685 
414.000000 0.931375 
415.000000 0.931064 
416.000000 0.930753 
417.000000 0.930441 
418.000000 0.930129 
419.000000 0.929816 
420.000000 0.929502 
421.000000 0.929188 
422.000000 0.928873 
423.000000 0.928557 
424.000000 0.928241 
425.000000 0.927925 
426.000000 0.927607 
427.000000 0.927289 
428.000000 0.926971 
429.000000 0.926652 
430.000000 0.926333 
431.000000 0.926012 
432.000000 0.925692 
433.000000 0.925370 
434.000000 0.925049 
435.000000 0.924726 
436.000000 0.924403 
437.000000 0.924079 
438.000000 0.923755 
439.000000 0.923430 
440.000000 0.923105 
441.000000 0.922779 
442.000000 0.922453 
443.000000 0.922126 
444.000000 0.921798 
445.000000 0.921470 
446.000000 0.921141 
447.000000 0.920812 
448.000000 0.920482 
449.000000 0.920151 
450.000000 0.919820 
451.000000 0.919489 
452.000000 0.919157 
453.000000 0.918824 
454.000000 0.918491 
455.000000 0.918157 
456.000000 0.917822 
457.000000 0.917487 
458.000000 0.917152 
459.000000 0.916816 
460.000000 0.916479 
461.000000 0.916142 
462.000000 0.915804 
463.000000 0.915466 
464.000000 0.915127 
465.000000 0.914788 
466.000000 0.914448 
467.000000 0.914107 
468.000000 0.913766 
469.000000 0.913424 
470.000000 0.913082 
471.000000 0.912739 
472.000000 0.912396 
473.000000 0.912052 
474.000000 0.911708 
475.000000 0.911363 
476.000000 0.911017 
477.000000 0.910671 
478.000000 0.910325 
479.000000 0.909978 
480.000000 0.909630 
481.000000 0.909282 
482.000000 0.908933 
483.000000 0.908584 
484.000000 0.908234 
485.000000 0.907884 
486.000000 0.907533 
487.000000 0.907182 
488.000000 0.906830 
489.000000 0.906477 
490.000000 0.906124 
491.000000 0.905771 
492.000000 0.905416 
493.000000 0.905062 
494.000000 0.904707 
495.000000 0.904351 
496.000000 0.903995 
497.000000 0.903638 
498.000000 0.903281 
499.000000 0.902923 
500.000000 0.902565 
501.000000 0.902206 
502.000000 0.901847 
503.000000 0.901487 
504.000000 0.901126 
505.000000 0.900765 
506.000000 0.900404 
507.000000 0.900042 
508.000000 0.899679 
509.000000 0.899316 
510.000000 0.898953 
511.000000 0.898589 
512.000000 0.898224 
513.000000 0.897859 
514.000000 0.897494 
515.000000 0.897127 
516.000000 0.896761 
517.000000 0.896394 
518.000000 0.896026 
519.000000 0.895658 
520.000000 0.895289 
521.000000 0.894920 
522.000000 0.894550 
523.000000 0.894180 
524.000000 0.893809 
525.000000 0.893438 
526.000000 0.893067 
527.000000 0.892694 
528.000000 0.892322 
529.000000 0.891948 
530.000000 0.891575 
531.000000 0.891200 
532.000000 0.890826 
533.000000 0.890450 
534.000000 0.890075 
535.000000 0.889699 
536.000000 0.889322 
537.000000 0.888945 
538.000000 0.888567 
539.000000 0.888189 
540.000000 0.887810 
541.000000 0.887431 
542.000000 0.887051 
543.000000 0.886671 
544.000000 0.886290 
545.000000 0.885909 
546.000000 0.885528 
547.000000 0.885145 
548.000000 0.884763 
549.000000 0.884380 
550.000000 0.883996 
551.000000 0.883612 
552.000000 0.883228 
553.000000 0.882842 
554.000000 0.882457 
555.000000 0.882071 
556.000000 0.881685 
557.000000 0.881298 
558.000000 0.880910 
559.000000 0.880522 
560.000000 0.880134 
561.000000 0.879745 
562.000000 0.879356 
563.000000 0.878966 
564.000000 0.878576 
565.000000 0.878185 
566.000000 0.877794 
567.000000 0.877402 
568.000000 0.877010 
569.000000 0.876617 
570.000000 0.876224 
571.000000 0.875831 
572.000000 0.875437 
573.000000 0.875042 
574.000000 0.874647 
575.000000 0.874252 
576.000000 0.873856 
577.000000 0.873459 
578.000000 0.873063 
579.000000 0.872665 
580.000000 0.872268 
581.000000 0.871869 
582.000000 0.871471 
583.000000 0.871072 
584.000000 0.870672 
585.000000 0.870272 
586.000000 0.869872 
587.000000 0.869471 
588.000000 0.869069 
589.000000 0.868668 
590.000000 0.868265 
591.000000 0.867863 
592.000000 0.867459 
593.000000 0.867056 
594.000000 0.866652 
595.000000 0.866247 
596.000000 0.865842 
597.000000 0.865437 
598.000000 0.865031 
599.000000 0.864625 
600.000000 0.864218 
601.000000 0.863811 
602.000000 0.863403 
603.000000 0.862995 
604.000000 0.862587 
605.000000 0.862178 
606.000000 0.861769 
607.000000 0.861359 
608.000000 0.860949 
609.000000 0.860538 
610.000000 0.860127 
611.000000 0.859715 
612.000000 0.859304 
613.000000 0.858891 
614.000000 0.858478 
615.000000 0.858065 
616.000000 0.857651 
617.000000 0.857237 
618.000000 0.856823 
619.000000 0.856408 
620.000000 0.855993 
621.000000 0.855577 
622.000000 0.855160 
623.000000 0.854744 
624.000000 0.854327 
625.000000 0.853909 
626.000000 0.853491 
627.000000 0.853073 
628.000000 0.852654 
629.000000 0.852235 
630.000000 0.851816 
631.000000 0.851396 
632.000000 0.850975 
633.000000 0.850554 
634.000000 0.850133 
635.000000 0.849712 
636.000000 0.849290 
637.000000 0.848867 
638.000000 0.848444 
639.000000 0.848021 
640.000000 0.847597 
641.000000 0.847173 
642.000000 0.846749 
643.000000 0.846324 
644.000000 0.845898 
645.000000 0.845473 
646.000000 0.845047 
647.000000 0.844620 
648.000000 0.844193 
649.000000 0.843766 
650.000000 0.843338 
651.000000 0.842910 
652.000000 0.842481 
653.000000 0.842053 
654.000000 0.841623 
655.000000 0.841194 
656.000000 0.840763 
657.000000 0.840333 
658.000000 0.839902 
659.000000 0.839471 
660.000000 0.839039 
661.000000 0.838607 
662.000000 0.838175 
663.000000 0.837742 
664.000000 0.837308 
665.000000 0.836875 
666.000000 0.836441 
667.000000 0.836006 
668.000000 0.835572 
669.000000 0.835137 
670.000000 0.834701 
671.000000 0.834265 
672.000000 0.833829 
673.000000 0.833392 
674.000000 0.832955 
675.000000 0.832518 
676.000000 0.832080 
677.000000 0.831642 
678.000000 0.831203 
679.000000 0.830764 
680.000000 0.830325 
681.000000 0.829885 
682.000000 0.829445 
683.000000 0.829004 
684.000000 0.828564 
685.000000 0.828122 
686.000000 0.827681 
687.000000 0.827239 
688.000000 0.826797 
689.000000 0.826354 
690.000000 0.825911 
691.000000 0.825467 
692.000000 0.825024 
693.000000 0.824580 
694.000000 0.824135 
695.000000 0.823690 
696.000000 0.823245 
697.000000 0.822799 
698.000000 0.822353 
699.000000 0.821907 
700.000000 0.821460 
701.000000 0.821013 
702.000000 0.820566 
703.000000 0.820118 
704.000000 0.819670 
705.000000 0.819222 
706.000000 0.818773 
707.000000 0.818324 
708.000000 0.817874 
709.000000 0.817424 
710.000000 0.816974 
711.000000 0.816524 
712.000000 0.816073 
713.000000 0.815621 
714.000000 0.815170 
715.000000 0.814718 
716.000000 0.814265 
717.000000 0.813813 
718.000000 0.813360 
719.000000 0.812906 
720.000000 0.812453 
721.000000 0.811999 
722.000000 0.811544 
723.000000 0.811090 
724.000000 0.810635 
725.000000 0.810179 
726.000000 0.809724 
727.000000 0.809267 
728.000000 0.808811 
729.000000 0.808354 
730.000000 0.807897 
731.000000 0.807440 
732.000000 0.806982 
733.000000 0.806524 
734.000000 0.806066 
735.000000 0.805607 
736.000000 0.805148 
737.000000 0.804688 
738.000000 0.804229 
739.000000 0.803769 
740.000000 0.803308 
741.000000 0.802848 
742.000000 0.802387 
743.000000 0.801925 
744.000000 0.801464 
745.000000 0.801002 
746.000000 0.800539 
747.000000 0.800077 
748.000000 0.799614 
749.000000 0.799150 
750.000000 0.798687 
751.000000 0.798223 
752.000000 0.797759 
753.000000 0.797294 
754.000000 0.796829 
755.000000 0.796364 
756.000000 0.795899 
757.000000 0.795433 
758.000000 0.794967 
759.000000 0.794500 
760.000000 0.794034 
761.000000 0.793567 
762.000000 0.793099 
763.000000 0.792632 
764.000000 0.792164 
765.000000 0.791696 
766.000000 0.791227 
767.000000 0.790758 
768.000000 0.790289 
769.000000 0.789820 
770.000000 0.789350 
771.000000 0.788880 
772.000000 0.788409 
773.000000 0.787939 
774.000000 0.787468 
775.000000 0.786996 
776.000000 0.786525 
777.000000 0.786053 
778.000000 0.785581 
779.000000 0.785109 
780.000000 0.784636 
781.000000 0.784163 
782.000000 0.783689 
783.000000 0.783216 
784.000000 0.782742 
785.000000 0.782268 
786.000000 0.781793 
787.000000 0.781319 
788.000000 0.780844 
789.000000 0.780368 
790.000000 0.779893 
791.000000 0.779417 
792.000000 0.778941 
793.000000 0.778464 
794.000000 0.777987 
795.000000 0.777511 
796.000000 0.777033 
797.000000 0.776556 
798.000000 0.776078 
799.000000 0.775600 
800.000000 0.775121 
801.000000 0.774643 
802.000000 0.774164 
803.000000 0.773685 
804.000000 0.773205 
805.000000 0.772725 
806.000000 0.772245 
807.000000 0.771765 
808.000000 0.771285 
809.000000 0.770804 
810.000000 0.770323 
811.000000 0.769841 
812.000000 0.769360 
813.000000 0.768878 
814.000000 0.768396 
815.000000 0.767913 
816.000000 0.767431 
817.000000 0.766948 
818.000000 0.766465 
819.000000 0.765981 
820.000000 0.765498 
821.000000 0.765014 
822.000000 0.764529 
823.000000 0.764045 
824.000000 0.763560 
825.000000 0.763075 
826.000000 0.762590 
827.000000 0.762105 
828.000000 0.761619 
829.000000 0.761133 
830.000000 0.760647 
831.000000 0.760160 
832.000000 0.759674 
833.000000 0.759187 
834.000000 0.758700 
835.000000 0.758212 
836.000000 0.757724 
837.000000 0.757236 
838.000000 0.756748 
839.000000 0.756260 
840.000000 0.755771 
841.000000 0.755282 
842.000000 0.754793 
843.000000 0.754304 
844.000000 0.753814 
845.000000 0.753325 
846.000000 0.752834 
847.000000 0.752344 
848.000000 0.751854 
849.000000 0.751363 
850.000000 0.750872 
851.000000 0.750381 
852.000000 0.749889 
853.000000 0.749398 
854.000000 0.748906 
855.000000 0.748413 
856.000000 0.747921 
857.000000 0.747429 
858.000000 0.746936 
859.000000 0.746443 
860.000000 0.745950 
861.000000 0.745456 
862.000000 0.744962 
863.000000 0.744468 
864.000000 0.743974 
865.000000 0.743480 
866.000000 0.742985 
867.000000 0.742491 
868.000000 0.741996 
869.000000 0.741500 
870.000000 0.741005 
871.000000 0.740509 
872.000000 0.740014 
873.000000 0.739517 
874.000000 0.739021 
875.000000 0.738525 
876.000000 0.738028 
877.000000 0.737531 
878.000000 0.737034 
879.000000 0.736537 
880.000000 0.736039 
881.000000 0.735541 
882.000000 0.735044 
883.000000 0.734545 
884.000000 0.734047 
885.000000 0.733549 
886.000000 0.733050 
887.000000 0.732551 
888.000000 0.732052 
889.000000 0.731552 
890.000000 0.731053 
891.000000 0.730553 
892.000000 0.730053 
893.000000 0.729553 
894.000000 0.729053 
895.000000 0.728552 
896.000000 0.728052 
897.000000 0.727551 
898.000000 0.727050 
899.000000 0.726548 
900.000000 0.726047 
901.000000 0.725545 
902.000000 0.725044 
903.000000 0.724542 
904.000000 0.724039 
905.000000 0.723537 
906.000000 0.723035 
907.000000 0.722532 
908.000000 0.722029 
909.000000 0.721526 
910.000000 0.721022 
911.000000 0.720519 
912.000000 0.720015 
913.000000 0.719512 
914.000000 0.719008 
915.000000 0.718503 
916.000000 0.717999 
917.000000 0.717495 
918.000000 0.716990 
919.000000 0.716485 
920.000000 0.715980 
921.000000 0.715475 
922.000000 0.714969 
923.000000 0.714464 
924.000000 0.713958 
925.000000 0.713452 
926.000000 0.712946 
927.000000 0.712440 
928.000000 0.711934 
929.000000 0.711427 
930.000000 0.710920 
931.000000 0.710413 
932.000000 0.709906 
933.000000 0.709399 
934.000000 0.708892 
935.000000 0.708384 
936.000000 0.707877 
937.000000 0.707369 
938.000000 0.706861 
939.000000 0.706353 
940.000000 0.705844 
941.000000 0.705336 
942.000000 0.704827 
943.000000 0.704319 
944.000000 0.703810 
945.000000 0.703301 
946.000000 0.702791 
947.000000 0.702282 
948.000000 0.701773 
949.000000 0.701263 
950.000000 0.700753 
951.000000 0.700243 
952.000000 0.699733 
953.000000 0.699223 
954.000000 0.698712 
955.000000 0.698202 
956.000000 0.697691 
957.000000 0.697180 
958.000000 0.696670 
959.000000 0.696158 
960.000000 0.695647 
961.000000 0.695136 
962.000000 0.694624 
963.000000 0.694113 
964.000000 0.693601 
965.000000 0.693089 
966.000000 0.692577 
967.000000 0.692065 
968.000000 0.691553 
969.000000 0.691040 
970.000000 0.690527 
971.000000 0.690015 
972.000000 0.689502 
973.000000 0.688989 
974.000000 0.688476 
975.000000 0.687963 
976.000000 0.687449 
977.000000 0.686936 
978.000000 0.686422 
979.000000 0.685909 
980.000000 0.685395 
981.000000 0.684881 
982.000000 0.684367 
983.000000 0.683853 
984.000000 0.683338 
985.000000 0.682824 
986.000000 0.682309 
987.000000 0.681795 
988.000000 0.681280 
989.000000 0.680765 
990.000000 0.680250 
991.000000 0.679735 
992.000000 0.679220 
993.000000 0.678704 
994.000000 0.678189 
995.000000 0.677673 
996.000000 0.677158 
997.000000 0.676642 
998.000000 0.676126 
999.000000 0.675610 
1000.000000 0.675094 
1001.000000 0.674578 
1002.000000 0.674062 
1003.000000 0.673545 
1004.000000 0.673029 
1005.000000 0.672512 
1006.000000 0.671995 
1007.000000 0.671479 
1008.000000 0.670962 
1009.000000 0.670445 
1010.000000 0.669928 
1011.000000 0.669410 
1012.000000 0.668893 
1013.000000 0.668376 
1014.000000 0.667858 
1015.000000 0.667341 
1016.000000 0.666823 
1017.000000 0.666305 
1018.000000 0.665787 
1019.000000 0.665269 
1020.000000 0.664751 
1021.000000 0.664233 
1022.000000 0.663715 
1023.000000 0.663197 
1024.000000 0.662678 
1025.000000 0.662160 
1026.000000 0.661641 
1027.000000 0.661123 
1028.000000 0.660604 
1029.000000 0.660085 
1030.000000 0.659566 
1031.000000 0.659047 
1032.000000 0.658528 
1033.000000 0.658009 
1034.000000 0.657490 
1035.000000 0.656971 
1036.000000 0.656451 
1037.000000 0.655932 
1038.000000 0.655412 
1039.000000 0.654893 
1040.000000 0.654373 
1041.000000 0.653854 
1042.000000 0.653334 
1043.000000 0.652814 
1044.000000 0.652294 
1045.000000 0.651774 
1046.000000 0.651254 
1047.000000 0.650734 
1048.000000 0.650213 
1049.000000 0.649693 
1050.000000 0.649173 
1051.000000 0.648652 
1052.000000 0.648132 
1053.000000 0.647612 
1054.000000 0.647091 
1055.000000 0.646570 
1056.000000 0.646050 
1057.000000 0.645529 
1058.000000 0.645008 
1059.000000 0.644487 
1060.000000 0.643966 
1061.000000 0.643445 
1062.000000 0.642924 
1063.000000 0.642403 
1064.000000 0.641882 
1065.000000 0.641361 
1066.000000 0.640839 
1067.000000 0.640318 
1068.000000 0.639797 
1069.000000 0.639275 
1070.000000 0.638754 
1071.000000 0.638232 
1072.000000 0.637711 
1073.000000 0.637189 
1074.000000 0.636667 
1075.000000 0.636145 
1076.000000 0.635624 
1077.000000 0.635102 
1078.000000 0.634580 
1079.000000 0.634058 
1080.000000 0.633536 
1081.000000 0.633014 
1082.000000 0.632492 
1083.000000 0.631970 
1084.000000 0.631448 
1085.000000 0.630926 
1086.000000 0.630404 
1087.000000 0.629882 
1088.000000 0.629359 
1089.000000 0.628837 
1090.000000 0.628315 
1091.000000 0.627792 
1092.000000 0.627270 
1093.000000 0.626748 
1094.000000 0.626225 
1095.000000 0.625703 
1096.000000 0.625180 
1097.000000 0.624658 
1098.000000 0.624135 
1099.000000 0.623612 
1100.000000 0.623090 
1101.000000 0.622567 
1102.000000 0.622045 
1103.000000 0.621522 
1104.000000 0.620999 
1105.000000 0.620476 
1106.000000 0.619954 
1107.000000 0.619431 
1108.000000 0.618908 
1109.000000 0.618385 
1110.000000 0.617862 
1111.000000 0.617339 
1112.000000 0.616817 
1113.000000 0.616294 
1114.000000 0.615771 
1115.000000 0.615248 
1116.000000 0.614725 
1117.000000 0.614202 
1118.000000 0.613679 
1119.000000 0.613156 
1120.000000 0.612633 
1121.000000 0.612110 
1122.000000 0.611587 
1123.000000 0.611064 
1124.000000 0.610541 
1125.000000 0.610018 
1126.000000 0.609495 
1127.000000 0.608971 
1128.000000 0.608448 
1129.000000 0.607925 
1130.000000 0.607402 
1131.000000 0.606879 
1132.000000 0.606356 
1133.000000 0.605833 
1134.000000 0.605310 
1135.000000 0.604787 
1136.000000 0.604264 
1137.000000 0.603740 
1138.000000 0.603217 
1139.000000 0.602694 
1140.000000 0.602171 
1141.000000 0.601648 
1142.000000 0.601125 
1143.000000 0.600602 
1144.000000 0.600079 
1145.000000 0.599556 
1146.000000 0.599033 
1147.000000 0.598509 
1148.000000 0.597986 
1149.000000 0.597463 
1150.000000 0.596940 
1151.000000 0.596417 
1152.000000 0.595894 
1153.000000 0.595371 
1154.000000 0.594848 
1155.000000 0.594325 
1156.000000 0.593802 
1157.000000 0.593279 
1158.000000 0.592756 
1159.000000 0.592233 
1160.000000 0.591710 
1161.000000 0.591188 
1162.000000 0.590665 
1163.000000 0.590142 
1164.000000 0.589619 
1165.000000 0.589096 
1166.000000 0.588573 
1167.000000 0.588050 
1168.000000 0.587528 
1169.000000 0.587005 
1170.000000 0.586482 
1171.000000 0.585959 
1172.000000 0.585437 
1173.000000 0.584914 
1174.000000 0.584392 
1175.000000 0.583869 
1176.000000 0.583346 
1177.000000 0.582824 
1178.000000 0.582301 
1179.000000 0.581779 
1180.000000 0.581256 
1181.000000 0.580734 
1182.000000 0.580212 
1183.000000 0.579689 
1184.000000 0.579167 
1185.000000 0.578645 
1186.000000 0.578122 
1187.000000 0.577600 
1188.000000 0.577078 
1189.000000 0.576556 
1190.000000 0.576034 
1191.000000 0.575512 
1192.000000 0.574990 
1193.000000 0.574468 
1194.000000 0.573946 
1195.000000 0.573424 
1196.000000 0.572902 
1197.000000 0.572380 
1198.000000 0.571858 
1199.000000 0.571336 
1200.000000 0.570815 
1201.000000 0.570293 
1202.000000 0.569771 
1203.000000 0.569250 
1204.000000 0.568728 
1205.000000 0.568207 
1206.000000 0.567685 
1207.000000 0.567164 
1208.000000 0.566643 
1209.000000 0.566121 
1210.000000 0.565600 
1211.000000 0.565079 
1212.000000 0.564558 
1213.000000 0.564037 
1214.000000 0.563516 
1215.000000 0.562995 
1216.000000 0.562474 
1217.000000 0.561953 
1218.000000 0.561432 
1219.000000 0.560911 
1220.000000 0.560391 
1221.000000 0.559870 
1222.000000 0.559349 
1223.000000 0.558829 
1224.000000 0.558308 
1225.000000 0.557788 
1226.000000 0.557268 
1227.000000 0.556747 
1228.000000 0.556227 
1229.000000 0.555707 
1230.000000 0.555187 
1231.000000 0.554667 
1232.000000 0.554147 
1233.000000 0.553627 
1234.000000 0.553107 
1235.000000 0.552587 
1236.000000 0.552068 
1237.000000 0.551548 
1238.000000 0.551029 
1239.000000 0.550509 
1240.000000 0.549990 
1241.000000 0.549470 
1242.000000 0.548951 
1243.000000 0.548432 
1244.000000 0.547913 
1245.000000 0.547394 
1246.000000 0.546875 
1247.000000 0.546356 
1248.000000 0.545837 
1249.000000 0.545318 
1250.000000 0.544800 
1251.000000 0.544281 
1252.000000 0.543762 
1253.000000 0.543244 
1254.000000 0.542726 
1255.000000 0.542207 
1256.000000 0.541689 
1257.000000 0.541171 
1258.000000 0.540653 
1259.000000 0.540135 
1260.000000 0.539617 
1261.000000 0.539099 
1262.000000 0.538582 
1263.000000 0.538064 
1264.000000 0.537547 
1265.000000 0.537029 
1266.000000 0.536512 
1267.000000 0.535994 
1268.000000 0.535477 
1269.000000 0.534960 
1270.000000 0.534443 
1271.000000 0.533926 
1272.000000 0.533409 
1273.000000 0.532893 
1274.000000 0.532376 
1275.000000 0.531860 
1276.000000 0.531343 
1277.000000 0.530827 
1278.000000 0.530310 
1279.000000 0.529794 
1280.000000 0.529278 
1281.000000 0.528762 
1282.000000 0.528246 
1283.000000 0.527731 
1284.000000 0.527215 
1285.000000 0.526699 
1286.000000 0.526184 
1287.000000 0.525668 
1288.000000 0.525153 
1289.000000 0.524638 
1290.000000 0.524123 
1291.000000 0.523608 
1292.000000 0.523093 
1293.000000 0.522578 
1294.000000 0.522064 
1295.000000 0.521549 
1296.000000 0.521035 
1297.000000 0.520520 
1298.000000 0.520006 
1299.000000 0.519492 
1300.000000 0.518978 
1301.000000 0.518464 
1302.000000 0.517950 
1303.000000 0.517436 
1304.000000 0.516923 
1305.000000 0.516409 
1306.000000 0.515896 
1307.000000 0.515383 
1308.000000 0.514870 
1309.000000 0.514357 
1310.000000 0.513844 
1311.000000 0.513331 
1312.000000 0.512818 
1313.000000 0.512306 
1314.000000 0.511793 
1315.000000 0.511281 
1316.000000 0.510769 
1317.000000 0.510257 
1318.000000 0.509745 
1319.000000 0.509233 
1320.000000 0.508721 
1321.000000 0.508209 
1322.000000 0.507698 
1323.000000 0.507187 
1324.000000 0.506675 
1325.000000 0.506164 
1326.000000 0.505653 
1327.000000 0.505142 
1328.000000 0.504632 
1329.000000 0.504121 
1330.000000 0.503610 
1331.000000 0.503100 
1332.000000 0.502590 
1333.000000 0.502080 
1334.000000 0.501570 
1335.000000 0.501060 
1336.000000 0.500550 
1337.000000 0.500041 
1338.000000 0.499531 
1339.000000 0.499022 
1340.000000 0.498513 
1341.000000 0.498004 
1342.000000 0.497495 
1343.000000 0.496986 
1344.000000 0.496477 
1345.000000 0.495969 
1346.000000 0.495460 
1347.000000 0.494952 
1348.000000 0.494444 
1349.000000 0.493936 
1350.000000 0.493428 
1351.000000 0.492920 
1352.000000 0.492413 
1353.000000 0.491905 
1354.000000 0.491398 
1355.000000 0.490891 
1356.000000 0.490384 
1357.000000 0.489877 
1358.000000 0.489370 
1359.000000 0.488864 
1360.000000 0.488357 
1361.000000 0.487851 
1362.000000 0.487345 
1363.000000 0.486839 
1364.000000 0.486333 
1365.000000 0.485827 
1366.000000 0.485321 
1367.000000 0.484816 
1368.000000 0.484311 
1369.000000 0.483806 
1370.000000 0.483301 
1371.000000 0.482796 
1372.000000 0.482291 
1373.000000 0.481786 
1374.000000 0.481282 
1375.000000 0.480778 
1376.000000 0.480274 
1377.000000 0.479770 
1378.000000 0.479266 
1379.000000 0.478762 
1380.000000 0.478259 
1381.000000 0.477756 
1382.000000 0.477252 
1383.000000 0.476749 
1384.000000 0.476247 
1385.000000 0.475744 
1386.000000 0.475241 
1387.000000 0.474739 
1388.000000 0.474237 
1389.000000 0.473735 
1390.000000 0.473233 
1391.000000 0.472731 
1392.000000 0.472229 
1393.000000 0.471728 
1394.000000 0.471227 
1395.000000 0.470726 
1396.000000 0.470225 
1397.000000 0.469724 
1398.000000 0.469223 
1399.000000 0.468723 
1400.000000 0.468223 
1401.000000 0.467723 
1402.000000 0.467223 
1403.000000 0.466723 
1404.000000 0.466223 
1405.000000 0.465724 
1406.000000 0.465224 
1407.000000 0.464725 
1408.000000 0.464226 
1409.000000 0.463728 
1410.000000 0.463229 
1411.000000 0.462731 
1412.000000 0.462232 
1413.000000 0.461734 
1414.000000 0.461236 
1415.000000 0.460739 
1416.000000 0.460241 
1417.000000 0.459744 
1418.000000 0.459246 
1419.000000 0.458749 
1420.000000 0.458253 
1421.000000 0.457756 
1422.000000 0.457259 
1423.000000 0.456763 
1424.000000 0.456267 
1425.000000 0.455771 
1426.000000 0.455275 
1427.000000 0.454779 
1428.000000 0.454284 
1429.000000 0.453789 
1430.000000 0.453294 
1431.000000 0.452799 
1432.000000 0.452304 
1433.000000 0.451809 
1434.000000 0.451315 
1435.000000 0.450821 
1436.000000 0.450327 
1437.000000 0.449833 
1438.000000 0.449340 
1439.000000 0.448846 
1440.000000 0.448353 
1441.000000 0.447860 
1442.000000 0.447367 
1443.000000 0.446874 
1444.000000 0.446382 
1445.000000 0.445889 
1446.000000 0.445397 
1447.000000 0.444905 
1448.000000 0.444414 
1449.000000 0.443922 
1450.000000 0.443431 
1451.000000 0.442940 
1452.000000 0.442449 
1453.000000 0.441958 
1454.000000 0.441467 
1455.000000 0.440977 
1456.000000 0.440487 
1457.000000 0.439997 
1458.000000 0.439507 
1459.000000 0.439017 
1460.000000 0.438528 
1461.000000 0.438038 
1462.000000 0.437549 
1463.000000 0.437061 
1464.000000 0.436572 
1465.000000 0.436083 
1466.000000 0.435595 
1467.000000 0.435107 
1468.000000 0.434619 
1469.000000 0.434132 
1470.000000 0.433644 
1471.000000 0.433157 
1472.000000 0.432670 
1473.000000 0.432183 
1474.000000 0.431696 
1475.000000 0.431210 
1476.000000 0.430724 
1477.000000 0.430238 
1478.000000 0.429752 
1479.000000 0.429266 
1480.000000 0.428781 
1481.000000 0.428296 
1482.000000 0.427811 
1483.000000 0.427326 
1484.000000 0.426841 
1485.000000 0.426357 
1486.000000 0.425873 
1487.000000 0.425389 
1488.000000 0.424905 
1489.000000 0.424422 
1490.000000 0.423938 
1491.000000 0.423455 
1492.000000 0.422972 
1493.000000 0.422489 
1494.000000 0.422007 
1495.000000 0.421525 
1496.000000 0.421043 
1497.000000 0.420561 
1498.000000 0.420079 
1499.000000 0.419598 
1500.000000 0.419117 
1501.000000 0.418636 
1502.000000 0.418155 
1503.000000 0.417674 
1504.000000 0.417194 
1505.000000 0.416714 
1506.000000 0.416234 
1507.000000 0.415754 
1508.000000 0.415275 
1509.000000 0.414795 
1510.000000 0.414316 
1511.000000 0.413837 
1512.000000 0.413359 
1513.000000 0.412881 
1514.000000 0.412402 
1515.000000 0.411924 
1516.000000 0.411447 
1517.000000 0.410969 
1518.000000 0.410492 
1519.000000 0.410015 
1520.000000 0.409538 
1521.000000 0.409061 
1522.000000 0.408585 
1523.000000 0.408109 
1524.000000 0.407633 
1525.000000 0.407157 
1526.000000 0.406682 
1527.000000 0.406207 
1528.000000 0.405732 
1529.000000 0.405257 
1530.000000 0.404782 
1531.000000 0.404308 
1532.000000 0.403834 
1533.000000 0.403360 
1534.000000 0.402886 
1535.000000 0.402413 
1536.000000 0.401940 
1537.000000 0.401467 
1538.000000 0.400994 
1539.000000 0.400521 
1540.000000 0.400049 
1541.000000 0.399577 
1542.000000 0.399105 
1543.000000 0.398634 
1544.000000 0.398162 
1545.000000 0.397691 
1546.000000 0.397220 
1547.000000 0.396750 
1548.000000 0.396279 
1549.000000 0.395809 
1550.000000 0.395339 
1551.000000 0.394870 
1552.000000 0.394400 
1553.000000 0.393931 
1554.000000 0.393462 
1555.000000 0.392993 
1556.000000 0.392525 
1557.000000 0.392056 
1558.000000 0.391588 
1559.000000 0.391121 
1560.000000 0.390653 
1561.000000 0.390186 
1562.000000 0.389719 
1563.000000 0.389252 
1564.000000 0.388785 
1565.000000 0.388319 
1566.000000 0.387853 
1567.000000 0.387387 
1568.000000 0.386921 
1569.000000 0.386456 
1570.000000 0.385991 
1571.000000 0.385526 
1572.000000 0.385061 
1573.000000 0.384597 
1574.000000 0.384133 
1575.000000 0.383669 
1576.000000 0.383205 
1577.000000 0.382742 
1578.000000 0.382279 
1579.000000 0.381816 
1580.000000 0.381353 
1581.000000 0.380891 
1582.000000 0.380429 
1583.000000 0.379967 
1584.000000 0.379505 
1585.000000 0.379044 
1586.000000 0.378582 
1587.000000 0.378122 
1588.000000 0.377661 
1589.000000 0.377200 
1590.000000 0.376740 
1591.000000 0.376280 
1592.000000 0.375821 
1593.000000 0.375361 
1594.000000 0.374902 
1595.000000 0.374443 
1596.000000 0.373985 
1597.000000 0.373526 
1598.000000 0.373068 
1599.000000 0.372610 
1600.000000 0.372153 
1601.000000 0.371695 
1602.000000 0.371238 
1603.000000 0.370781 
1604.000000 0.370325 
1605.000000 0.369868 
1606.000000 0.369412 
1607.000000 0.368956 
1608.000000 0.368501 
1609.000000 0.368045 
1610.000000 0.367590 
1611.000000 0.367135 
1612.000000 0.366681 
1613.000000 0.366227 
1614.000000 0.365773 
1615.000000 0.365319 
1616.000000 0.364865 
1617.000000 0.364412 
1618.000000 0.363959 
1619.000000 0.363506 
1620.000000 0.363054 
1621.000000 0.362602 
1622.000000 0.362150 
1623.000000 0.361698 
1624.000000 0.361247 
1625.000000 0.360796 
1626.000000 0.360345 
1627.000000 0.359894 
1628.000000 0.359444 
1629.000000 0.358994 
1630.000000 0.358544 
1631.000000 0.358094 
1632.000000 0.357645 
1633.000000 0.357196 
1634.000000 0.356747 
1635.000000 0.356299 
1636.000000 0.355850 
1637.000000 0.355402 
1638.000000 0.354955 
1639.000000 0.354507 
1640.000000 0.354060 
1641.000000 0.353613 
1642.000000 0.353167 
1643.000000 0.352720 
1644.000000 0.352274 
1645.000000 0.351828 
1646.000000 0.351383 
1647.000000 0.350938 
1648.000000 0.350493 
1649.000000 0.350048 
1650.000000 0.349604 
1651.000000 0.349159 
1652.000000 0.348715 
1653.000000 0.348272 
1654.000000 0.347828 
1655.000000 0.347385 
1656.000000 0.346943 
1657.000000 0.346500 
1658.000000 0.346058 
1659.000000 0.345616 
1660.000000 0.345174 
1661.000000 0.344733 
1662.000000 0.344291 
1663.000000 0.343851 
1664.000000 0.343410 
1665.000000 0.342970 
1666.000000 0.342530 
1667.000000 0.342090 
1668.000000 0.341650 
1669.000000 0.341211 
1670.000000 0.340772 
1671.000000 0.340333 
1672.000000 0.339895 
1673.000000 0.339457 
1674.000000 0.339019 
1675.000000 0.338582 
1676.000000 0.338144 
1677.000000 0.337707 
1678.000000 0.337271 
1679.000000 0.336834 
1680.000000 0.336398 
1681.000000 0.335962 
1682.000000 0.335527 
1683.000000 0.335091 
1684.000000 0.334656 
1685.000000 0.334221 
1686.000000 0.333787 
1687.000000 0.333353 
1688.000000 0.332919 
1689.000000 0.332485 
1690.000000 0.332052 
1691.000000 0.331619 
1692.000000 0.331186 
1693.000000 0.330754 
1694.000000 0.330322 
1695.000000 0.329890 
1696.000000 0.329458 
1697.000000 0.329027 
1698.000000 0.328596 
1699.000000 0.328165 
1700.000000 0.327734 
1701.000000 0.327304 
1702.000000 0.326874 
1703.000000 0.326445 
1704.000000 0.326015 
1705.000000 0.325586 
1706.000000 0.325158 
1707.000000 0.324729 
1708.000000 0.324301 
1709.000000 0.323873 
1710.000000 0.323445 
1711.000000 0.323018 
1712.000000 0.322591 
1713.000000 0.322164 
1714.000000 0.321738 
1715.000000 0.321312 
1716.000000 0.320886 
1717.000000 0.320460 
1718.000000 0.320035 
1719.000000 0.319610 
1720.000000 0.319185 
1721.000000 0.318761 
1722.000000 0.318337 
1723.000000 0.317913 
1724.000000 0.317490 
1725.000000 0.317066 
1726.000000 0.316643 
1727.000000 0.316221 
1728.000000 0.315798 
1729.000000 0.315376 
1730.000000 0.314955 
1731.000000 0.314533 
1732.000000 0.314112 
1733.000000 0.313691 
1734.000000 0.313271 
1735.000000 0.312850 
1736.000000 0.312430 
1737.000000 0.312011 
1738.000000 0.311591 
1739.000000 0.311172 
1740.000000 0.310753 
1741.000000 0.310335 
1742.000000 0.309917 
1743.000000 0.309499 
1744.000000 0.309081 
1745.000000 0.308664 
1746.000000 0.308247 
1747.000000 0.307830 
1748.000000 0.307414 
1749.000000 0.306997 
1750.000000 0.306582 
1751.000000 0.306166 
1752.000000 0.305751 
1753.000000 0.305336 
1754.000000 0.304921 
1755.000000 0.304507 
1756.000000 0.304093 
1757.000000 0.303679 
1758.000000 0.303266 
1759.000000 0.302853 
1760.000000 0.302440 
1761.000000 0.302027 
1762.000000 0.301615 
1763.000000 0.301203 
1764.000000 0.300792 
1765.000000 0.300380 
1766.000000 0.299969 
1767.000000 0.299558 
1768.000000 0.299148 
1769.000000 0.298738 
1770.000000 0.298328 
1771.000000 0.297919 
1772.000000 0.297509 
1773.000000 0.297101 
1774.000000 0.296692 
1775.000000 0.296284 
1776.000000 0.295876 
1777.000000 0.295468 
1778.000000 0.295061 
1779.000000 0.294654 
1780.000000 0.294247 
1781.000000 0.293840 
1782.000000 0.293434 
1783.000000 0.293028 
1784.000000 0.292623 
1785.000000 0.292218 
1786.000000 0.291813 
1787.000000 0.291408 
1788.000000 0.291004 
1789.000000 0.290600 
1790.000000 0.290196 
1791.000000 0.289793 
1792.000000 0.289390 
1793.000000 0.288987 
1794.000000 0.288584 
1795.000000 0.288182 
1796.000000 0.287780 
1797.000000 0.287379 
1798.000000 0.286978 
1799.000000 0.286577 
1800.000000 0.286176 
1801.000000 0.285776 
1802.000000 0.285376 
1803.000000 0.284976 
1804.000000 0.284577 
1805.000000 0.284178 
1806.000000 0.283779 
1807.000000 0.283381 
1808.000000 0.282982 
1809.000000 0.282585 
1810.000000 0.282187 
1811.000000 0.281790 
1812.000000 0.281393 
1813.000000 0.280996 
1814.000000 0.280600 
1815.000000 0.280204 
1816.000000 0.279809 
1817.000000 0.279413 
1818.000000 0.279018 
1819.000000 0.278624 
1820.000000 0.278229 
1821.000000 0.277835 
1822.000000 0.277441 
1823.000000 0.277048 
1824.000000 0.276655 
1825.000000 0.276262 
1826.000000 0.275869 
1827.000000 0.275477 
1828.000000 0.275085 
1829.000000 0.274694 
1830.000000 0.274302 
1831.000000 0.273912 
1832.000000 0.273521 
1833.000000 0.273131 
1834.000000 0.272741 
1835.000000 0.272351 
1836.000000 0.271962 
1837.000000 0.271572 
1838.000000 0.271184 
1839.000000 0.270795 
1840.000000 0.270407 
1841.000000 0.270019 
1842.000000 0.269632 
1843.000000 0.269245 
1844.000000 0.268858 
1845.000000 0.268471 
1846.000000 0.268085 
1847.000000 0.267699 
1848.000000 0.267314 
1849.000000 0.266928 
1850.000000 0.266544 
1851.000000 0.266159 
1852.000000 0.265775 
1853.000000 0.265391 
1854.000000 0.265007 
1855.000000 0.264624 
1856.000000 0.264241 
1857.000000 0.263858 
1858.000000 0.263475 
1859.000000 0.263093 
1860.000000 0.262712 
1861.000000 0.262330 
1862.000000 0.261949 
1863.000000 0.261568 
1864.000000 0.261188 
1865.000000 0.260808 
1866.000000 0.260428 
1867.000000 0.260048 
1868.000000 0.259669 
1869.000000 0.259290 
1870.000000 0.258911 
1871.000000 0.258533 
1872.000000 0.258155 
1873.000000 0.257778 
1874.000000 0.257400 
1875.000000 0.257023 
1876.000000 0.256647 
1877.000000 0.256270 
1878.000000 0.255894 
1879.000000 0.255519 
1880.000000 0.255143 
1881.000000 0.254768 
1882.000000 0.254394 
1883.000000 0.254019 
1884.000000 0.253645 
1885.000000 0.253271 
1886.000000 0.252898 
1887.000000 0.252525 
1888.000000 0.252152 
1889.000000 0.251780 
1890.000000 0.251407 
1891.000000 0.251036 
1892.000000 0.250664 
1893.000000 0.250293 
1894.000000 0.249922 
1895.000000 0.249551 
1896.000000 0.249181 
1897.000000 0.248811 
1898.000000 0.248442 
1899.000000 0.248072 
1900.000000 0.247704 
1901.000000 0.247335 
1902.000000 0.246967 
1903.000000 0.246599 
1904.000000 0.246231 
1905.000000 0.245864 
1906.000000 0.245497 
1907.000000 0.245130 
1908.000000 0.244764 
1909.000000 0.244398 
1910.000000 0.244032 
1911.000000 0.243667 
1912.000000 0.243302 
1913.000000 0.242937 
1914.000000 0.242572 
1915.000000 0.242208 
1916.000000 0.241845 
1917.000000 0.241481 
1918.000000 0.241118 
1919.000000 0.240755 
1920.000000 0.240393 
1921.000000 0.240031 
1922.000000 0.239669 
1923.000000 0.239307 
1924.000000 0.238946 
1925.000000 0.238586 
1926.000000 0.238225 
1927.000000 0.237865 
1928.000000 0.237505 
1929.000000 0.237145 
1930.000000 0.236786 
1931.000000 0.236427 
1932.000000 0.236069 
1933.000000 0.235711 
1934.000000 0.235353 
1935.000000 0.234995 
1936.000000 0.234638 
1937.000000 0.234281 
1938.000000 0.233924 
1939.000000 0.233568 
1940.000000 0.233212 
1941.000000 0.232857 
1942.000000 0.232501 
1943.000000 0.232146 
1944.000000 0.231792 
1945.000000 0.231437 
1946.000000 0.231083 
1947.000000 0.230730 
1948.000000 0.230376 
1949.000000 0.230023 
1950.000000 0.229671 
1951.000000 0.229318 
1952.000000 0.228966 
1953.000000 0.228615 
1954.000000 0.228263 
1955.000000 0.227912 
1956.000000 0.227561 
1957.000000 0.227211 
1958.000000 0.226861 
1959.000000 0.226511 
1960.000000 0.226162 
1961.000000 0.225813 
1962.000000 0.225464 
1963.000000 0.225116 
1964.000000 0.224768 
1965.000000 0.224420 
1966.000000 0.224072 
1967.000000 0.223725 
1968.000000 0.223378 
1969.000000 0.223032 
1970.000000 0.222686 
1971.000000 0.222340 
1972.000000 0.221995 
1973.000000 0.221649 
1974.000000 0.221305 
1975.000000 0.220960 
1976.000000 0.220616 
1977.000000 0.220272 
1978.000000 0.219929 
1979.000000 0.219585 
1980.000000 0.219243 
1981.000000 0.218900 
1982.000000 0.218558 
1983.000000 0.218216 
1984.000000 0.217875 
1985.000000 0.217533 
1986.000000 0.217192 
1987.000000 0.216852 
1988.000000 0.216512 
1989.000000 0.216172 
1990.000000 0.215832 
1991.000000 0.215493 
1992.000000 0.215154 
1993.000000 0.214816 
1994.000000 0.214477 
1995.000000 0.214139 
1996.000000 0.213802 
1997.000000 0.213465 
1998.000000 0.213128 
1999.000000 0.212791 
2000.000000 0.212455 
2001.000000 0.212119 
2002.000000 0.211783 
2003.000000 0.211448 
2004.000000 0.211113 
2005.000000 0.210778 
2006.000000 0.210444 
2007.000000 0.210110 
2008.000000 0.209776 
2009.000000 0.209443 
2010.000000 0.209110 
2011.000000 0.208778 
2012.000000 0.208445 
2013.000000 0.208113 
2014.000000 0.207782 
2015.000000 0.207450 
2016.000000 0.207119 
2017.000000 0.206789 
2018.000000 0.206458 
2019.000000 0.206128 
2020.000000 0.205799 
2021.000000 0.205469 
2022.000000 0.205140 
2023.000000 0.204811 
2024.000000 0.204483 
2025.000000 0.204155 
2026.000000 0.203827 
2027.000000 0.203500 
2028.000000 0.203173 
2029.000000 0.202846 
2030.000000 0.202520 
2031.000000 0.202194 
2032.000000 0.201868 
2033.000000 0.201543 
2034.000000 0.201218 
2035.000000 0.200893 
2036.000000 0.200568 
2037.000000 0.200244 
2038.000000 0.199921 
2039.000000 0.199597 
2040.000000 0.199274 
2041.000000 0.198951 
2042.000000 0.198629 
2043.000000 0.198307 
2044.000000 0.197985 
2045.000000 0.197664 
2046.000000 0.197343 
2047.000000 0.197022 
2048.000000 0.196701 
2049.000000 0.196381 
2050.000000 0.196061 
2051.000000 0.195742 
2052.000000 0.195423 
2053.000000 0.195104 
2054.000000 0.194786 
2055.000000 0.194467 
2056.000000 0.194150 
2057.000000 0.193832 
2058.000000 0.193515 
2059.000000 0.193198 
2060.000000 0.192882 
2061.000000 0.192565 
2062.000000 0.192250 
2063.000000 0.191934 
2064.000000 0.191619 
2065.000000 0.191304 
2066.000000 0.190990 
2067.000000 0.190675 
2068.000000 0.190362 
2069.000000 0.190048 
2070.000000 0.189735 
2071.000000 0.189422 
2072.000000 0.189109 
2073.000000 0.188797 
2074.000000 0.188485 
2075.000000 0.188174 
2076.000000 0.187863 
2077.000000 0.187552 
2078.000000 0.187241 
2079.000000 0.186931 
2080.000000 0.186621 
2081.000000 0.186311 
2082.000000 0.186002 
2083.000000 0.185693 
2084.000000 0.185385 
2085.000000 0.185076 
2086.000000 0.184769 
2087.000000 0.184461 
2088.000000 0.184154 
2089.000000 0.183847 
2090.000000 0.183540 
2091.000000 0.183234 
2092.000000 0.182928 
2093.000000 0.182622 
2094.000000 0.182317 
2095.000000 0.182012 
2096.000000 0.181707 
2097.000000 0.181403 
2098.000000 0.181099 
2099.000000 0.180795 
2100.000000 0.180492 
2101.000000 0.180189 
2102.000000 0.179886 
2103.000000 0.179584 
2104.000000 0.179282 
2105.000000 0.178980 
2106.000000 0.178679 
2107.000000 0.178378 
2108.000000 0.178077 
2109.000000 0.177777 
2110.000000 0.177477 
2111.000000 0.177177 
2112.000000 0.176878 
2113.000000 0.176579 
2114.000000 0.176280 
2115.000000 0.175982 
2116.000000 0.175684 
2117.000000 0.175386 
2118.000000 0.175088 
2119.000000 0.174791 
2120.000000 0.174494 
2121.000000 0.174198 
2122.000000 0.173902 
2123.000000 0.173606 
2124.000000 0.173311 
2125.000000 0.173016 
2126.000000 0.172721 
2127.000000 0.172426 
2128.000000 0.172132 
2129.000000 0.171838 
2130.000000 0.171545 
2131.000000 0.171252 
2132.000000 0.170959 
2133.000000 0.170666 
2134.000000 0.170374 
2135.000000 0.170082 
2136.000000 0.169791 
2137.000000 0.169500 
2138.000000 0.169209 
2139.000000 0.168918 
2140.000000 0.168628 
2141.000000 0.168338 
2142.000000 0.168049 
2143.000000 0.167759 
2144.000000 0.167470 
2145.000000 0.167182 
2146.000000 0.166894 
2147.000000 0.166606 
2148.000000 0.166318 
2149.000000 0.166031 
2150.000000 0.165744 
2151.000000 0.165457 
2152.000000 0.165171 
2153.000000 0.164885 
2154.000000 0.164599 
2155.000000 0.164314 
2156.000000 0.164029 
2157.000000 0.163744 
2158.000000 0.163460 
2159.000000 0.163176 
2160.000000 0.162892 
2161.000000 0.162609 
2162.000000 0.162326 
2163.000000 0.162043 
2164.000000 0.161761 
2165.000000 0.161479 
2166.000000 0.161197 
2167.000000 0.160915 
2168.000000 0.160634 
2169.000000 0.160353 
2170.000000 0.160073 
2171.000000 0.159793 
2172.000000 0.159513 
2173.000000 0.159234 
2174.000000 0.158954 
2175.000000 0.158676 
2176.000000 0.158397 
2177.000000 0.158119 
2178.000000 0.157841 
2179.000000 0.157564 
2180.000000 0.157286 
2181.000000 0.157010 
2182.000000 0.156733 
2183.000000 0.156457 
2184.000000 0.156181 
2185.000000 0.155905 
2186.000000 0.155630 
2187.000000 0.155355 
2188.000000 0.155080 
2189.000000 0.154806 
2190.000000 0.154532 
2191.000000 0.154259 
2192.000000 0.153985 
2193.000000 0.153712 
2194.000000 0.153440 
2195.000000 0.153167 
2196.000000 0.152895 
2197.000000 0.152624 
2198.000000 0.152352 
2199.000000 0.152081 
2200.000000 0.151810 
2201.000000 0.151540 
2202.000000 0.151270 
2203.000000 0.151000 
2204.000000 0.150731 
2205.000000 0.150462 
2206.000000 0.150193 
2207.000000 0.149924 
2208.000000 0.149656 
2209.000000 0.149388 
2210.000000 0.149121 
2211.000000 0.148854 
2212.000000 0.148587 
2213.000000 0.148320 
2214.000000 0.148054 
2215.000000 0.147788 
2216.000000 0.147522 
2217.000000 0.147257 
2218.000000 0.146992 
2219.000000 0.146728 
2220.000000 0.146463 
2221.000000 0.146199 
2222.000000 0.145936 
2223.000000 0.145672 
2224.000000 0.145409 
2225.000000 0.145147 
2226.000000 0.144884 
2227.000000 0.144622 
2228.000000 0.144361 
2229.000000 0.144099 
2230.000000 0.143838 
2231.000000 0.143577 
2232.000000 0.143317 
2233.000000 0.143057 
2234.000000 0.142797 
2235.000000 0.142537 
2236.000000 0.142278 
2237.000000 0.142019 
2238.000000 0.141761 
2239.000000 0.141503 
2240.000000 0.141245 
2241.000000 0.140987 
2242.000000 0.140730 
2243.000000 0.140473 
2244.000000 0.140217 
2245.000000 0.139960 
2246.000000 0.139704 
2247.000000 0.139449 
2248.000000 0.139193 
2249.000000 0.138938 
2250.000000 0.138684 
2251.000000 0.138429 
2252.000000 0.138175 
2253.000000 0.137921 
2254.000000 0.137668 
2255.000000 0.137415 
2256.000000 0.137162 
2257.000000 0.136910 
2258.000000 0.136657 
2259.000000 0.136406 
2260.000000 0.136154 
2261.000000 0.135903 
2262.000000 0.135652 
2263.000000 0.135401 
2264.000000 0.135151 
2265.000000 0.134901 
2266.000000 0.134652 
2267.000000 0.134402 
2268.000000 0.134153 
2269.000000 0.133905 
2270.000000 0.133656 
2271.000000 0.133408 
2272.000000 0.133161 
2273.000000 0.132913 
2274.000000 0.132666 
2275.000000 0.132419 
2276.000000 0.132173 
2277.000000 0.131927 
2278.000000 0.131681 
2279.000000 0.131436 
2280.000000 0.131190 
2281.000000 0.130946 
2282.000000 0.130701 
2283.000000 0.130457 
2284.000000 0.130213 
2285.000000 0.129969 
2286.000000 0.129726 
2287.000000 0.129483 
2288.000000 0.129240 
2289.000000 0.128998 
2290.000000 0.128756 
2291.000000 0.128514 
2292.000000 0.128273 
2293.000000 0.128032 
2294.000000 0.127791 
2295.000000 0.127550 
2296.000000 0.127310 
2297.000000 0.127070 
2298.000000 0.126831 
2299.000000 0.126592 
2300.000000 0.126353 
2301.000000 0.126114 
2302.000000 0.125876 
2303.000000 0.125638 
2304.000000 0.125400 
2305.000000 0.125163 
2306.000000 0.124926 
2307.000000 0.124689 
2308.000000 0.124453 
2309.000000 0.124217 
2310.000000 0.123981 
2311.000000 0.123745 
2312.000000 0.123510 
2313.000000 0.123275 
2314.000000 0.123041 
2315.000000 0.122807 
2316.000000 0.122573 
2317.000000 0.122339 
2318.000000 0.122106 
2319.000000 0.121873 
2320.000000 0.121640 
2321.000000 0.121408 
2322.000000 0.121176 
2323.000000 0.120944 
2324.000000 0.120713 
2325.000000 0.120481 
2326.000000 0.120251 
2327.000000 0.120020 
2328.000000 0.119790 
2329.000000 0.119560 
2330.000000 0.119330 
2331.000000 0.119101 
2332.000000 0.118872 
2333.000000 0.118643 
2334.000000 0.118415 
2335.000000 0.118187 
2336.000000 0.117959 
2337.000000 0.117732 
2338.000000 0.117505 
2339.000000 0.117278 
2340.000000 0.117051 
2341.000000 0.116825 
2342.000000 0.116599 
2343.000000 0.116374 
2344.000000 0.116148 
2345.000000 0.115923 
2346.000000 0.115699 
2347.000000 0.115474 
2348.000000 0.115250 
2349.000000 0.115027 
2350.000000 0.114803 
2351.000000 0.114580 
2352.000000 0.114357 
2353.000000 0.114135 
2354.000000 0.113912 
2355.000000 0.113690 
2356.000000 0.113469 
2357.000000 0.113247 
2358.000000 0.113026 
2359.000000 0.112806 
2360.000000 0.112585 
2361.000000 0.112365 
2362.000000 0.112145 
2363.000000 0.111926 
2364.000000 0.111707 
2365.000000 0.111488 
2366.000000 0.111269 
2367.000000 0.111051 
2368.000000 0.110833 
2369.000000 0.110615 
2370.000000 0.110398 
2371.000000 0.110181 
2372.000000 0.109964 
2373.000000 0.109747 
2374.000000 0.109531 
2375.000000 0.109315 
2376.000000 0.109100 
2377.000000 0.108884 
2378.000000 0.108669 
2379.000000 0.108455 
2380.000000 0.108240 
2381.000000 0.108026 
2382.000000 0.107812 
2383.000000 0.107599 
2384.000000 0.107386 
2385.000000 0.107173 
2386.000000 0.106960 
2387.000000 0.106748 
2388.000000 0.106536 
2389.000000 0.106324 
2390.000000 0.106113 
2391.000000 0.105902 
2392.000000 0.105691 
2393.000000 0.105480 
2394.000000 0.105270 
2395.000000 0.105060 
2396.000000 0.104850 
2397.000000 0.104641 
2398.000000 0.104432 
2399.000000 0.104223 
2400.000000 0.104015 
2401.000000 0.103807 
2402.000000 0.103599 
2403.000000 0.103391 
2404.000000 0.103184 
2405.000000 0.102977 
2406.000000 0.102770 
2407.000000 0.102564 
2408.000000 0.102358 
2409.000000 0.102152 
2410.000000 0.101947 
2411.000000 0.101741 
2412.000000 0.101536 
2413.000000 0.101332 
2414.000000 0.101128 
2415.000000 0.100923 
2416.000000 0.100720 
2417.000000 0.100516 
2418.000000 0.100313 
2419.000000 0.100110 
2420.000000 0.099908 
2421.000000 0.099705 
2422.000000 0.099503 
2423.000000 0.099302 
2424.000000 0.099100 
2425.000000 0.098899 
2426.000000 0.098698 
2427.000000 0.098498 
2428.000000 0.098298 
2429.000000 0.098098 
2430.000000 0.097898 
2431.000000 0.097699 
2432.000000 0.097500 
2433.000000 0.097301 
2434.000000 0.097102 
2435.000000 0.096904 
2436.000000 0.096706 
2437.000000 0.096508 
2438.000000 0.096311 
2439.000000 0.096114 
2440.000000 0.095917 
2441.000000 0.095721 
2442.000000 0.095525 
2443.000000 0.095329 
2444.000000 0.095133 
2445.000000 0.094938 
2446.000000 0.094743 
2447.000000 0.094548 
2448.000000 0.094353 
2449.000000 0.094159 
2450.000000 0.093965 
2451.000000 0.093772 
2452.000000 0.093578 
2453.000000 0.093385 
2454.000000 0.093193 
2455.000000 0.093000 
2456.000000 0.092808 
2457.000000 0.092616 
2458.000000 0.092424 
2459.000000 0.092233 
2460.000000 0.092042 
2461.000000 0.091851 
2462.000000 0.091661 
2463.000000 0.091471 
2464.000000 0.091281 
2465.000000 0.091091 
2466.000000 0.090902 
2467.000000 0.090713 
2468.000000 0.090524 
2469.000000 0.090335 
2470.000000 0.090147 
2471.000000 0.089959 
2472.000000 0.089772 
2473.000000 0.089584 
2474.000000 0.089397 
2475.000000 0.089210 
2476.000000 0.089024 
2477.000000 0.088838 
2478.000000 0.088652 
2479.000000 0.088466 
2480.000000 0.088280 
2481.000000 0.088095 
2482.000000 0.087911 
2483.000000 0.087726 
2484.000000 0.087542 
2485.000000 0.087358 
2486.000000 0.087174 
2487.000000 0.086990 
2488.000000 0.086807 
2489.000000 0.086624 
2490.000000 0.086442 
2491.000000 0.086259 
2492.000000 0.086077 
2493.000000 0.085896 
2494.000000 0.085714 
2495.000000 0.085533 
2496.000000 0.085352 
2497.000000 0.085171 
2498.000000 0.084991 
2499.000000 0.084811 
2500.000000 0.084631 
2501.000000 0.084451 
2502.000000 0.084272 
2503.000000 0.084093 
2504.000000 0.083914 
2505.000000 0.083736 
2506.000000 0.083558 
2507.000000 0.083380 
2508.000000 0.083202 
2509.000000 0.083025 
2510.000000 0.082848 
2511.000000 0.082671 
2512.000000 0.082495 
2513.000000 0.082318 
2514.000000 0.082142 
2515.000000 0.081967 
2516.000000 0.081791 
2517.000000 0.081616 
2518.000000 0.081441 
2519.000000 0.081267 
2520.000000 0.081092 
2521.000000 0.080918 
2522.000000 0.080744 
2523.000000 0.080571 
2524.000000 0.080398 
2525.000000 0.080225 
2526.000000 0.080052 
2527.000000 0.079879 
2528.000000 0.079707 
2529.000000 0.079535 
2530.000000 0.079364 
2531.000000 0.079192 
2532.000000 0.079021 
2533.000000 0.078850 
2534.000000 0.078680 
2535.000000 0.078510 
2536.000000 0.078340 
2537.000000 0.078170 
2538.000000 0.078000 
2539.000000 0.077831 
2540.000000 0.077662 
2541.000000 0.077494 
2542.000000 0.077325 
2543.000000 0.077157 
2544.000000 0.076989 
2545.000000 0.076822 
2546.000000 0.076654 
2547.000000 0.076487 
2548.000000 0.076320 
2549.000000 0.076154 
2550.000000 0.075988 
2551.000000 0.075822 
2552.000000 0.075656 
2553.000000 0.075490 
2554.000000 0.075325 
2555.000000 0.075160 
2556.000000 0.074996 
2557.000000 0.074831 
2558.000000 0.074667 
2559.000000 0.074503 
2560.000000 0.074340 
2561.000000 0.074176 
2562.000000 0.074013 
2563.000000 0.073850 
2564.000000 0.073688 
2565.000000 0.073525 
2566.000000 0.073363 
2567.000000 0.073202 
2568.000000 0.073040 
2569.000000 0.072879 
2570.000000 0.072718 
2571.000000 0.072557 
2572.000000 0.072397 
2573.000000 0.072236 
2574.000000 0.072076 
2575.000000 0.071917 
2576.000000 0.071757 
2577.000000 0.071598 
2578.000000 0.071439 
2579.000000 0.071281 
2580.000000 0.071122 
2581.000000 0.070964 
2582.000000 0.070806 
2583.000000 0.070649 
2584.000000 0.070491 
2585.000000 0.070334 
2586.000000 0.070177 
2587.000000 0.070021 
2588.000000 0.069864 
2589.000000 0.069708 
2590.000000 0.069553 
2591.000000 0.069397 
2592.000000 0.069242 
2593.000000 0.069087 
2594.000000 0.068932 
2595.000000 0.068777 
2596.000000 0.068623 
2597.000000 0.068469 
2598.000000 0.068315 
2599.000000 0.068162 
2600.000000 0.068009 
2601.000000 0.067856 
2602.000000 0.067703 
2603.000000 0.067550 
2604.000000 0.067398 
2605.000000 0.067246 
2606.000000 0.067094 
2607.000000 0.066943 
2608.000000 0.066792 
2609.000000 0.066641 
2610.000000 0.066490 
2611.000000 0.066340 
2612.000000 0.066189 
2613.000000 0.066039 
2614.000000 0.065890 
2615.000000 0.065740 
2616.000000 0.065591 
2617.000000 0.065442 
2618.000000 0.065293 
2619.000000 0.065145 
2620.000000 0.064997 
2621.000000 0.064849 
2622.000000 0.064701 
2623.000000 0.064553 
2624.000000 0.064406 
2625.000000 0.064259 
2626.000000 0.064113 
2627.000000 0.063966 
2628.000000 0.063820 
2629.000000 0.063674 
2630.000000 0.063528 
2631.000000 0.063383 
2632.000000 0.063237 
2633.000000 0.063092 
2634.000000 0.062948 
2635.000000 0.062803 
2636.000000 0.062659 
2637.000000 0.062515 
2638.000000 0.062371 
2639.000000 0.062228 
2640.000000 0.062084 
2641.000000 0.061941 
2642.000000 0.061799 
2643.000000 0.061656 
2644.000000 0.061514 
2645.000000 0.061372 
2646.000000 0.061230 
2647.000000 0.061088 
2648.000000 0.060947 
2649.000000 0.060806 
2650.000000 0.060665 
2651.000000 0.060525 
2652.000000 0.060384 
2653.000000 0.060244 
2654.000000 0.060104 
2655.000000 0.059965 
2656.000000 0.059825 
2657.000000 0.059686 
2658.000000 0.059547 
2659.000000 0.059409 
2660.000000 0.059270 
2661.000000 0.059132 
2662.000000 0.058994 
2663.000000 0.058856 
2664.000000 0.058719 
2665.000000 0.058582 
2666.000000 0.058445 
2667.000000 0.058308 
2668.000000 0.058171 
2669.000000 0.058035 
2670.000000 0.057899 
2671.000000 0.057763 
2672.000000 0.057628 
2673.000000 0.057492 
2674.000000 0.057357 
2675.000000 0.057223 
2676.000000 0.057088 
2677.000000 0.056954 
2678.000000 0.056819 
2679.000000 0.056686 
2680.000000 0.056552 
2681.000000 0.056418 
2682.000000 0.056285 
2683.000000 0.056152 
2684.000000 0.056020 
2685.000000 0.055887 
2686.000000 0.055755 
2687.000000 0.055623 
2688.000000 0.055491 
2689.000000 0.055359 
2690.000000 0.055228 
2691.000000 0.055097 
2692.000000 0.054966 
2693.000000 0.054836 
2694.000000 0.054705 
2695.000000 0.054575 
2696.000000 0.054445 
2697.000000 0.054315 
2698.000000 0.054186 
2699.000000 0.054057 
2700.000000 0.053928 
2701.000000 0.053799 
2702.000000 0.053670 
2703.000000 0.053542 
2704.000000 0.053414 
2705.000000 0.053286 
2706.000000 0.053158 
2707.000000 0.053031 
2708.000000 0.052904 
2709.000000 0.052777 
2710.000000 0.052650 
2711.000000 0.052524 
2712.000000 0.052398 
2713.000000 0.052271 
2714.000000 0.052146 
2715.000000 0.052020 
2716.000000 0.051895 
2717.000000 0.051770 
2718.000000 0.051645 
2719.000000 0.051520 
2720.000000 0.051396 
2721.000000 0.051271 
2722.000000 0.051147 
2723.000000 0.051024 
2724.000000 0.050900 
2725.000000 0.050777 
2726.000000 0.050654 
2727.000000 0.050531 
2728.000000 0.050408 
2729.000000 0.050286 
2730.000000 0.050164 
2731.000000 0.050042 
2732.000000 0.049920 
2733.000000 0.049798 
2734.000000 0.049677 
2735.000000 0.049556 
2736.000000 0.049435 
2737.000000 0.049314 
2738.000000 0.049194 
2739.000000 0.049074 
2740.000000 0.048954 
2741.000000 0.048834 
2742.000000 0.048715 
2743.000000 0.048595 
2744.000000 0.048476 
2745.000000 0.048357 
2746.000000 0.048239 
2747.000000 0.048120 
2748.000000 0.048002 
2749.000000 0.047884 
2750.000000 0.047766 
2751.000000 0.047649 
2752.000000 0.047531 
2753.000000 0.047414 
2754.000000 0.047297 
2755.000000 0.047181 
2756.000000 0.047064 
2757.000000 0.046948 
2758.000000 0.046832 
2759.000000 0.046716 
2760.000000 0.046601 
2761.000000 0.046485 
2762.000000 0.046370 
2763.000000 0.046255 
2764.000000 0.046140 
2765.000000 0.046026 
2766.000000 0.045911 
2767.000000 0.045797 
2768.000000 0.045683 
2769.000000 0.045570 
2770.000000 0.045456 
2771.000000 0.045343 
2772.000000 0.045230 
2773.000000 0.045117 
2774.000000 0.045005 
2775.000000 0.044892 
2776.000000 0.044780 
2777.000000 0.044668 
2778.000000 0.044556 
2779.000000 0.044445 
2780.000000 0.044333 
2781.000000 0.044222 
2782.000000 0.044111 
2783.000000 0.044001 
2784.000000 0.043890 
2785.000000 0.043780 
2786.000000 0.043670 
2787.000000 0.043560 
2788.000000 0.043450 
2789.000000 0.043341 
2790.000000 0.043232 
2791.000000 0.043123 
2792.000000 0.043014 
2793.000000 0.042905 
2794.000000 0.042797 
2795.000000 0.042689 
2796.000000 0.042581 
2797.000000 0.042473 
2798.000000 0.042365 
2799.000000 0.042258 
2800.000000 0.042151 
2801.000000 0.042044 
2802.000000 0.041937 
2803.000000 0.041831 
2804.000000 0.041724 
2805.000000 0.041618 
2806.000000 0.041512 
2807.000000 0.041407 
2808.000000 0.041301 
2809.000000 0.041196 
2810.000000 0.041091 
2811.000000 0.040986 
2812.000000 0.040881 
2813.000000 0.040776 
2814.000000 0.040672 
2815.000000 0.040568 
2816.000000 0.040464 
2817.000000 0.040361 
2818.000000 0.040257 
2819.000000 0.040154 
2820.000000 0.040051 
2821.000000 0.039948 
2822.000000 0.039845 
2823.000000 0.039743 
2824.000000 0.039640 
2825.000000 0.039538 
2826.000000 0.039436 
2827.000000 0.039335 
2828.000000 0.039233 
2829.000000 0.039132 
2830.000000 0.039031 
2831.000000 0.038930 
2832.000000 0.038829 
2833.000000 0.038729 
2834.000000 0.038628 
2835.000000 0.038528 
2836.000000 0.038428 
2837.000000 0.038329 
2838.000000 0.038229 
2839.000000 0.038130 
2840.000000 0.038031 
2841.000000 0.037932 
2842.000000 0.037833 
2843.000000 0.037735 
2844.000000 0.037636 
2845.000000 0.037538 
2846.000000 0.037440 
2847.000000 0.037342 
2848.000000 0.037245 
2849.000000 0.037148 
2850.000000 0.037050 
2851.000000 0.036953 
2852.000000 0.036857 
2853.000000 0.036760 
2854.000000 0.036664 
2855.000000 0.036567 
2856.000000 0.036471 
2857.000000 0.036376 
2858.000000 0.036280 
2859.000000 0.036185 
2860.000000 0.036089 
2861.000000 0.035994 
2862.000000 0.035899 
2863.000000 0.035805 
2864.000000 0.035710 
2865.000000 0.035616 
2866.000000 0.035522 
2867.000000 0.035428 
2868.000000 0.035334 
2869.000000 0.035241 
2870.000000 0.035147 
2871.000000 0.035054 
2872.000000 0.034961 
2873.000000 0.034868 
2874.000000 0.034776 
2875.000000 0.034683 
2876.000000 0.034591 
2877.000000 0.034499 
2878.000000 0.034407 
2879.000000 0.034316 
2880.000000 0.034224 
2881.000000 0.034133 
2882.000000 0.034042 
2883.000000 0.033951 
2884.000000 0.033860 
2885.000000 0.033770 
2886.000000 0.033679 
2887.000000 0.033589 
2888.000000 0.033499 
2889.000000 0.033409 
2890.000000 0.033320 
2891.000000 0.033230 
2892.000000 0.033141 
2893.000000 0.033052 
2894.000000 0.032963 
2895.000000 0.032874 
2896.000000 0.032786 
2897.000000 0.032697 
2898.000000 0.032609 
2899.000000 0.032521 
2900.000000 0.032433 
2901.000000 0.032346 
2902.000000 0.032258 
2903.000000 0.032171 
2904.000000 0.032084 
2905.000000 0.031997 
2906.000000 0.031911 
2907.000000 0.031824 
2908.000000 0.031738 
2909.000000 0.031651 
2910.000000 0.031565 
2911.000000 0.031480 
2912.000000 0.031394 
2913.000000 0.031309 
2914.000000 0.031223 
2915.000000 0.031138 
2916.000000 0.031053 
2917.000000 0.030969 
2918.000000 0.030884 
2919.000000 0.030800 
2920.000000 0.030715 
2921.000000 0.030631 
2922.000000 0.030547 
2923.000000 0.030464 
2924.000000 0.030380 
2925.000000 0.030297 
2926.000000 0.030214 
2927.000000 0.030131 
2928.000000 0.030048 
2929.000000 0.029965 
2930.000000 0.029883 
2931.000000 0.029801 
2932.000000 0.029718 
2933.000000 0.029637 
2934.000000 0.029555 
2935.000000 0.029473 
2936.000000 0.029392 
2937.000000 0.029310 
2938.000000 0.029229 
2939.000000 0.029149 
2940.000000 0.029068 
2941.000000 0.028987 
2942.000000 0.028907 
2943.000000 0.028827 
2944.000000 0.028747 
2945.000000 0.028667 
2946.000000 0.028587 
2947.000000 0.028507 
2948.000000 0.028428 
2949.000000 0.028349 
2950.000000 0.028270 
2951.000000 0.028191 
2952.000000 0.028112 
2953.000000 0.028034 
2954.000000 0.027956 
2955.000000 0.027877 
2956.000000 0.027799 
2957.000000 0.027721 
2958.000000 0.027644 
2959.000000 0.027566 
2960.000000 0.027489 
2961.000000 0.027412 
2962.000000 0.027335 
2963.000000 0.027258 
2964.000000 0.027181 
2965.000000 0.027105 
2966.000000 0.027028 
2967.000000 0.026952 
2968.000000 0.026876 
2969.000000 0.026800 
2970.000000 0.026725 
2971.000000 0.026649 
2972.000000 0.026574 
2973.000000 0.026499 
2974.000000 0.026424 
2975.000000 0.026349 
2976.000000 0.026274 
2977.000000 0.026200 
2978.000000 0.026125 
2979.000000 0.026051 
2980.000000 0.025977 
2981.000000 0.025903 
2982.000000 0.025829 
2983.000000 0.025756 
2984.000000 0.025682 
2985.000000 0.025609 
2986.000000 0.025536 
2987.000000 0.025463 
2988.000000 0.025390 
2989.000000 0.025318 
2990.000000 0.025245 
2991.000000 0.025173 
2992.000000 0.025101 
2993.000000 0.025029 
2994.000000 0.024957 
2995.000000 0.024886 
2996.000000 0.024814 
2997.000000 0.024743 
2998.000000 0.024672 
2999.000000 0.024601 
3000.000000 0.024530 
3001.000000 0.024459 
3002.000000 0.024389 
3003.000000 0.024318 
3004.000000 0.024248 
3005.000000 0.024178 
3006.000000 0.024108 
3007.000000 0.024038 
3008.000000 0.023969 
3009.000000 0.023899 
3010.000000 0.023830 
3011.000000 0.023761 
3012.000000 0.023692 
3013.000000 0.023623 
3014.000000 0.023554 
3015.000000 0.023486 
3016.000000 0.023418 
3017.000000 0.023349 
3018.000000 0.023281 
3019.000000 0.023213 
3020.000000 0.023146 
3021.000000 0.023078 
3022.000000 0.023011 
3023.000000 0.022943 
3024.000000 0.022876 
3025.000000 0.022809 
3026.000000 0.022742 
3027.000000 0.022676 
3028.000000 0.022609 
3029.000000 0.022543 
3030.000000 0.022477 
3031.000000 0.022411 
3032.000000 0.022345 
3033.000000 0.022279 
3034.000000 0.022213 
3035.000000 0.022148 
3036.000000 0.022082 
3037.000000 0.022017 
3038.000000 0.021952 
3039.000000 0.021887 
3040.000000 0.021823 
3041.000000 0.021758 
3042.000000 0.021694 
3043.000000 0.021629 
3044.000000 0.021565 
3045.000000 0.021501 
3046.000000 0.021437 
3047.000000 0.021374 
3048.000000 0.021310 
3049.000000 0.021247 
3050.000000 0.021183 
3051.000000 0.021120 
3052.000000 0.021057 
3053.000000 0.020994 
3054.000000 0.020932 
3055.000000 0.020869 
3056.000000 0.020807 
3057.000000 0.020744 
3058.000000 0.020682 
3059.000000 0.020620 
3060.000000 0.020559 
3061.000000 0.020497 
3062.000000 0.020435 
3063.000000 0.020374 
3064.000000 0.020313 
3065.000000 0.020252 
3066.000000 0.020191 
3067.000000 0.020130 
3068.000000 0.020069 
3069.000000 0.020008 
3070.000000 0.019948 
3071.000000 0.019888 
3072.000000 0.019828 
3073.000000 0.019768 
3074.000000 0.019708 
3075.000000 0.019648 
3076.000000 0.019589 
3077.000000 0.019529 
3078.000000 0.019470 
3079.000000 0.019411 
3080.000000 0.019352 
3081.000000 0.019293 
3082.000000 0.019234 
3083.000000 0.019175 
3084.000000 0.019117 
3085.000000 0.019059 
3086.000000 0.019000 
3087.000000 0.018942 
3088.000000 0.018885 
3089.000000 0.018827 
3090.000000 0.018769 
3091.000000 0.018712 
3092.000000 0.018654 
3093.000000 0.018597 
3094.000000 0.018540 
3095.000000 0.018483 
3096.000000 0.018426 
3097.000000 0.018369 
3098.000000 0.018313 
3099.000000 0.018256 
3100.000000 0.018200 
3101.000000 0.018144 
3102.000000 0.018088 
3103.000000 0.018032 
3104.000000 0.017976 
3105.000000 0.017921 
3106.000000 0.017865 
3107.000000 0.017810 
3108.000000 0.017755 
3109.000000 0.017699 
3110.000000 0.017645 
3111.000000 0.017590 
3112.000000 0.017535 
3113.000000 0.017480 
3114.000000 0.017426 
3115.000000 0.017372 
3116.000000 0.017318 
3117.000000 0.017263 
3118.000000 0.017210 
3119.000000 0.017156 
3120.000000 0.017102 
3121.000000 0.017049 
3122.000000 0.016995 
3123.000000 0.016942 
3124.000000 0.016889 
3125.000000 0.016836 
3126.000000 0.016783 
3127.000000 0.016730 
3128.000000 0.016678 
3129.000000 0.016625 
3130.000000 0.016573 
3131.000000 0.016520 
3132.000000 0.016468 
3133.000000 0.016416 
3134.000000 0.016364 
3135.000000 0.016313 
3136.000000 0.016261 
3137.000000 0.016210 
3138.000000 0.016158 
3139.000000 0.016107 
3140.000000 0.016056 
3141.000000 0.016005 
3142.000000 0.015954 
3143.000000 0.015903 
3144.000000 0.015853 
3145.000000 0.015802 
3146.000000 0.015752 
3147.000000 0.015702 
3148.000000 0.015652 
3149.000000 0.015602 
3150.000000 0.015552 
3151.000000 0.015502 
3152.000000 0.015452 
3153.000000 0.015403 
3154.000000 0.015353 
3155.000000 0.015304 
3156.000000 0.015255 
3157.000000 0.015206 
3158.000000 0.015157 
3159.000000 0.015108 
3160.000000 0.015060 
3161.000000 0.015011 
3162.000000 0.014963 
3163.000000 0.014915 
3164.000000 0.014866 
3165.000000 0.014818 
3166.000000 0.014770 
3167.000000 0.014723 
3168.000000 0.014675 
3169.000000 0.014627 
3170.000000 0.014580 
3171.000000 0.014533 
3172.000000 0.014485 
3173.000000 0.014438 
3174.000000 0.014391 
3175.000000 0.014345 
3176.000000 0.014298 
3177.000000 0.014251 
3178.000000 0.014205 
3179.000000 0.014158 
3180.000000 0.014112 
3181.000000 0.014066 
3182.000000 0.014020 
3183.000000 0.013974 
3184.000000 0.013928 
3185.000000 0.013883 
3186.000000 0.013837 
3187.000000 0.013792 
3188.000000 0.013746 
3189.000000 0.013701 
3190.000000 0.013656 
3191.000000 0.013611 
3192.000000 0.013566 
3193.000000 0.013521 
3194.000000 0.013477 
3195.000000 0.013432 
3196.000000 0.013388 
3197.000000 0.013343 
3198.000000 0.013299 
3199.000000 0.013255 
3200.000000 0.013211 
3201.000000 0.013167 
3202.000000 0.013124 
3203.000000 0.013080 
3204.000000 0.013037 
3205.000000 0.012993 
3206.000000 0.012950 
3207.000000 0.012907 
3208.000000 0.012864 
3209.000000 0.012821 
3210.000000 0.012778 
3211.000000 0.012735 
3212.000000 0.012692 
3213.000000 0.012650 
3214.000000 0.012608 
3215.000000 0.012565 
3216.000000 0.012523 
3217.000000 0.012481 
3218.000000 0.012439 
3219.000000 0.012397 
3220.000000 0.012356 
3221.000000 0.012314 
3222.000000 0.012272 
3223.000000 0.012231 
3224.000000 0.012190 
3225.000000 0.012148 
3226.000000 0.012107 
3227.000000 0.012066 
3228.000000 0.012025 
3229.000000 0.011985 
3230.000000 0.011944 
3231.000000 0.011903 
3232.000000 0.011863 
3233.000000 0.011823 
3234.000000 0.011782 
3235.000000 0.011742 
3236.000000 0.011702 
3237.000000 0.011662 
3238.000000 0.011623 
3239.000000 0.011583 
3240.000000 0.011543 
3241.000000 0.011504 
3242.000000 0.011464 
3243.000000 0.011425 
3244.000000 0.011386 
3245.000000 0.011347 
3246.000000 0.011308 
3247.000000 0.011269 
3248.000000 0.011230 
3249.000000 0.011192 
3250.000000 0.011153 
3251.000000 0.011114 
3252.000000 0.011076 
3253.000000 0.011038 
3254.000000 0.011000 
3255.000000 0.010962 
3256.000000 0.010924 
3257.000000 0.010886 
3258.000000 0.010848 
3259.000000 0.010810 
3260.000000 0.010773 
3261.000000 0.010735 
3262.000000 0.010698 
3263.000000 0.010661 
3264.000000 0.010624 
3265.000000 0.010587 
3266.000000 0.010550 
3267.000000 0.010513 
3268.000000 0.010476 
3269.000000 0.010439 
3270.000000 0.010403 
3271.000000 0.010366 
3272.000000 0.010330 
3273.000000 0.010294 
3274.000000 0.010258 
3275.000000 0.010222 
3276.000000 0.010186 
3277.000000 0.010150 
3278.000000 0.010114 
3279.000000 0.010078 
3280.000000 0.010043 
3281.000000 0.010007 
3282.000000 0.009972 
3283.000000 0.009937 
3284.000000 0.009901 
3285.000000 0.009866 
3286.000000 0.009831 
3287.000000 0.009796 
3288.000000 0.009762 
3289.000000 0.009727 
3290.000000 0.009692 
3291.000000 0.009658 
3292.000000 0.009623 
3293.000000 0.009589 
3294.000000 0.009555 
3295.000000 0.009521 
3296.000000 0.009486 
3297.000000 0.009452 
3298.000000 0.009419 
3299.000000 0.009385 
3300.000000 0.009351 
3301.000000 0.009318 
3302.000000 0.009284 
3303.000000 0.009251 
3304.000000 0.009217 
3305.000000 0.009184 
3306.000000 0.009151 
3307.000000 0.009118 
3308.000000 0.009085 
3309.000000 0.009052 
3310.000000 0.009019 
3311.000000 0.008987 
3312.000000 0.008954 
3313.000000 0.008922 
3314.000000 0.008889 
3315.000000 0.008857 
3316.000000 0.008825 
3317.000000 0.008793 
3318.000000 0.008761 
3319.000000 0.008729 
3320.000000 0.008697 
3321.000000 0.008665 
3322.000000 0.008633 
3323.000000 0.008602 
3324.000000 0.008570 
3325.000000 0.008539 
3326.000000 0.008507 
3327.000000 0.008476 
3328.000000 0.008445 
3329.000000 0.008414 
3330.000000 0.008383 
3331.000000 0.008352 
3332.000000 0.008321 
3333.000000 0.008291 
3334.000000 0.008260 
3335.000000 0.008229 
3336.000000 0.008199 
3337.000000 0.008169 
3338.000000 0.008138 
3339.000000 0.008108 
3340.000000 0.008078 
3341.000000 0.008048 
3342.000000 0.008018 
3343.000000 0.007988 
3344.000000 0.007958 
3345.000000 0.007929 
3346.000000 0.007899 
3347.000000 0.007870 
3348.000000 0.007840 
3349.000000 0.007811 
3350.000000 0.007782 
3351.000000 0.007752 
3352.000000 0.007723 
3353.000000 0.007694 
3354.000000 0.007665 
3355.000000 0.007637 
3356.000000 0.007608 
3357.000000 0.007579 
3358.000000 0.007551 
3359.000000 0.007522 
3360.000000 0.007494 
3361.000000 0.007465 
3362.000000 0.007437 
3363.000000 0.007409 
3364.000000 0.007381 
3365.000000 0.007353 
3366.000000 0.007325 
3367.000000 0.007297 
3368.000000 0.007269 
3369.000000 0.007241 
3370.000000 0.007214 
3371.000000 0.007186 
3372.000000 0.007159 
3373.000000 0.007131 
3374.000000 0.007104 
3375.000000 0.007077 
3376.000000 0.007050 
3377.000000 0.007023 
3378.000000 0.006996 
3379.000000 0.006969 
3380.000000 0.006942 
3381.000000 0.006915 
3382.000000 0.006889 
3383.000000 0.006862 
3384.000000 0.006836 
3385.000000 0.006809 
3386.000000 0.006783 
3387.000000 0.006757 
3388.000000 0.006730 
3389.000000 0.006704 
3390.000000 0.006678 
3391.000000 0.006652 
3392.000000 0.006626 
3393.000000 0.006601 
3394.000000 0.006575 
3395.000000 0.006549 
3396.000000 0.006524 
3397.000000 0.006498 
3398.000000 0.006473 
3399.000000 0.006447 
3400.000000 0.006422 
3401.000000 0.006397 
3402.000000 0.006372 
3403.000000 0.006347 
3404.000000 0.006322 
3405.000000 0.006297 
3406.000000 0.006272 
3407.000000 0.006247 
3408.000000 0.006223 
3409.000000 0.006198 
3410.000000 0.006174 
3411.000000 0.006149 
3412.000000 0.006125 
3413.000000 0.006101 
3414.000000 0.006076 
3415.000000 0.006052 
3416.000000 0.006028 
3417.000000 0.006004 
3418.000000 0.005980 
3419.000000 0.005956 
3420.000000 0.005933 
3421.000000 0.005909 
3422.000000 0.005885 
3423.000000 0.005862 
3424.000000 0.005838 
3425.000000 0.005815 
3426.000000 0.005792 
3427.000000 0.005768 
3428.000000 0.005745 
3429.000000 0.005722 
3430.000000 0.005699 
3431.000000 0.005676 
3432.000000 0.005653 
3433.000000 0.005630 
3434.000000 0.005607 
3435.000000 0.005585 
3436.000000 0.005562 
3437.000000 0.005540 
3438.000000 0.005517 
3439.000000 0.005495 
3440.000000 0.005472 
3441.000000 0.005450 
3442.000000 0.005428 
3443.000000 0.005406 
3444.000000 0.005384 
3445.000000 0.005362 
3446.000000 0.005340 
3447.000000 0.005318 
3448.000000 0.005296 
3449.000000 0.005274 
3450.000000 0.005253 
3451.000000 0.005231 
3452.000000 0.005210 
3453.000000 0.005188 
3454.000000 0.005167 
3455.000000 0.005145 
3456.000000 0.005124 
3457.000000 0.005103 
3458.000000 0.005082 
3459.000000 0.005061 
3460.000000 0.005040 
3461.000000 0.005019 
3462.000000 0.004998 
3463.000000 0.004977 
3464.000000 0.004957 
3465.000000 0.004936 
3466.000000 0.004915 
3467.000000 0.004895 
3468.000000 0.004874 
3469.000000 0.004854 
3470.000000 0.004834 
3471.000000 0.004813 
3472.000000 0.004793 
3473.000000 0.004773 
3474.000000 0.004753 
3475.000000 0.004733 
3476.000000 0.004713 
3477.000000 0.004693 
3478.000000 0.004673 
3479.000000 0.004654 
3480.000000 0.004634 
3481.000000 0.004614 
3482.000000 0.004595 
3483.000000 0.004575 
3484.000000 0.004556 
3485.000000 0.004537 
3486.000000 0.004517 
3487.000000 0.004498 
3488.000000 0.004479 
3489.000000 0.004460 
3490.000000 0.004441 
3491.000000 0.004422 
3492.000000 0.004403 
3493.000000 0.004384 
3494.000000 0.004365 
3495.000000 0.004346 
3496.000000 0.004328 
3497.000000 0.004309 
3498.000000 0.004291 
3499.000000 0.004272 
3500.000000 0.004254 
3501.000000 0.004235 
3502.000000 0.004217 
3503.000000 0.004199 
3504.000000 0.004181 
3505.000000 0.004162 
3506.000000 0.004144 
3507.000000 0.004126 
3508.000000 0.004108 
3509.000000 0.004090 
3510.000000 0.004073 
3511.000000 0.004055 
3512.000000 0.004037 
3513.000000 0.004020 
3514.000000 0.004002 
3515.000000 0.003984 
3516.000000 0.003967 
3517.000000 0.003949 
3518.000000 0.003932 
3519.000000 0.003915 
3520.000000 0.003898 
3521.000000 0.003880 
3522.000000 0.003863 
3523.000000 0.003846 
3524.000000 0.003829 
3525.000000 0.003812 
3526.000000 0.003795 
3527.000000 0.003779 
3528.000000 0.003762 
3529.000000 0.003745 
3530.000000 0.003728 
3531.000000 0.003712 
3532.000000 0.003695 
3533.000000 0.003679 
3534.000000 0.003662 
3535.000000 0.003646 
3536.000000 0.003629 
3537.000000 0.003613 
3538.000000 0.003597 
3539.000000 0.003581 
3540.000000 0.003565 
3541.000000 0.003549 
3542.000000 0.003533 
3543.000000 0.003517 
3544.000000 0.003501 
3545.000000 0.003485 
3546.000000 0.003469 
3547.000000 0.003453 
3548.000000 0.003438 
3549.000000 0.003422 
3550.000000 0.003407 
3551.000000 0.003391 
3552.000000 0.003376 
3553.000000 0.003360 
3554.000000 0.003345 
3555.000000 0.003330 
3556.000000 0.003314 
3557.000000 0.003299 
3558.000000 0.003284 
3559.000000 0.003269 
3560.000000 0.003254 
3561.000000 0.003239 
3562.000000 0.003224 
3563.000000 0.003209 
3564.000000 0.003194 
3565.000000 0.003180 
3566.000000 0.003165 
3567.000000 0.003150 
3568.000000 0.003136 
3569.000000 0.003121 
3570.000000 0.003107 
3571.000000 0.003092 
3572.000000 0.003078 
3573.000000 0.003063 
3574.000000 0.003049 
3575.000000 0.003035 
3576.000000 0.003021 
3577.000000 0.003006 
3578.000000 0.002992 
3579.000000 0.002978 
3580.000000 0.002964 
3581.000000 0.002950 
3582.000000 0.002936 
3583.000000 0.002923 
3584.000000 0.002909 
3585.000000 0.002895 
3586.000000 0.002881 
3587.000000 0.002868 
3588.000000 0.002854 
3589.000000 0.002840 
3590.000000 0.002827 
3591.000000 0.002813 
3592.000000 0.002800 
3593.000000 0.002787 
3594.000000 0.002773 
3595.000000 0.002760 
3596.000000 0.002747 
3597.000000 0.002734 
3598.000000 0.002721 
3599.000000 0.002708 
3600.000000 0.002695 
3601.000000 0.002682 
3602.000000 0.002669 
3603.000000 0.002656 
3604.000000 0.002643 
3605.000000 0.002630 
3606.000000 0.002617 
3607.000000 0.002605 
3608.000000 0.002592 
3609.000000 0.002580 
3610.000000 0.002567 
3611.000000 0.002554 
3612.000000 0.002542 
3613.000000 0.002530 
3614.000000 0.002517 
3615.000000 0.002505 
3616.000000 0.002493 
3617.000000 0.002480 
3618.000000 0.002468 
3619.000000 0.002456 
3620.000000 0.002444 
3621.000000 0.002432 
3622.000000 0.002420 
3623.000000 0.002408 
3624.000000 0.002396 
3625.000000 0.002384 
3626.000000 0.002372 
3627.000000 0.002361 
3628.000000 0.002349 
3629.000000 0.002337 
3630.000000 0.002326 
3631.000000 0.002314 
3632.000000 0.002302 
3633.000000 0.002291 
3634.000000 0.002279 
3635.000000 0.002268 
3636.000000 0.002257 
3637.000000 0.002245 
3638.000000 0.002234 
3639.000000 0.002223 
3640.000000 0.002212 
3641.000000 0.002200 
3642.000000 0.002189 
3643.000000 0.002178 
3644.000000 0.002167 
3645.000000 0.002156 
3646.000000 0.002145 
3647.000000 0.002134 
3648.000000 0.002124 
3649.000000 0.002113 
3650.000000 0.002102 
3651.000000 0.002091 
3652.000000 0.002080 
3653.000000 0.002070 
3654.000000 0.002059 
3655.000000 0.002049 
3656.000000 0.002038 
3657.000000 0.002028 
3658.000000 0.002017 
3659.000000 0.002007 
3660.000000 0.001996 
3661.000000 0.001986 
3662.000000 0.001976 
3663.000000 0.001966 
3664.000000 0.001955 
3665.000000 0.001945 
3666.000000 0.001935 
3667.000000 0.001925 
3668.000000 0.001915 
3669.000000 0.001905 
3670.000000 0.001895 
3671.000000 0.001885 
3672.000000 0.001875 
3673.000000 0.001865 
3674.000000 0.001856 
3675.000000 0.001846 
3676.000000 0.001836 
3677.000000 0.001826 
3678.000000 0.001817 
3679.000000 0.001807 
3680.000000 0.001798 
3681.000000 0.001788 
3682.000000 0.001779 
3683.000000 0.001769 
3684.000000 0.001760 
3685.000000 0.001750 
3686.000000 0.001741 
3687.000000 0.001732 
3688.000000 0.001722 
3689.000000 0.001713 
3690.000000 0.001704 
3691.000000 0.001695 
3692.000000 0.001686 
3693.000000 0.001677 
3694.000000 0.001668 
3695.000000 0.001659 
3696.000000 0.001650 
3697.000000 0.001641 
3698.000000 0.001632 
3699.000000 0.001623 
3700.000000 0.001614 
3701.000000 0.001605 
3702.000000 0.001597 
3703.000000 0.001588 
3704.000000 0.001579 
3705.000000 0.001570 
3706.000000 0.001562 
3707.000000 0.001553 
3708.000000 0.001545 
3709.000000 0.001536 
3710.000000 0.001528 
3711.000000 0.001519 
3712.000000 0.001511 
3713.000000 0.001503 
3714.000000 0.001494 
3715.000000 0.001486 
3716.000000 0.001478 
3717.000000 0.001470 
3718.000000 0.001461 
3719.000000 0.001453 
3720.000000 0.001445 
3721.000000 0.001437 
3722.000000 0.001429 
3723.000000 0.001421 
3724.000000 0.001413 
3725.000000 0.001405 
3726.000000 0.001397 
3727.000000 0.001389 
3728.000000 0.001381 
3729.000000 0.001374 
3730.000000 0.001366 
3731.000000 0.001358 
3732.000000 0.001350 
3733.000000 0.001343 
3734.000000 0.001335 
3735.000000 0.001328 
3736.000000 0.001320 
3737.000000 0.001312 
3738.000000 0.001305 
3739.000000 0.001297 
3740.000000 0.001290 
3741.000000 0.001283 
3742.000000 0.001275 
3743.000000 0.001268 
3744.000000 0.001260 
3745.000000 0.001253 
3746.000000 0.001246 
3747.000000 0.001239 
3748.000000 0.001232 
3749.000000 0.001224 
3750.000000 0.001217 
3751.000000 0.001210 
3752.000000 0.001203 
3753.000000 0.001196 
3754.000000 0.001189 
3755.000000 0.001182 
3756.000000 0.001175 
3757.000000 0.001168 
3758.000000 0.001161 
3759.000000 0.001155 
3760.000000 0.001148 
3761.000000 0.001141 
3762.000000 0.001134 
3763.000000 0.001127 
3764.000000 0.001121 
3765.000000 0.001114 
3766.000000 0.001107 
3767.000000 0.001101 
3768.000000 0.001094 
3769.000000 0.001088 
3770.000000 0.001081 
3771.000000 0.001075 
3772.000000 0.001068 
3773.000000 0.001062 
3774.000000 0.001055 
3775.000000 0.001049 
3776.000000 0.001043 
3777.000000 0.001036 
3778.000000 0.001030 
3779.000000 0.001024 
3780.000000 0.001018 
3781.000000 0.001011 
3782.000000 0.001005 
3783.000000 0.000999 
3784.000000 0.000993 
3785.000000 0.000987 
3786.000000 0.000981 
3787.000000 0.000975 
3788.000000 0.000969 
3789.000000 0.000963 
3790.000000 0.000957 
3791.000000 0.000951 
3792.000000 0.000945 
3793.000000 0.000939 
3794.000000 0.000934 
3795.000000 0.000928 
3796.000000 0.000922 
3797.000000 0.000916 
3798.000000 0.000911 
3799.000000 0.000905 
3800.000000 0.000899 
3801.000000 0.000894 
3802.000000 0.000888 
3803.000000 0.000882 
3804.000000 0.000877 
3805.000000 0.000871 
3806.000000 0.000866 
3807.000000 0.000860 
3808.000000 0.000855 
3809.000000 0.000849 
3810.000000 0.000844 
3811.000000 0.000839 
3812.000000 0.000833 
3813.000000 0.000828 
3814.000000 0.000823 
3815.000000 0.000817 
3816.000000 0.000812 
3817.000000 0.000807 
3818.000000 0.000802 
3819.000000 0.000797 
3820.000000 0.000792 
3821.000000 0.000786 
3822.000000 0.000781 
3823.000000 0.000776 
3824.000000 0.000771 
3825.000000 0.000766 
3826.000000 0.000761 
3827.000000 0.000756 
3828.000000 0.000751 
3829.000000 0.000746 
3830.000000 0.000742 
3831.000000 0.000737 
3832.000000 0.000732 
3833.000000 0.000727 
3834.000000 0.000722 
3835.000000 0.000718 
3836.000000 0.000713 
3837.000000 0.000708 
3838.000000 0.000703 
3839.000000 0.000699 
3840.000000 0.000694 
3841.000000 0.000690 
3842.000000 0.000685 
3843.000000 0.000680 
3844.000000 0.000676 
3845.000000 0.000671 
3846.000000 0.000667 
3847.000000 0.000662 
3848.000000 0.000658 
3849.000000 0.000654 
3850.000000 0.000649 
3851.000000 0.000645 
3852.000000 0.000640 
3853.000000 0.000636 
3854.000000 0.000632 
3855.000000 0.000627 
3856.000000 0.000623 
3857.000000 0.000619 
3858.000000 0.000615 
3859.000000 0.000611 
3860.000000 0.000606 
3861.000000 0.000602 
3862.000000 0.000598 
3863.000000 0.000594 
3864.000000 0.000590 
3865.000000 0.000586 
3866.000000 0.000582 
3867.000000 0.000578 
3868.000000 0.000574 
3869.000000 0.000570 
3870.000000 0.000566 
3871.000000 0.000562 
3872.000000 0.000558 
3873.000000 0.000554 
3874.000000 0.000550 
3875.000000 0.000547 
3876.000000 0.000543 
3877.000000 0.000539 
3878.000000 0.000535 
3879.000000 0.000531 
3880.000000 0.000528 
3881.000000 0.000524 
3882.000000 0.000520 
3883.000000 0.000517 
3884.000000 0.000513 
3885.000000 0.000509 
3886.000000 0.000506 
3887.000000 0.000502 
3888.000000 0.000499 
3889.000000 0.000495 
3890.000000 0.000491 
3891.000000 0.000488 
3892.000000 0.000485 
3893.000000 0.000481 
3894.000000 0.000478 
3895.000000 0.000474 
3896.000000 0.000471 
3897.000000 0.000467 
3898.000000 0.000464 
3899.000000 0.000461 
3900.000000 0.000457 
3901.000000 0.000454 
3902.000000 0.000451 
3903.000000 0.000448 
3904.000000 0.000444 
3905.000000 0.000441 
3906.000000 0.000438 
3907.000000 0.000435 
3908.000000 0.000432 
3909.000000 0.000428 
3910.000000 0.000425 
3911.000000 0.000422 
3912.000000 0.000419 
3913.000000 0.000416 
3914.000000 0.000413 
3915.000000 0.000410 
3916.000000 0.000407 
3917.000000 0.000404 
3918.000000 0.000401 
3919.000000 0.000398 
3920.000000 0.000395 
3921.000000 0.000392 
3922.000000 0.000389 
3923.000000 0.000386 
3924.000000 0.000383 
3925.000000 0.000381 
3926.000000 0.000378 
3927.000000 0.000375 
3928.000000 0.000372 
3929.000000 0.000369 
3930.000000 0.000367 
3931.000000 0.000364 
3932.000000 0.000361 
3933.000000 0.000359 
3934.000000 0.000356 
3935.000000 0.000353 
3936.000000 0.000351 
3937.000000 0.000348 
3938.000000 0.000345 
3939.000000 0.000343 
3940.000000 0.000340 
3941.000000 0.000338 
3942.000000 0.000335 
3943.000000 0.000333 
3944.000000 0.000330 
3945.000000 0.000328 
3946.000000 0.000325 
3947.000000 0.000323 
3948.000000 0.000320 
3949.000000 0.000318 
3950.000000 0.000315 
3951.000000 0.000313 
3952.000000 0.000311 
3953.000000 0.000308 
3954.000000 0.000306 
3955.000000 0.000304 
3956.000000 0.000301 
3957.000000 0.000299 
3958.000000 0.000297 
3959.000000 0.000295 
3960.000000 0.000292 
3961.000000 0.000290 
3962.000000 0.000288 
3963.000000 0.000286 
3964.000000 0.000284 
3965.000000 0.000282 
3966.000000 0.000279 
3967.000000 0.000277 
3968.000000 0.000275 
3969.000000 0.000273 
3970.000000 0.000271 
3971.000000 0.000269 
3972.000000 0.000267 
3973.000000 0.000265 
3974.000000 0.000263 
3975.000000 0.000261 
3976.000000 0.000259 
3977.000000 0.000257 
3978.000000 0.000255 
3979.000000 0.000253 
3980.000000 0.000251 
3981.000000 0.000249 
3982.000000 0.000248 
3983.000000 0.000246 
3984.000000 0.000244 
3985.000000 0.000242 
3986.000000 0.000240 
3987.000000 0.000239 
3988.000000 0.000237 
3989.000000 0.000235 
3990.000000 0.000233 
3991.000000 0.000232 
3992.000000 0.000230 
3993.000000 0.000228 
3994.000000 0.000227 
3995.000000 0.000225 
3996.000000 0.000223 
3997.000000 0.000222 
3998.000000 0.000220 
3999.000000 0.000218 
4000.000000 0.000217 
