0.000000 1.000000 
1.000000 0.999999 
2.000000 0.999997 
3.000000 0.999995 
4.000000 0.999991 
5.000000 0.999986 
6.000000 0.999981 
7.000000 0.999975 
8.000000 0.999967 
9.000000 0.999959 
10.000000 0.999950 
11.000000 0.999940 
12.000000 0.999929 
13.000000 0.999918 
14.000000 0.999905 
15.000000 0.999891 
16.000000 0.999877 
17.000000 0.999861 
18.000000 0.999845 
19.000000 0.999828 
20.000000 0.999810 
21.000000 0.999791 
22.000000 0.999771 
23.000000 0.999750 
24.000000 0.999728 
25.000000 0.999706 
26.000000 0.999682 
27.000000 0.999658 
28.000000 0.999632 
29.000000 0.999606 
30.000000 0.999579 
31.000000 0.999551 
32.000000 0.999522 
33.000000 0.999492 
34.000000 0.999462 
35.000000 0.999430 
36.000000 0.999398 
37.000000 0.999364 
38.000000 0.999330 
39.000000 0.999295 
40.000000 0.999259 
41.000000 0.999222 
42.000000 0.999184 
43.000000 0.999145 
44.000000 0.999105 
45.000000 0.999065 
46.000000 0.999024 
47.000000 0.998981 
48.000000 0.998938 
49.000000 0.998894 
50.000000 0.998849 
51.000000 0.998804 
52.000000 0.998757 
53.000000 0.998709 
54.000000 0.998661 
55.000000 0.998612 
56.000000 0.998561 
57.000000 0.998510 
58.000000 0.998458 
59.000000 0.998406 
60.000000 0.998352 
61.000000 0.998297 
62.000000 0.998242 
63.000000 0.998186 
64.000000 0.998129 
65.000000 0.998071 
66.000000 0.998012 
67.000000 0.997952 
68.000000 0.997891 
69.000000 0.997830 
70.000000 0.997768 
71.000000 0.997705 
72.000000 0.997640 
73.000000 0.997576 
74.000000 0.997510 
75.000000 0.997443 
76.000000 0.997376 
77.000000 0.997307 
78.000000 0.997238 
79.000000 0.997168 
80.000000 0.997098 
81.000000 0.997026 
82.000000 0.996953 
83.000000 0.996880 
84.000000 0.996806 
85.000000 0.996731 
86.000000 0.996655 
87.000000 0.996578 
88.000000 0.996500 
89.000000 0.996422 
90.000000 0.996343 
91.000000 0.996263 
92.000000 0.996182 
93.000000 0.996100 
94.000000 0.996017 
95.000000 0.995934 
96.000000 0.995850 
97.000000 0.995765 
98.000000 0.995679 
99.000000 0.995592 
100.000000 0.995505 
101.000000 0.995416 
102.000000 0.995327 
103.000000 0.995237 
104.000000 0.995146 
105.000000 0.995055 
106.000000 0.994962 
107.000000 0.994869 
108.000000 0.994775 
109.000000 0.994680 
110.000000 0.994584 
111.000000 0.994488 
112.000000 0.994391 
113.000000 0.994293 
114.000000 0.994194 
115.000000 0.994094 
116.000000 0.993993 
117.000000 0.993892 
118.000000 0.993790 
119.000000 0.993687 
120.000000 0.993583 
121.000000 0.993479 
122.000000 0.993373 
123.000000 0.993267 
124.000000 0.993160 
125.000000 0.993053 
126.000000 0.992944 
127.000000 0.992835 
128.000000 0.992725 
129.000000 0.992614 
130.000000 0.992503 
131.000000 0.992390 
132.000000 0.992277 
133.000000 0.992163 
134.000000 0.992048 
135.000000 0.991933 
136.000000 0.991816 
137.000000 0.991699 
138.000000 0.991581 
139.000000 0.991463 
140.000000 0.991343 
141.000000 0.991223 
142.000000 0.991102 
143.000000 0.990980 
144.000000 0.990858 
145.000000 0.990734 
146.000000 0.990610 
147.000000 0.990485 
148.000000 0.990360 
149.000000 0.990233 
150.000000 0.990106 
151.000000 0.989978 
152.000000 0.989850 
153.000000 0.989720 
154.000000 0.989590 
155.000000 0.989459 
156.000000 0.989327 
157.000000 0.989195 
158.000000 0.989061 
159.000000 0.988927 
160.000000 0.988792 
161.000000 0.988657 
162.000000 0.988521 
163.000000 0.988384 
164.000000 0.988246 
165.000000 0.988107 
166.000000 0.987968 
167.000000 0.987828 
168.000000 0.987687 
169.000000 0.987545 
170.000000 0.987403 
171.000000 0.987260 
172.000000 0.987116 
173.000000 0.986971 
174.000000 0.986826 
175.000000 0.986680 
176.000000 0.986533 
177.000000 0.986385 
178.000000 0.986237 
179.000000 0.986088 
180.000000 0.985938 
181.000000 0.985787 
182.000000 0.985636 
183.000000 0.985484 
184.000000 0.985331 
185.000000 0.985177 
186.000000 0.985023 
187.000000 0.984868 
188.000000 0.984712 
189.000000 0.984556 
190.000000 0.984398 
191.000000 0.984240 
192.000000 0.984081 
193.000000 0.983922 
194.000000 0.983762 
195.000000 0.983601 
196.000000 0.983439 
197.000000 0.983276 
198.000000 0.983113 
199.000000 0.982949 
200.000000 0.982785 
201.000000 0.982619 
202.000000 0.982453 
203.000000 0.982286 
204.000000 0.982118 
205.000000 0.981950 
206.000000 0.981781 
207.000000 0.981611 
208.000000 0.981440 
209.000000 0.981269 
210.000000 0.981097 
211.000000 0.980924 
212.000000 0.980751 
213.000000 0.980576 
214.000000 0.980401 
215.000000 0.980226 
216.000000 0.980049 
217.000000 0.979872 
218.000000 0.979694 
219.000000 0.979515 
220.000000 0.979336 
221.000000 0.979156 
222.000000 0.978975 
223.000000 0.978793 
224.000000 0.978611 
225.000000 0.978428 
226.000000 0.978244 
227.000000 0.978060 
228.000000 0.977875 
229.000000 0.977689 
230.000000 0.977502 
231.000000 0.977315 
232.000000 0.977126 
233.000000 0.976938 
234.000000 0.976748 
235.000000 0.976558 
236.000000 0.976367 
237.000000 0.976175 
238.000000 0.975982 
239.000000 0.975789 
240.000000 0.975595 
241.000000 0.975401 
242.000000 0.975205 
243.000000 0.975009 
244.000000 0.974812 
245.000000 0.974615 
246.000000 0.974416 
247.000000 0.974218 
248.000000 0.974018 
249.000000 0.973817 
250.000000 0.973616 
251.000000 0.973414 
252.000000 0.973212 
253.000000 0.973008 
254.000000 0.972804 
255.000000 0.972599 
256.000000 0.972394 
257.000000 0.972188 
258.000000 0.971981 
259.000000 0.971773 
260.000000 0.971565 
261.000000 0.971356 
262.000000 0.971146 
263.000000 0.970936 
264.000000 0.970724 
265.000000 0.970512 
266.000000 0.970300 
267.000000 0.970086 
268.000000 0.969872 
269.000000 0.969658 
270.000000 0.969442 
271.000000 0.969226 
272.000000 0.969009 
273.000000 0.968791 
274.000000 0.968573 
275.000000 0.968354 
276.000000 0.968134 
277.000000 0.967914 
278.000000 0.967693 
279.000000 0.967471 
280.000000 0.967248 
281.000000 0.967025 
282.000000 0.966801 
283.000000 0.966576 
284.000000 0.966351 
285.000000 0.966125 
286.000000 0.965898 
287.000000 0.965670 
288.000000 0.965442 
289.000000 0.965213 
290.000000 0.964983 
291.000000 0.964753 
292.000000 0.964522 
293.000000 0.964290 
294.000000 0.964058 
295.000000 0.963825 
296.000000 0.963591 
297.000000 0.963356 
298.000000 0.963121 
299.000000 0.962885 
300.000000 0.962649 
301.000000 0.962411 
302.000000 0.962173 
303.000000 0.961935 
304.000000 0.961695 
305.000000 0.961455 
306.000000 0.961214 
307.000000 0.960973 
308.000000 0.960731 
309.000000 0.960488 
310.000000 0.960244 
311.000000 0.960000 
312.000000 0.959755 
313.000000 0.959510 
314.000000 0.959263 
315.000000 0.959016 
316.000000 0.958769 
317.000000 0.958521 
318.000000 0.958272 
319.000000 0.958022 
320.000000 0.957772 
321.000000 0.957520 
322.000000 0.957269 
323.000000 0.957016 
324.000000 0.956763 
325.000000 0.956510 
326.000000 0.956255 
327.000000 0.956000 
328.000000 0.955744 
329.000000 0.955488 
330.000000 0.955231 
331.000000 0.954973 
332.000000 0.954714 
333.000000 0.954455 
334.000000 0.954195 
335.000000 0.953935 
336.000000 0.953674 
337.000000 0.953412 
338.000000 0.953150 
339.000000 0.952886 
340.000000 0.952623 
341.000000 0.952358 
342.000000 0.952093 
343.000000 0.951827 
344.000000 0.951561 
345.000000 0.951294 
346.000000 0.951026 
347.000000 0.950758 
348.000000 0.950488 
349.000000 0.950219 
350.000000 0.949948 
351.000000 0.949677 
352.000000 0.949406 
353.000000 0.949133 
354.000000 0.948860 
355.000000 0.948587 
356.000000 0.948312 
357.000000 0.948037 
358.000000 0.947762 
359.000000 0.947486 
360.000000 0.947209 
361.000000 0.946931 
362.000000 0.946653 
363.000000 0.946374 
364.000000 0.946095 
365.000000 0.945815 
366.000000 0.945534 
367.000000 0.945253 
368.000000 0.944971 
369.000000 0.944688 
370.000000 0.944405 
371.000000 0.944121 
372.000000 0.943836 
373.000000 0.943551 
374.000000 0.943265 
375.000000 0.942979 
376.000000 0.942692 
377.000000 0.942404 
378.000000 0.942116 
379.000000 0.941827 
380.000000 0.941537 
381.000000 0.941247 
382.000000 0.940956 
383.000000 0.940664 
384.000000 0.940372 
385.000000 0.940080 
386.000000 0.939786 
387.000000 0.939492 
388.000000 0.939198 
389.000000 0.938903 
390.000000 0.938607 
391.000000 0.938310 
392.000000 0.938013 
393.000000 0.937716 
394.000000 0.937417 
395.000000 0.937118 
396.000000 0.936819 
397.000000 0.936519 
398.000000 0.936218 
399.000000 0.935917 
400.000000 0.935615 
401.000000 0.935312 
402.000000 0.935009 
403.000000 0.934705 
404.000000 0.934401 
405.000000 0.934096 
406.000000 0.933791 
407.000000 0.933484 
408.000000 0.933178 
409.000000 0.932870 
410.000000 0.932562 
411.000000 0.932254 
412.000000 0.931944 
413.000000 0.931635 
414.000000 0.931324 
415.000000 0.931013 
416.000000 0.930702 
417.000000 0.930390 
418.000000 0.930077 
419.000000 0.929764 
420.000000 0.929450 
421.000000 0.929135 
422.000000 0.928820 
423.000000 0.928504 
424.000000 0.928188 
425.000000 0.927871 
426.000000 0.927554 
427.000000 0.927235 
428.000000 0.926917 
429.000000 0.926598 
430.000000 0.926278 
431.000000 0.925957 
432.000000 0.925637 
433.000000 0.925315 
434.000000 0.924993 
435.000000 0.924670 
436.000000 0.924347 
437.000000 0.924023 
438.000000 0.923699 
439.000000 0.923374 
440.000000 0.923048 
441.000000 0.922722 
442.000000 0.922395 
443.000000 0.922068 
444.000000 0.921740 
445.000000 0.921411 
446.000000 0.921082 
447.000000 0.920753 
448.000000 0.920423 
449.000000 0.920092 
450.000000 0.919761 
451.000000 0.919429 
452.000000 0.919097 
453.000000 0.918764 
454.000000 0.918430 
455.000000 0.918096 
456.000000 0.917761 
457.000000 0.917426 
458.000000 0.917090 
459.000000 0.916754 
460.000000 0.916417 
461.000000 0.916079 
462.000000 0.915741 
463.000000 0.915403 
464.000000 0.915064 
465.000000 0.914724 
466.000000 0.914384 
467.000000 0.914043 
468.000000 0.913702 
469.000000 0.913360 
470.000000 0.913017 
471.000000 0.912674 
472.000000 0.912331 
473.000000 0.911987 
474.000000 0.911642 
475.000000 0.911297 
476.000000 0.910951 
477.000000 0.910605 
478.000000 0.910258 
479.000000 0.909911 
480.000000 0.909563 
481.000000 0.909214 
482.000000 0.908865 
483.000000 0.908516 
484.000000 0.908166 
485.000000 0.907815 
486.000000 0.907464 
487.000000 0.907112 
488.000000 0.906760 
489.000000 0.906407 
490.000000 0.906054 
491.000000 0.905700 
492.000000 0.905346 
493.000000 0.904991 
494.000000 0.904636 
495.000000 0.904280 
496.000000 0.903923 
497.000000 0.903566 
498.000000 0.903209 
499.000000 0.902851 
500.000000 0.902492 
501.000000 0.902133 
502.000000 0.901773 
503.000000 0.901413 
504.000000 0.901052 
505.000000 0.900691 
506.000000 0.900329 
507.000000 0.899967 
508.000000 0.899604 
509.000000 0.899241 
510.000000 0.898877 
511.000000 0.898513 
512.000000 0.898148 
513.000000 0.897783 
514.000000 0.897417 
515.000000 0.897051 
516.000000 0.896684 
517.000000 0.896316 
518.000000 0.895948 
519.000000 0.895580 
520.000000 0.895211 
521.000000 0.894841 
522.000000 0.894472 
523.000000 0.894101 
524.000000 0.893730 
525.000000 0.893359 
526.000000 0.892987 
527.000000 0.892614 
528.000000 0.892241 
529.000000 0.891868 
530.000000 0.891494 
531.000000 0.891119 
532.000000 0.890744 
533.000000 0.890369 
534.000000 0.889993 
535.000000 0.889616 
536.000000 0.889239 
537.000000 0.888862 
538.000000 0.888484 
539.000000 0.888105 
540.000000 0.887726 
541.000000 0.887347 
542.000000 0.886967 
543.000000 0.886586 
544.000000 0.886205 
545.000000 0.885824 
546.000000 0.885442 
547.000000 0.885060 
548.000000 0.884677 
549.000000 0.884293 
550.000000 0.883910 
551.000000 0.883525 
552.000000 0.883140 
553.000000 0.882755 
554.000000 0.882369 
555.000000 0.881983 
556.000000 0.881596 
557.000000 0.881209 
558.000000 0.880821 
559.000000 0.880433 
560.000000 0.880044 
561.000000 0.879655 
562.000000 0.879266 
563.000000 0.878875 
564.000000 0.878485 
565.000000 0.878094 
566.000000 0.877702 
567.000000 0.877310 
568.000000 0.876918 
569.000000 0.876525 
570.000000 0.876132 
571.000000 0.875738 
572.000000 0.875343 
573.000000 0.874949 
574.000000 0.874553 
575.000000 0.874158 
576.000000 0.873761 
577.000000 0.873365 
578.000000 0.872968 
579.000000 0.872570 
580.000000 0.872172 
581.000000 0.871774 
582.000000 0.871375 
583.000000 0.870975 
584.000000 0.870576 
585.000000 0.870175 
586.000000 0.869774 
587.000000 0.869373 
588.000000 0.868972 
589.000000 0.868569 
590.000000 0.868167 
591.000000 0.867764 
592.000000 0.867360 
593.000000 0.866957 
594.000000 0.866552 
595.000000 0.866147 
596.000000 0.865742 
597.000000 0.865336 
598.000000 0.864930 
599.000000 0.864524 
600.000000 0.864117 
601.000000 0.863709 
602.000000 0.863301 
603.000000 0.862893 
604.000000 0.862484 
605.000000 0.862075 
606.000000 0.861665 
607.000000 0.861255 
608.000000 0.860845 
609.000000 0.860434 
610.000000 0.860022 
611.000000 0.859611 
612.000000 0.859198 
613.000000 0.858786 
614.000000 0.858373 
615.000000 0.857959 
616.000000 0.857545 
617.000000 0.857131 
618.000000 0.856716 
619.000000 0.856301 
620.000000 0.855885 
621.000000 0.855469 
622.000000 0.855052 
623.000000 0.854635 
624.000000 0.854218 
625.000000 0.853800 
626.000000 0.853382 
627.000000 0.852963 
628.000000 0.852544 
629.000000 0.852125 
630.000000 0.851705 
631.000000 0.851285 
632.000000 0.850864 
633.000000 0.850443 
634.000000 0.850021 
635.000000 0.849599 
636.000000 0.849177 
637.000000 0.848754 
638.000000 0.848331 
639.000000 0.847907 
640.000000 0.847483 
641.000000 0.847059 
642.000000 0.846634 
643.000000 0.846209 
644.000000 0.845783 
645.000000 0.845357 
646.000000 0.844931 
647.000000 0.844504 
648.000000 0.844077 
649.000000 0.843649 
650.000000 0.843221 
651.000000 0.842793 
652.000000 0.842364 
653.000000 0.841935 
654.000000 0.841505 
655.000000 0.841075 
656.000000 0.840645 
657.000000 0.840214 
658.000000 0.839783 
659.000000 0.839351 
660.000000 0.838919 
661.000000 0.838487 
662.000000 0.838054 
663.000000 0.837621 
664.000000 0.837187 
665.000000 0.836753 
666.000000 0.836319 
667.000000 0.835884 
668.000000 0.835449 
669.000000 0.835014 
670.000000 0.834578 
671.000000 0.834141 
672.000000 0.833705 
673.000000 0.833268 
674.000000 0.832830 
675.000000 0.832393 
676.000000 0.831955 
677.000000 0.831516 
678.000000 0.831077 
679.000000 0.830638 
680.000000 0.830198 
681.000000 0.829758 
682.000000 0.829318 
683.000000 0.828877 
684.000000 0.828436 
685.000000 0.827994 
686.000000 0.827552 
687.000000 0.827110 
688.000000 0.826668 
689.000000 0.826225 
690.000000 0.825781 
691.000000 0.825337 
692.000000 0.824893 
693.000000 0.824449 
694.000000 0.824004 
695.000000 0.823559 
696.000000 0.823113 
697.000000 0.822667 
698.000000 0.822221 
699.000000 0.821774 
700.000000 0.821327 
701.000000 0.820880 
702.000000 0.820432 
703.000000 0.819984 
704.000000 0.819536 
705.000000 0.819087 
706.000000 0.818638 
707.000000 0.818189 
708.000000 0.817739 
709.000000 0.817289 
710.000000 0.816838 
711.000000 0.816387 
712.000000 0.815936 
713.000000 0.815484 
714.000000 0.815032 
715.000000 0.814580 
716.000000 0.814127 
717.000000 0.813674 
718.000000 0.813221 
719.000000 0.812767 
720.000000 0.812313 
721.000000 0.811859 
722.000000 0.811404 
723.000000 0.810949 
724.000000 0.810494 
725.000000 0.810038 
726.000000 0.809582 
727.000000 0.809126 
728.000000 0.808669 
729.000000 0.808212 
730.000000 0.807755 
731.000000 0.807297 
732.000000 0.806839 
733.000000 0.806380 
734.000000 0.805922 
735.000000 0.805463 
736.000000 0.805003 
737.000000 0.804544 
738.000000 0.804084 
739.000000 0.803623 
740.000000 0.803163 
741.000000 0.802702 
742.000000 0.802240 
743.000000 0.801779 
744.000000 0.801316 
745.000000 0.800854 
746.000000 0.800391 
747.000000 0.799929 
748.000000 0.799465 
749.000000 0.799002 
750.000000 0.798538 
751.000000 0.798074 
752.000000 0.797609 
753.000000 0.797144 
754.000000 0.796679 
755.000000 0.796214 
756.000000 0.795748 
757.000000 0.795282 
758.000000 0.794815 
759.000000 0.794349 
760.000000 0.793881 
761.000000 0.793414 
762.000000 0.792946 
763.000000 0.792478 
764.000000 0.792010 
765.000000 0.791542 
766.000000 0.791073 
767.000000 0.790603 
768.000000 0.790134 
769.000000 0.789664 
770.000000 0.789194 
771.000000 0.788724 
772.000000 0.788253 
773.000000 0.787782 
774.000000 0.787311 
775.000000 0.786839 
776.000000 0.786367 
777.000000 0.785895 
778.000000 0.785423 
779.000000 0.784950 
780.000000 0.784477 
781.000000 0.784004 
782.000000 0.783530 
783.000000 0.783056 
784.000000 0.782582 
785.000000 0.782107 
786.000000 0.781633 
787.000000 0.781157 
788.000000 0.780682 
789.000000 0.780207 
790.000000 0.779731 
791.000000 0.779254 
792.000000 0.778778 
793.000000 0.778301 
794.000000 0.777824 
795.000000 0.777347 
796.000000 0.776869 
797.000000 0.776391 
798.000000 0.775913 
799.000000 0.775435 
800.000000 0.774956 
801.000000 0.774477 
802.000000 0.773998 
803.000000 0.773518 
804.000000 0.773038 
805.000000 0.772558 
806.000000 0.772078 
807.000000 0.771598 
808.000000 0.771117 
809.000000 0.770635 
810.000000 0.770154 
811.000000 0.769672 
812.000000 0.769190 
813.000000 0.768708 
814.000000 0.768226 
815.000000 0.767743 
816.000000 0.767260 
817.000000 0.766777 
818.000000 0.766293 
819.000000 0.765810 
820.000000 0.765326 
821.000000 0.764841 
822.000000 0.764357 
823.000000 0.763872 
824.000000 0.763387 
825.000000 0.762902 
826.000000 0.762416 
827.000000 0.761930 
828.000000 0.761444 
829.000000 0.760958 
830.000000 0.760472 
831.000000 0.759985 
832.000000 0.759498 
833.000000 0.759011 
834.000000 0.758523 
835.000000 0.758035 
836.000000 0.757547 
837.000000 0.757059 
838.000000 0.756571 
839.000000 0.756082 
840.000000 0.755593 
841.000000 0.755104 
842.000000 0.754614 
843.000000 0.754124 
844.000000 0.753635 
845.000000 0.753144 
846.000000 0.752654 
847.000000 0.752163 
848.000000 0.751673 
849.000000 0.751182 
850.000000 0.750690 
851.000000 0.750199 
852.000000 0.749707 
853.000000 0.749215 
854.000000 0.748723 
855.000000 0.748230 
856.000000 0.747738 
857.000000 0.747245 
858.000000 0.746751 
859.000000 0.746258 
860.000000 0.745765 
861.000000 0.745271 
862.000000 0.744777 
863.000000 0.744283 
864.000000 0.743788 
865.000000 0.743293 
866.000000 0.742799 
867.000000 0.742303 
868.000000 0.741808 
869.000000 0.741313 
870.000000 0.740817 
871.000000 0.740321 
872.000000 0.739825 
873.000000 0.739328 
874.000000 0.738832 
875.000000 0.738335 
876.000000 0.737838 
877.000000 0.737341 
878.000000 0.736843 
879.000000 0.736346 
880.000000 0.735848 
881.000000 0.735350 
882.000000 0.734852 
883.000000 0.734353 
884.000000 0.733854 
885.000000 0.733356 
886.000000 0.732857 
887.000000 0.732357 
888.000000 0.731858 
889.000000 0.731358 
890.000000 0.730858 
891.000000 0.730358 
892.000000 0.729858 
893.000000 0.729358 
894.000000 0.728857 
895.000000 0.728356 
896.000000 0.727855 
897.000000 0.727354 
898.000000 0.726853 
899.000000 0.726351 
900.000000 0.725849 
901.000000 0.725347 
902.000000 0.724845 
903.000000 0.724343 
904.000000 0.723840 
905.000000 0.723338 
906.000000 0.722835 
907.000000 0.722332 
908.000000 0.721829 
909.000000 0.721325 
910.000000 0.720822 
911.000000 0.720318 
912.000000 0.719814 
913.000000 0.719310 
914.000000 0.718805 
915.000000 0.718301 
916.000000 0.717796 
917.000000 0.717291 
918.000000 0.716786 
919.000000 0.716281 
920.000000 0.715776 
921.000000 0.715270 
922.000000 0.714765 
923.000000 0.714259 
924.000000 0.713753 
925.000000 0.713246 
926.000000 0.712740 
927.000000 0.712234 
928.000000 0.711727 
929.000000 0.711220 
930.000000 0.710713 
931.000000 0.710206 
932.000000 0.709699 
933.000000 0.709191 
934.000000 0.708683 
935.000000 0.708176 
936.000000 0.707668 
937.000000 0.707159 
938.000000 0.706651 
939.000000 0.706143 
940.000000 0.705634 
941.000000 0.705125 
942.000000 0.704616 
943.000000 0.704107 
944.000000 0.703598 
945.000000 0.703089 
946.000000 0.702579 
947.000000 0.702070 
948.000000 0.701560 
949.000000 0.701050 
950.000000 0.700540 
951.000000 0.700029 
952.000000 0.699519 
953.000000 0.699008 
954.000000 0.698498 
955.000000 0.697987 
956.000000 0.697476 
957.000000 0.696965 
958.000000 0.696454 
959.000000 0.695942 
960.000000 0.695431 
961.000000 0.694919 
962.000000 0.694407 
963.000000 0.693895 
964.000000 0.693383 
965.000000 0.692871 
966.000000 0.692359 
967.000000 0.691846 
968.000000 0.691333 
969.000000 0.690821 
970.000000 0.690308 
971.000000 0.689795 
972.000000 0.689282 
973.000000 0.688768 
974.000000 0.688255 
975.000000 0.687742 
976.000000 0.687228 
977.000000 0.686714 
978.000000 0.686200 
979.000000 0.685686 
980.000000 0.685172 
981.000000 0.684658 
982.000000 0.684144 
983.000000 0.683629 
984.000000 0.683114 
985.000000 0.682600 
986.000000 0.682085 
987.000000 0.681570 
988.000000 0.681055 
989.000000 0.680540 
990.000000 0.680024 
991.000000 0.679509 
992.000000 0.678993 
993.000000 0.678478 
994.000000 0.677962 
995.000000 0.677446 
996.000000 0.676930 
997.000000 0.676414 
998.000000 0.675898 
999.000000 0.675382 
1000.000000 0.674865 
1001.000000 0.674349 
1002.000000 0.673832 
1003.000000 0.673316 
1004.000000 0.672799 
1005.000000 0.672282 
1006.000000 0.671765 
1007.000000 0.671248 
1008.000000 0.670731 
1009.000000 0.670213 
1010.000000 0.669696 
1011.000000 0.669178 
1012.000000 0.668661 
1013.000000 0.668143 
1014.000000 0.667625 
1015.000000 0.667107 
1016.000000 0.666589 
1017.000000 0.666071 
1018.000000 0.665553 
1019.000000 0.665035 
1020.000000 0.664517 
1021.000000 0.663998 
1022.000000 0.663480 
1023.000000 0.662961 
1024.000000 0.662443 
1025.000000 0.661924 
1026.000000 0.661405 
1027.000000 0.660886 
1028.000000 0.660367 
1029.000000 0.659848 
1030.000000 0.659329 
1031.000000 0.658810 
1032.000000 0.658290 
1033.000000 0.657771 
1034.000000 0.657251 
1035.000000 0.656732 
1036.000000 0.656212 
1037.000000 0.655692 
1038.000000 0.655173 
1039.000000 0.654653 
1040.000000 0.654133 
1041.000000 0.653613 
1042.000000 0.653093 
1043.000000 0.652573 
1044.000000 0.652052 
1045.000000 0.651532 
1046.000000 0.651012 
1047.000000 0.650491 
1048.000000 0.649971 
1049.000000 0.649450 
1050.000000 0.648930 
1051.000000 0.648409 
1052.000000 0.647888 
1053.000000 0.647367 
1054.000000 0.646846 
1055.000000 0.646326 
1056.000000 0.645805 
1057.000000 0.645284 
1058.000000 0.644762 
1059.000000 0.644241 
1060.000000 0.643720 
1061.000000 0.643199 
1062.000000 0.642677 
1063.000000 0.642156 
1064.000000 0.641635 
1065.000000 0.641113 
1066.000000 0.640591 
1067.000000 0.640070 
1068.000000 0.639548 
1069.000000 0.639026 
1070.000000 0.638505 
1071.000000 0.637983 
1072.000000 0.637461 
1073.000000 0.636939 
1074.000000 0.636417 
1075.000000 0.635895 
1076.000000 0.635373 
1077.000000 0.634851 
1078.000000 0.634329 
1079.000000 0.633807 
1080.000000 0.633285 
1081.000000 0.632762 
1082.000000 0.632240 
1083.000000 0.631718 
1084.000000 0.631195 
1085.000000 0.630673 
1086.000000 0.630151 
1087.000000 0.629628 
1088.000000 0.629106 
1089.000000 0.628583 
1090.000000 0.628060 
1091.000000 0.627538 
1092.000000 0.627015 
1093.000000 0.626492 
1094.000000 0.625970 
1095.000000 0.625447 
1096.000000 0.624924 
1097.000000 0.624401 
1098.000000 0.623879 
1099.000000 0.623356 
1100.000000 0.622833 
1101.000000 0.622310 
1102.000000 0.621787 
1103.000000 0.621264 
1104.000000 0.620741 
1105.000000 0.620218 
1106.000000 0.619695 
1107.000000 0.619172 
1108.000000 0.618649 
1109.000000 0.618126 
1110.000000 0.617603 
1111.000000 0.617079 
1112.000000 0.616556 
1113.000000 0.616033 
1114.000000 0.615510 
1115.000000 0.614987 
1116.000000 0.614463 
1117.000000 0.613940 
1118.000000 0.613417 
1119.000000 0.612894 
1120.000000 0.612371 
1121.000000 0.611847 
1122.000000 0.611324 
1123.000000 0.610801 
1124.000000 0.610277 
1125.000000 0.609754 
1126.000000 0.609231 
1127.000000 0.608707 
1128.000000 0.608184 
1129.000000 0.607661 
1130.000000 0.607137 
1131.000000 0.606614 
1132.000000 0.606091 
1133.000000 0.605567 
1134.000000 0.605044 
1135.000000 0.604521 
1136.000000 0.603997 
1137.000000 0.603474 
1138.000000 0.602950 
1139.000000 0.602427 
1140.000000 0.601904 
1141.000000 0.601380 
1142.000000 0.600857 
1143.000000 0.600334 
1144.000000 0.599810 
1145.000000 0.599287 
1146.000000 0.598764 
1147.000000 0.598240 
1148.000000 0.597717 
1149.000000 0.597194 
1150.000000 0.596670 
1151.000000 0.596147 
1152.000000 0.595624 
1153.000000 0.595100 
1154.000000 0.594577 
1155.000000 0.594054 
1156.000000 0.593531 
1157.000000 0.593008 
1158.000000 0.592484 
1159.000000 0.591961 
1160.000000 0.591438 
1161.000000 0.590915 
1162.000000 0.590392 
1163.000000 0.589869 
1164.000000 0.589346 
1165.000000 0.588822 
1166.000000 0.588299 
1167.000000 0.587776 
1168.000000 0.587253 
1169.000000 0.586730 
1170.000000 0.586207 
1171.000000 0.585684 
1172.000000 0.585162 
1173.000000 0.584639 
1174.000000 0.584116 
1175.000000 0.583593 
1176.000000 0.583070 
1177.000000 0.582547 
1178.000000 0.582025 
1179.000000 0.581502 
1180.000000 0.580979 
1181.000000 0.580457 
1182.000000 0.579934 
1183.000000 0.579411 
1184.000000 0.578889 
1185.000000 0.578366 
1186.000000 0.577844 
1187.000000 0.577321 
1188.000000 0.576799 
1189.000000 0.576277 
1190.000000 0.575754 
1191.000000 0.575232 
1192.000000 0.574710 
1193.000000 0.574187 
1194.000000 0.573665 
1195.000000 0.573143 
1196.000000 0.572621 
1197.000000 0.572099 
1198.000000 0.571577 
1199.000000 0.571055 
1200.000000 0.570533 
1201.000000 0.570011 
1202.000000 0.569489 
1203.000000 0.568967 
1204.000000 0.568446 
1205.000000 0.567924 
1206.000000 0.567402 
1207.000000 0.566881 
1208.000000 0.566359 
1209.000000 0.565837 
1210.000000 0.565316 
1211.000000 0.564795 
1212.000000 0.564273 
1213.000000 0.563752 
1214.000000 0.563231 
1215.000000 0.562709 
1216.000000 0.562188 
1217.000000 0.561667 
1218.000000 0.561146 
1219.000000 0.560625 
1220.000000 0.560104 
1221.000000 0.559583 
1222.000000 0.559063 
1223.000000 0.558542 
1224.000000 0.558021 
1225.000000 0.557501 
1226.000000 0.556980 
1227.000000 0.556460 
1228.000000 0.555939 
1229.000000 0.555419 
1230.000000 0.554898 
1231.000000 0.554378 
1232.000000 0.553858 
1233.000000 0.553338 
1234.000000 0.552818 
1235.000000 0.552298 
1236.000000 0.551778 
1237.000000 0.551258 
1238.000000 0.550739 
1239.000000 0.550219 
1240.000000 0.549699 
1241.000000 0.549180 
1242.000000 0.548660 
1243.000000 0.548141 
1244.000000 0.547621 
1245.000000 0.547102 
1246.000000 0.546583 
1247.000000 0.546064 
1248.000000 0.545545 
1249.000000 0.545026 
1250.000000 0.544507 
1251.000000 0.543988 
1252.000000 0.543469 
1253.000000 0.542951 
1254.000000 0.542432 
1255.000000 0.541914 
1256.000000 0.541395 
1257.000000 0.540877 
1258.000000 0.540359 
1259.000000 0.539841 
1260.000000 0.539323 
1261.000000 0.538805 
1262.000000 0.538287 
1263.000000 0.537769 
1264.000000 0.537251 
1265.000000 0.536733 
1266.000000 0.536216 
1267.000000 0.535698 
1268.000000 0.535181 
1269.000000 0.534664 
1270.000000 0.534147 
1271.000000 0.533630 
1272.000000 0.533113 
1273.000000 0.532596 
1274.000000 0.532079 
1275.000000 0.531562 
1276.000000 0.531045 
1277.000000 0.530529 
1278.000000 0.530012 
1279.000000 0.529496 
1280.000000 0.528980 
1281.000000 0.528464 
1282.000000 0.527948 
1283.000000 0.527432 
1284.000000 0.526916 
1285.000000 0.526400 
1286.000000 0.525884 
1287.000000 0.525369 
1288.000000 0.524853 
1289.000000 0.524338 
1290.000000 0.523823 
1291.000000 0.523307 
1292.000000 0.522792 
1293.000000 0.522277 
1294.000000 0.521763 
1295.000000 0.521248 
1296.000000 0.520733 
1297.000000 0.520219 
1298.000000 0.519704 
1299.000000 0.519190 
1300.000000 0.518676 
1301.000000 0.518162 
1302.000000 0.517648 
1303.000000 0.517134 
1304.000000 0.516620 
1305.000000 0.516106 
1306.000000 0.515593 
1307.000000 0.515079 
1308.000000 0.514566 
1309.000000 0.514053 
1310.000000 0.513540 
1311.000000 0.513027 
1312.000000 0.512514 
1313.000000 0.512001 
1314.000000 0.511489 
1315.000000 0.510976 
1316.000000 0.510464 
1317.000000 0.509952 
1318.000000 0.509440 
1319.000000 0.508927 
1320.000000 0.508416 
1321.000000 0.507904 
1322.000000 0.507392 
1323.000000 0.506881 
1324.000000 0.506369 
1325.000000 0.505858 
1326.000000 0.505347 
1327.000000 0.504836 
1328.000000 0.504325 
1329.000000 0.503814 
1330.000000 0.503303 
1331.000000 0.502793 
1332.000000 0.502282 
1333.000000 0.501772 
1334.000000 0.501262 
1335.000000 0.500752 
1336.000000 0.500242 
1337.000000 0.499732 
1338.000000 0.499223 
1339.000000 0.498713 
1340.000000 0.498204 
1341.000000 0.497695 
1342.000000 0.497185 
1343.000000 0.496677 
1344.000000 0.496168 
1345.000000 0.495659 
1346.000000 0.495150 
1347.000000 0.494642 
1348.000000 0.494134 
1349.000000 0.493626 
1350.000000 0.493118 
1351.000000 0.492610 
1352.000000 0.492102 
1353.000000 0.491594 
1354.000000 0.491087 
1355.000000 0.490580 
1356.000000 0.490072 
1357.000000 0.489565 
1358.000000 0.489059 
1359.000000 0.488552 
1360.000000 0.488045 
1361.000000 0.487539 
1362.000000 0.487032 
1363.000000 0.486526 
1364.000000 0.486020 
1365.000000 0.485514 
1366.000000 0.485009 
1367.000000 0.484503 
1368.000000 0.483998 
1369.000000 0.483492 
1370.000000 0.482987 
1371.000000 0.482482 
1372.000000 0.481977 
1373.000000 0.481473 
1374.000000 0.480968 
1375.000000 0.480464 
1376.000000 0.479960 
1377.000000 0.479456 
1378.000000 0.478952 
1379.000000 0.478448 
1380.000000 0.477944 
1381.000000 0.477441 
1382.000000 0.476938 
1383.000000 0.476434 
1384.000000 0.475931 
1385.000000 0.475429 
1386.000000 0.474926 
1387.000000 0.474423 
1388.000000 0.473921 
1389.000000 0.473419 
1390.000000 0.472917 
1391.000000 0.472415 
1392.000000 0.471913 
1393.000000 0.471412 
1394.000000 0.470910 
1395.000000 0.470409 
1396.000000 0.469908 
1397.000000 0.469407 
1398.000000 0.468906 
1399.000000 0.468406 
1400.000000 0.467905 
1401.000000 0.467405 
1402.000000 0.466905 
1403.000000 0.466405 
1404.000000 0.465905 
1405.000000 0.465406 
1406.000000 0.464906 
1407.000000 0.464407 
1408.000000 0.463908 
1409.000000 0.463409 
1410.000000 0.462911 
1411.000000 0.462412 
1412.000000 0.461914 
1413.000000 0.461415 
1414.000000 0.460917 
1415.000000 0.460420 
1416.000000 0.459922 
1417.000000 0.459424 
1418.000000 0.458927 
1419.000000 0.458430 
1420.000000 0.457933 
1421.000000 0.457436 
1422.000000 0.456939 
1423.000000 0.456443 
1424.000000 0.455947 
1425.000000 0.455451 
1426.000000 0.454955 
1427.000000 0.454459 
1428.000000 0.453963 
1429.000000 0.453468 
1430.000000 0.452973 
1431.000000 0.452478 
1432.000000 0.451983 
1433.000000 0.451488 
1434.000000 0.450994 
1435.000000 0.450500 
1436.000000 0.450006 
1437.000000 0.449512 
1438.000000 0.449018 
1439.000000 0.448524 
1440.000000 0.448031 
1441.000000 0.447538 
1442.000000 0.447045 
1443.000000 0.446552 
1444.000000 0.446060 
1445.000000 0.445567 
1446.000000 0.445075 
1447.000000 0.444583 
1448.000000 0.444091 
1449.000000 0.443599 
1450.000000 0.443108 
1451.000000 0.442617 
1452.000000 0.442126 
1453.000000 0.441635 
1454.000000 0.441144 
1455.000000 0.440653 
1456.000000 0.440163 
1457.000000 0.439673 
1458.000000 0.439183 
1459.000000 0.438693 
1460.000000 0.438204 
1461.000000 0.437715 
1462.000000 0.437225 
1463.000000 0.436737 
1464.000000 0.436248 
1465.000000 0.435759 
1466.000000 0.435271 
1467.000000 0.434783 
1468.000000 0.434295 
1469.000000 0.433807 
1470.000000 0.433320 
1471.000000 0.432832 
1472.000000 0.432345 
1473.000000 0.431858 
1474.000000 0.431371 
1475.000000 0.430885 
1476.000000 0.430399 
1477.000000 0.429913 
1478.000000 0.429427 
1479.000000 0.428941 
1480.000000 0.428455 
1481.000000 0.427970 
1482.000000 0.427485 
1483.000000 0.427000 
1484.000000 0.426515 
1485.000000 0.426031 
1486.000000 0.425547 
1487.000000 0.425063 
1488.000000 0.424579 
1489.000000 0.424095 
1490.000000 0.423612 
1491.000000 0.423129 
1492.000000 0.422646 
1493.000000 0.422163 
1494.000000 0.421680 
1495.000000 0.421198 
1496.000000 0.420716 
1497.000000 0.420234 
1498.000000 0.419752 
1499.000000 0.419271 
1500.000000 0.418789 
1501.000000 0.418308 
1502.000000 0.417828 
1503.000000 0.417347 
1504.000000 0.416867 
1505.000000 0.416386 
1506.000000 0.415906 
1507.000000 0.415427 
1508.000000 0.414947 
1509.000000 0.414468 
1510.000000 0.413989 
1511.000000 0.413510 
1512.000000 0.413031 
1513.000000 0.412553 
1514.000000 0.412074 
1515.000000 0.411596 
1516.000000 0.411119 
1517.000000 0.410641 
1518.000000 0.410164 
1519.000000 0.409687 
1520.000000 0.409210 
1521.000000 0.408733 
1522.000000 0.408257 
1523.000000 0.407780 
1524.000000 0.407304 
1525.000000 0.406829 
1526.000000 0.406353 
1527.000000 0.405878 
1528.000000 0.405403 
1529.000000 0.404928 
1530.000000 0.404453 
1531.000000 0.403979 
1532.000000 0.403505 
1533.000000 0.403031 
1534.000000 0.402557 
1535.000000 0.402084 
1536.000000 0.401610 
1537.000000 0.401137 
1538.000000 0.400665 
1539.000000 0.400192 
1540.000000 0.399720 
1541.000000 0.399248 
1542.000000 0.398776 
1543.000000 0.398304 
1544.000000 0.397833 
1545.000000 0.397362 
1546.000000 0.396891 
1547.000000 0.396420 
1548.000000 0.395950 
1549.000000 0.395479 
1550.000000 0.395009 
1551.000000 0.394540 
1552.000000 0.394070 
1553.000000 0.393601 
1554.000000 0.393132 
1555.000000 0.392663 
1556.000000 0.392195 
1557.000000 0.391726 
1558.000000 0.391258 
1559.000000 0.390791 
1560.000000 0.390323 
1561.000000 0.389856 
1562.000000 0.389388 
1563.000000 0.388922 
1564.000000 0.388455 
1565.000000 0.387989 
1566.000000 0.387522 
1567.000000 0.387057 
1568.000000 0.386591 
1569.000000 0.386126 
1570.000000 0.385660 
1571.000000 0.385195 
1572.000000 0.384731 
1573.000000 0.384266 
1574.000000 0.383802 
1575.000000 0.383338 
1576.000000 0.382875 
1577.000000 0.382411 
1578.000000 0.381948 
1579.000000 0.381485 
1580.000000 0.381022 
1581.000000 0.380560 
1582.000000 0.380098 
1583.000000 0.379636 
1584.000000 0.379174 
1585.000000 0.378713 
1586.000000 0.378251 
1587.000000 0.377791 
1588.000000 0.377330 
1589.000000 0.376869 
1590.000000 0.376409 
1591.000000 0.375949 
1592.000000 0.375490 
1593.000000 0.375030 
1594.000000 0.374571 
1595.000000 0.374112 
1596.000000 0.373653 
1597.000000 0.373195 
1598.000000 0.372737 
1599.000000 0.372279 
1600.000000 0.371821 
1601.000000 0.371364 
1602.000000 0.370907 
1603.000000 0.370450 
1604.000000 0.369993 
1605.000000 0.369537 
1606.000000 0.369081 
1607.000000 0.368625 
1608.000000 0.368169 
1609.000000 0.367714 
1610.000000 0.367259 
1611.000000 0.366804 
1612.000000 0.366350 
1613.000000 0.365895 
1614.000000 0.365441 
1615.000000 0.364987 
1616.000000 0.364534 
1617.000000 0.364081 
1618.000000 0.363628 
1619.000000 0.363175 
1620.000000 0.362723 
1621.000000 0.362270 
1622.000000 0.361818 
1623.000000 0.361367 
1624.000000 0.360915 
1625.000000 0.360464 
1626.000000 0.360013 
1627.000000 0.359563 
1628.000000 0.359112 
1629.000000 0.358662 
1630.000000 0.358212 
1631.000000 0.357763 
1632.000000 0.357314 
1633.000000 0.356864 
1634.000000 0.356416 
1635.000000 0.355967 
1636.000000 0.355519 
1637.000000 0.355071 
1638.000000 0.354623 
1639.000000 0.354176 
1640.000000 0.353729 
1641.000000 0.353282 
1642.000000 0.352835 
1643.000000 0.352389 
1644.000000 0.351943 
1645.000000 0.351497 
1646.000000 0.351052 
1647.000000 0.350606 
1648.000000 0.350161 
1649.000000 0.349717 
1650.000000 0.349272 
1651.000000 0.348828 
1652.000000 0.348384 
1653.000000 0.347941 
1654.000000 0.347497 
1655.000000 0.347054 
1656.000000 0.346611 
1657.000000 0.346169 
1658.000000 0.345727 
1659.000000 0.345285 
1660.000000 0.344843 
1661.000000 0.344402 
1662.000000 0.343960 
1663.000000 0.343520 
1664.000000 0.343079 
1665.000000 0.342639 
1666.000000 0.342199 
1667.000000 0.341759 
1668.000000 0.341319 
1669.000000 0.340880 
1670.000000 0.340441 
1671.000000 0.340003 
1672.000000 0.339564 
1673.000000 0.339126 
1674.000000 0.338688 
1675.000000 0.338251 
1676.000000 0.337814 
1677.000000 0.337377 
1678.000000 0.336940 
1679.000000 0.336503 
1680.000000 0.336067 
1681.000000 0.335632 
1682.000000 0.335196 
1683.000000 0.334761 
1684.000000 0.334326 
1685.000000 0.333891 
1686.000000 0.333457 
1687.000000 0.333022 
1688.000000 0.332589 
1689.000000 0.332155 
1690.000000 0.331722 
1691.000000 0.331289 
1692.000000 0.330856 
1693.000000 0.330423 
1694.000000 0.329991 
1695.000000 0.329559 
1696.000000 0.329128 
1697.000000 0.328697 
1698.000000 0.328266 
1699.000000 0.327835 
1700.000000 0.327404 
1701.000000 0.326974 
1702.000000 0.326544 
1703.000000 0.326115 
1704.000000 0.325686 
1705.000000 0.325257 
1706.000000 0.324828 
1707.000000 0.324399 
1708.000000 0.323971 
1709.000000 0.323543 
1710.000000 0.323116 
1711.000000 0.322689 
1712.000000 0.322262 
1713.000000 0.321835 
1714.000000 0.321409 
1715.000000 0.320982 
1716.000000 0.320557 
1717.000000 0.320131 
1718.000000 0.319706 
1719.000000 0.319281 
1720.000000 0.318856 
1721.000000 0.318432 
1722.000000 0.318008 
1723.000000 0.317584 
1724.000000 0.317161 
1725.000000 0.316737 
1726.000000 0.316315 
1727.000000 0.315892 
1728.000000 0.315470 
1729.000000 0.315048 
1730.000000 0.314626 
1731.000000 0.314205 
1732.000000 0.313783 
1733.000000 0.313363 
1734.000000 0.312942 
1735.000000 0.312522 
1736.000000 0.312102 
1737.000000 0.311682 
1738.000000 0.311263 
1739.000000 0.310844 
1740.000000 0.310425 
1741.000000 0.310007 
1742.000000 0.309589 
1743.000000 0.309171 
1744.000000 0.308753 
1745.000000 0.308336 
1746.000000 0.307919 
1747.000000 0.307502 
1748.000000 0.307086 
1749.000000 0.306670 
1750.000000 0.306254 
1751.000000 0.305839 
1752.000000 0.305423 
1753.000000 0.305009 
1754.000000 0.304594 
1755.000000 0.304180 
1756.000000 0.303766 
1757.000000 0.303352 
1758.000000 0.302939 
1759.000000 0.302526 
1760.000000 0.302113 
1761.000000 0.301701 
1762.000000 0.301288 
1763.000000 0.300877 
1764.000000 0.300465 
1765.000000 0.300054 
1766.000000 0.299643 
1767.000000 0.299232 
1768.000000 0.298822 
1769.000000 0.298412 
1770.000000 0.298002 
1771.000000 0.297593 
1772.000000 0.297184 
1773.000000 0.296775 
1774.000000 0.296366 
1775.000000 0.295958 
1776.000000 0.295550 
1777.000000 0.295142 
1778.000000 0.294735 
1779.000000 0.294328 
1780.000000 0.293922 
1781.000000 0.293515 
1782.000000 0.293109 
1783.000000 0.292703 
1784.000000 0.292298 
1785.000000 0.291893 
1786.000000 0.291488 
1787.000000 0.291083 
1788.000000 0.290679 
1789.000000 0.290275 
1790.000000 0.289872 
1791.000000 0.289468 
1792.000000 0.289065 
1793.000000 0.288663 
1794.000000 0.288260 
1795.000000 0.287858 
1796.000000 0.287456 
1797.000000 0.287055 
1798.000000 0.286654 
1799.000000 0.286253 
1800.000000 0.285852 
1801.000000 0.285452 
1802.000000 0.285052 
1803.000000 0.284653 
1804.000000 0.284253 
1805.000000 0.283854 
1806.000000 0.283456 
1807.000000 0.283057 
1808.000000 0.282659 
1809.000000 0.282262 
1810.000000 0.281864 
1811.000000 0.281467 
1812.000000 0.281070 
1813.000000 0.280674 
1814.000000 0.280278 
1815.000000 0.279882 
1816.000000 0.279486 
1817.000000 0.279091 
1818.000000 0.278696 
1819.000000 0.278301 
1820.000000 0.277907 
1821.000000 0.277513 
1822.000000 0.277120 
1823.000000 0.276726 
1824.000000 0.276333 
1825.000000 0.275940 
1826.000000 0.275548 
1827.000000 0.275156 
1828.000000 0.274764 
1829.000000 0.274373 
1830.000000 0.273982 
1831.000000 0.273591 
1832.000000 0.273200 
1833.000000 0.272810 
1834.000000 0.272420 
1835.000000 0.272030 
1836.000000 0.271641 
1837.000000 0.271252 
1838.000000 0.270864 
1839.000000 0.270475 
1840.000000 0.270087 
1841.000000 0.269700 
1842.000000 0.269312 
1843.000000 0.268925 
1844.000000 0.268538 
1845.000000 0.268152 
1846.000000 0.267766 
1847.000000 0.267380 
1848.000000 0.266995 
1849.000000 0.266609 
1850.000000 0.266225 
1851.000000 0.265840 
1852.000000 0.265456 
1853.000000 0.265072 
1854.000000 0.264688 
1855.000000 0.264305 
1856.000000 0.263922 
1857.000000 0.263540 
1858.000000 0.263157 
1859.000000 0.262775 
1860.000000 0.262394 
1861.000000 0.262013 
1862.000000 0.261631 
1863.000000 0.261251 
1864.000000 0.260870 
1865.000000 0.260490 
1866.000000 0.260111 
1867.000000 0.259731 
1868.000000 0.259352 
1869.000000 0.258973 
1870.000000 0.258595 
1871.000000 0.258217 
1872.000000 0.257839 
1873.000000 0.257461 
1874.000000 0.257084 
1875.000000 0.256707 
1876.000000 0.256331 
1877.000000 0.255955 
1878.000000 0.255579 
1879.000000 0.255203 
1880.000000 0.254828 
1881.000000 0.254453 
1882.000000 0.254078 
1883.000000 0.253704 
1884.000000 0.253330 
1885.000000 0.252957 
1886.000000 0.252583 
1887.000000 0.252210 
1888.000000 0.251838 
1889.000000 0.251465 
1890.000000 0.251093 
1891.000000 0.250721 
1892.000000 0.250350 
1893.000000 0.249979 
1894.000000 0.249608 
1895.000000 0.249238 
1896.000000 0.248868 
1897.000000 0.248498 
1898.000000 0.248129 
1899.000000 0.247759 
1900.000000 0.247391 
1901.000000 0.247022 
1902.000000 0.246654 
1903.000000 0.246286 
1904.000000 0.245919 
1905.000000 0.245551 
1906.000000 0.245185 
1907.000000 0.244818 
1908.000000 0.244452 
1909.000000 0.244086 
1910.000000 0.243720 
1911.000000 0.243355 
1912.000000 0.242990 
1913.000000 0.242626 
1914.000000 0.242261 
1915.000000 0.241897 
1916.000000 0.241534 
1917.000000 0.241171 
1918.000000 0.240808 
1919.000000 0.240445 
1920.000000 0.240083 
1921.000000 0.239721 
1922.000000 0.239359 
1923.000000 0.238998 
1924.000000 0.238637 
1925.000000 0.238276 
1926.000000 0.237916 
1927.000000 0.237556 
1928.000000 0.237196 
1929.000000 0.236836 
1930.000000 0.236477 
1931.000000 0.236119 
1932.000000 0.235760 
1933.000000 0.235402 
1934.000000 0.235044 
1935.000000 0.234687 
1936.000000 0.234330 
1937.000000 0.233973 
1938.000000 0.233617 
1939.000000 0.233260 
1940.000000 0.232905 
1941.000000 0.232549 
1942.000000 0.232194 
1943.000000 0.231839 
1944.000000 0.231485 
1945.000000 0.231131 
1946.000000 0.230777 
1947.000000 0.230423 
1948.000000 0.230070 
1949.000000 0.229717 
1950.000000 0.229365 
1951.000000 0.229012 
1952.000000 0.228661 
1953.000000 0.228309 
1954.000000 0.227958 
1955.000000 0.227607 
1956.000000 0.227256 
1957.000000 0.226906 
1958.000000 0.226556 
1959.000000 0.226207 
1960.000000 0.225857 
1961.000000 0.225508 
1962.000000 0.225160 
1963.000000 0.224812 
1964.000000 0.224464 
1965.000000 0.224116 
1966.000000 0.223769 
1967.000000 0.223422 
1968.000000 0.223075 
1969.000000 0.222729 
1970.000000 0.222383 
1971.000000 0.222037 
1972.000000 0.221692 
1973.000000 0.221347 
1974.000000 0.221002 
1975.000000 0.220658 
1976.000000 0.220314 
1977.000000 0.219970 
1978.000000 0.219627 
1979.000000 0.219284 
1980.000000 0.218941 
1981.000000 0.218599 
1982.000000 0.218257 
1983.000000 0.217915 
1984.000000 0.217574 
1985.000000 0.217233 
1986.000000 0.216892 
1987.000000 0.216552 
1988.000000 0.216212 
1989.000000 0.215872 
1990.000000 0.215532 
1991.000000 0.215193 
1992.000000 0.214855 
1993.000000 0.214516 
1994.000000 0.214178 
1995.000000 0.213840 
1996.000000 0.213503 
1997.000000 0.213166 
1998.000000 0.212829 
1999.000000 0.212493 
2000.000000 0.212157 
2001.000000 0.211821 
2002.000000 0.211485 
2003.000000 0.211150 
2004.000000 0.210815 
2005.000000 0.210481 
2006.000000 0.210147 
2007.000000 0.209813 
2008.000000 0.209480 
2009.000000 0.209146 
2010.000000 0.208814 
2011.000000 0.208481 
2012.000000 0.208149 
2013.000000 0.207817 
2014.000000 0.207486 
2015.000000 0.207155 
2016.000000 0.206824 
2017.000000 0.206493 
2018.000000 0.206163 
2019.000000 0.205833 
2020.000000 0.205504 
2021.000000 0.205174 
2022.000000 0.204846 
2023.000000 0.204517 
2024.000000 0.204189 
2025.000000 0.203861 
2026.000000 0.203534 
2027.000000 0.203206 
2028.000000 0.202879 
2029.000000 0.202553 
2030.000000 0.202227 
2031.000000 0.201901 
2032.000000 0.201575 
2033.000000 0.201250 
2034.000000 0.200925 
2035.000000 0.200601 
2036.000000 0.200276 
2037.000000 0.199952 
2038.000000 0.199629 
2039.000000 0.199306 
2040.000000 0.198983 
2041.000000 0.198660 
2042.000000 0.198338 
2043.000000 0.198016 
2044.000000 0.197694 
2045.000000 0.197373 
2046.000000 0.197052 
2047.000000 0.196732 
2048.000000 0.196411 
2049.000000 0.196091 
2050.000000 0.195772 
2051.000000 0.195453 
2052.000000 0.195134 
2053.000000 0.194815 
2054.000000 0.194497 
2055.000000 0.194179 
2056.000000 0.193861 
2057.000000 0.193544 
2058.000000 0.193227 
2059.000000 0.192910 
2060.000000 0.192594 
2061.000000 0.192278 
2062.000000 0.191962 
2063.000000 0.191647 
2064.000000 0.191332 
2065.000000 0.191017 
2066.000000 0.190703 
2067.000000 0.190389 
2068.000000 0.190075 
2069.000000 0.189762 
2070.000000 0.189449 
2071.000000 0.189136 
2072.000000 0.188824 
2073.000000 0.188512 
2074.000000 0.188200 
2075.000000 0.187889 
2076.000000 0.187578 
2077.000000 0.187267 
2078.000000 0.186957 
2079.000000 0.186647 
2080.000000 0.186337 
2081.000000 0.186028 
2082.000000 0.185719 
2083.000000 0.185410 
2084.000000 0.185101 
2085.000000 0.184793 
2086.000000 0.184486 
2087.000000 0.184178 
2088.000000 0.183871 
2089.000000 0.183564 
2090.000000 0.183258 
2091.000000 0.182952 
2092.000000 0.182646 
2093.000000 0.182341 
2094.000000 0.182036 
2095.000000 0.181731 
2096.000000 0.181426 
2097.000000 0.181122 
2098.000000 0.180818 
2099.000000 0.180515 
2100.000000 0.180212 
2101.000000 0.179909 
2102.000000 0.179607 
2103.000000 0.179304 
2104.000000 0.179003 
2105.000000 0.178701 
2106.000000 0.178400 
2107.000000 0.178099 
2108.000000 0.177799 
2109.000000 0.177498 
2110.000000 0.177199 
2111.000000 0.176899 
2112.000000 0.176600 
2113.000000 0.176301 
2114.000000 0.176002 
2115.000000 0.175704 
2116.000000 0.175406 
2117.000000 0.175109 
2118.000000 0.174812 
2119.000000 0.174515 
2120.000000 0.174218 
2121.000000 0.173922 
2122.000000 0.173626 
2123.000000 0.173330 
2124.000000 0.173035 
2125.000000 0.172740 
2126.000000 0.172446 
2127.000000 0.172151 
2128.000000 0.171857 
2129.000000 0.171564 
2130.000000 0.171271 
2131.000000 0.170978 
2132.000000 0.170685 
2133.000000 0.170393 
2134.000000 0.170101 
2135.000000 0.169809 
2136.000000 0.169518 
2137.000000 0.169227 
2138.000000 0.168936 
2139.000000 0.168646 
2140.000000 0.168356 
2141.000000 0.168066 
2142.000000 0.167777 
2143.000000 0.167488 
2144.000000 0.167199 
2145.000000 0.166911 
2146.000000 0.166622 
2147.000000 0.166335 
2148.000000 0.166047 
2149.000000 0.165760 
2150.000000 0.165474 
2151.000000 0.165187 
2152.000000 0.164901 
2153.000000 0.164615 
2154.000000 0.164330 
2155.000000 0.164045 
2156.000000 0.163760 
2157.000000 0.163475 
2158.000000 0.163191 
2159.000000 0.162907 
2160.000000 0.162624 
2161.000000 0.162341 
2162.000000 0.162058 
2163.000000 0.161775 
2164.000000 0.161493 
2165.000000 0.161211 
2166.000000 0.160930 
2167.000000 0.160649 
2168.000000 0.160368 
2169.000000 0.160087 
2170.000000 0.159807 
2171.000000 0.159527 
2172.000000 0.159247 
2173.000000 0.158968 
2174.000000 0.158689 
2175.000000 0.158411 
2176.000000 0.158132 
2177.000000 0.157854 
2178.000000 0.157577 
2179.000000 0.157299 
2180.000000 0.157022 
2181.000000 0.156746 
2182.000000 0.156469 
2183.000000 0.156193 
2184.000000 0.155918 
2185.000000 0.155642 
2186.000000 0.155367 
2187.000000 0.155093 
2188.000000 0.154818 
2189.000000 0.154544 
2190.000000 0.154270 
2191.000000 0.153997 
2192.000000 0.153724 
2193.000000 0.153451 
2194.000000 0.153179 
2195.000000 0.152906 
2196.000000 0.152635 
2197.000000 0.152363 
2198.000000 0.152092 
2199.000000 0.151821 
2200.000000 0.151551 
2201.000000 0.151280 
2202.000000 0.151011 
2203.000000 0.150741 
2204.000000 0.150472 
2205.000000 0.150203 
2206.000000 0.149934 
2207.000000 0.149666 
2208.000000 0.149398 
2209.000000 0.149130 
2210.000000 0.148863 
2211.000000 0.148596 
2212.000000 0.148330 
2213.000000 0.148063 
2214.000000 0.147797 
2215.000000 0.147532 
2216.000000 0.147266 
2217.000000 0.147001 
2218.000000 0.146736 
2219.000000 0.146472 
2220.000000 0.146208 
2221.000000 0.145944 
2222.000000 0.145681 
2223.000000 0.145418 
2224.000000 0.145155 
2225.000000 0.144892 
2226.000000 0.144630 
2227.000000 0.144368 
2228.000000 0.144107 
2229.000000 0.143846 
2230.000000 0.143585 
2231.000000 0.143324 
2232.000000 0.143064 
2233.000000 0.142804 
2234.000000 0.142545 
2235.000000 0.142285 
2236.000000 0.142026 
2237.000000 0.141768 
2238.000000 0.141510 
2239.000000 0.141252 
2240.000000 0.140994 
2241.000000 0.140737 
2242.000000 0.140480 
2243.000000 0.140223 
2244.000000 0.139966 
2245.000000 0.139710 
2246.000000 0.139455 
2247.000000 0.139199 
2248.000000 0.138944 
2249.000000 0.138689 
2250.000000 0.138435 
2251.000000 0.138181 
2252.000000 0.137927 
2253.000000 0.137673 
2254.000000 0.137420 
2255.000000 0.137167 
2256.000000 0.136915 
2257.000000 0.136662 
2258.000000 0.136410 
2259.000000 0.136159 
2260.000000 0.135908 
2261.000000 0.135657 
2262.000000 0.135406 
2263.000000 0.135156 
2264.000000 0.134906 
2265.000000 0.134656 
2266.000000 0.134407 
2267.000000 0.134157 
2268.000000 0.133909 
2269.000000 0.133660 
2270.000000 0.133412 
2271.000000 0.133164 
2272.000000 0.132917 
2273.000000 0.132670 
2274.000000 0.132423 
2275.000000 0.132176 
2276.000000 0.131930 
2277.000000 0.131684 
2278.000000 0.131439 
2279.000000 0.131193 
2280.000000 0.130948 
2281.000000 0.130704 
2282.000000 0.130459 
2283.000000 0.130215 
2284.000000 0.129972 
2285.000000 0.129728 
2286.000000 0.129485 
2287.000000 0.129242 
2288.000000 0.129000 
2289.000000 0.128758 
2290.000000 0.128516 
2291.000000 0.128275 
2292.000000 0.128033 
2293.000000 0.127793 
2294.000000 0.127552 
2295.000000 0.127312 
2296.000000 0.127072 
2297.000000 0.126832 
2298.000000 0.126593 
2299.000000 0.126354 
2300.000000 0.126115 
2301.000000 0.125877 
2302.000000 0.125639 
2303.000000 0.125401 
2304.000000 0.125164 
2305.000000 0.124927 
2306.000000 0.124690 
2307.000000 0.124453 
2308.000000 0.124217 
2309.000000 0.123981 
2310.000000 0.123746 
2311.000000 0.123510 
2312.000000 0.123276 
2313.000000 0.123041 
2314.000000 0.122807 
2315.000000 0.122573 
2316.000000 0.122339 
2317.000000 0.122106 
2318.000000 0.121872 
2319.000000 0.121640 
2320.000000 0.121407 
2321.000000 0.121175 
2322.000000 0.120943 
2323.000000 0.120712 
2324.000000 0.120481 
2325.000000 0.120250 
2326.000000 0.120019 
2327.000000 0.119789 
2328.000000 0.119559 
2329.000000 0.119329 
2330.000000 0.119100 
2331.000000 0.118871 
2332.000000 0.118642 
2333.000000 0.118414 
2334.000000 0.118185 
2335.000000 0.117958 
2336.000000 0.117730 
2337.000000 0.117503 
2338.000000 0.117276 
2339.000000 0.117049 
2340.000000 0.116823 
2341.000000 0.116597 
2342.000000 0.116372 
2343.000000 0.116146 
2344.000000 0.115921 
2345.000000 0.115696 
2346.000000 0.115472 
2347.000000 0.115248 
2348.000000 0.115024 
2349.000000 0.114800 
2350.000000 0.114577 
2351.000000 0.114354 
2352.000000 0.114132 
2353.000000 0.113909 
2354.000000 0.113687 
2355.000000 0.113466 
2356.000000 0.113244 
2357.000000 0.113023 
2358.000000 0.112802 
2359.000000 0.112582 
2360.000000 0.112362 
2361.000000 0.112142 
2362.000000 0.111922 
2363.000000 0.111703 
2364.000000 0.111484 
2365.000000 0.111265 
2366.000000 0.111047 
2367.000000 0.110829 
2368.000000 0.110611 
2369.000000 0.110394 
2370.000000 0.110176 
2371.000000 0.109960 
2372.000000 0.109743 
2373.000000 0.109527 
2374.000000 0.109311 
2375.000000 0.109095 
2376.000000 0.108880 
2377.000000 0.108665 
2378.000000 0.108450 
2379.000000 0.108235 
2380.000000 0.108021 
2381.000000 0.107807 
2382.000000 0.107594 
2383.000000 0.107381 
2384.000000 0.107168 
2385.000000 0.106955 
2386.000000 0.106743 
2387.000000 0.106531 
2388.000000 0.106319 
2389.000000 0.106107 
2390.000000 0.105896 
2391.000000 0.105685 
2392.000000 0.105475 
2393.000000 0.105264 
2394.000000 0.105054 
2395.000000 0.104845 
2396.000000 0.104635 
2397.000000 0.104426 
2398.000000 0.104217 
2399.000000 0.104009 
2400.000000 0.103801 
2401.000000 0.103593 
2402.000000 0.103385 
2403.000000 0.103178 
2404.000000 0.102971 
2405.000000 0.102764 
2406.000000 0.102558 
2407.000000 0.102351 
2408.000000 0.102146 
2409.000000 0.101940 
2410.000000 0.101735 
2411.000000 0.101530 
2412.000000 0.101325 
2413.000000 0.101121 
2414.000000 0.100917 
2415.000000 0.100713 
2416.000000 0.100509 
2417.000000 0.100306 
2418.000000 0.100103 
2419.000000 0.099901 
2420.000000 0.099698 
2421.000000 0.099496 
2422.000000 0.099294 
2423.000000 0.099093 
2424.000000 0.098892 
2425.000000 0.098691 
2426.000000 0.098490 
2427.000000 0.098290 
2428.000000 0.098090 
2429.000000 0.097890 
2430.000000 0.097691 
2431.000000 0.097492 
2432.000000 0.097293 
2433.000000 0.097094 
2434.000000 0.096896 
2435.000000 0.096698 
2436.000000 0.096500 
2437.000000 0.096303 
2438.000000 0.096106 
2439.000000 0.095909 
2440.000000 0.095713 
2441.000000 0.095516 
2442.000000 0.095320 
2443.000000 0.095125 
2444.000000 0.094929 
2445.000000 0.094734 
2446.000000 0.094539 
2447.000000 0.094345 
2448.000000 0.094151 
2449.000000 0.093957 
2450.000000 0.093763 
2451.000000 0.093570 
2452.000000 0.093377 
2453.000000 0.093184 
2454.000000 0.092991 
2455.000000 0.092799 
2456.000000 0.092607 
2457.000000 0.092415 
2458.000000 0.092224 
2459.000000 0.092033 
2460.000000 0.091842 
2461.000000 0.091652 
2462.000000 0.091461 
2463.000000 0.091271 
2464.000000 0.091082 
2465.000000 0.090892 
2466.000000 0.090703 
2467.000000 0.090514 
2468.000000 0.090326 
2469.000000 0.090138 
2470.000000 0.089950 
2471.000000 0.089762 
2472.000000 0.089574 
2473.000000 0.089387 
2474.000000 0.089200 
2475.000000 0.089014 
2476.000000 0.088828 
2477.000000 0.088642 
2478.000000 0.088456 
2479.000000 0.088270 
2480.000000 0.088085 
2481.000000 0.087900 
2482.000000 0.087716 
2483.000000 0.087531 
2484.000000 0.087347 
2485.000000 0.087164 
2486.000000 0.086980 
2487.000000 0.086797 
2488.000000 0.086614 
2489.000000 0.086431 
2490.000000 0.086249 
2491.000000 0.086067 
2492.000000 0.085885 
2493.000000 0.085703 
2494.000000 0.085522 
2495.000000 0.085341 
2496.000000 0.085161 
2497.000000 0.084980 
2498.000000 0.084800 
2499.000000 0.084620 
2500.000000 0.084441 
2501.000000 0.084261 
2502.000000 0.084082 
2503.000000 0.083903 
2504.000000 0.083725 
2505.000000 0.083547 
2506.000000 0.083369 
2507.000000 0.083191 
2508.000000 0.083014 
2509.000000 0.082837 
2510.000000 0.082660 
2511.000000 0.082483 
2512.000000 0.082307 
2513.000000 0.082131 
2514.000000 0.081955 
2515.000000 0.081780 
2516.000000 0.081604 
2517.000000 0.081429 
2518.000000 0.081255 
2519.000000 0.081080 
2520.000000 0.080906 
2521.000000 0.080733 
2522.000000 0.080559 
2523.000000 0.080386 
2524.000000 0.080213 
2525.000000 0.080040 
2526.000000 0.079867 
2527.000000 0.079695 
2528.000000 0.079523 
2529.000000 0.079352 
2530.000000 0.079180 
2531.000000 0.079009 
2532.000000 0.078838 
2533.000000 0.078668 
2534.000000 0.078497 
2535.000000 0.078327 
2536.000000 0.078158 
2537.000000 0.077988 
2538.000000 0.077819 
2539.000000 0.077650 
2540.000000 0.077481 
2541.000000 0.077313 
2542.000000 0.077145 
2543.000000 0.076977 
2544.000000 0.076809 
2545.000000 0.076642 
2546.000000 0.076475 
2547.000000 0.076308 
2548.000000 0.076141 
2549.000000 0.075975 
2550.000000 0.075809 
2551.000000 0.075643 
2552.000000 0.075478 
2553.000000 0.075312 
2554.000000 0.075147 
2555.000000 0.074983 
2556.000000 0.074818 
2557.000000 0.074654 
2558.000000 0.074490 
2559.000000 0.074326 
2560.000000 0.074163 
2561.000000 0.074000 
2562.000000 0.073837 
2563.000000 0.073675 
2564.000000 0.073512 
2565.000000 0.073350 
2566.000000 0.073188 
2567.000000 0.073027 
2568.000000 0.072866 
2569.000000 0.072704 
2570.000000 0.072544 
2571.000000 0.072383 
2572.000000 0.072223 
2573.000000 0.072063 
2574.000000 0.071903 
2575.000000 0.071744 
2576.000000 0.071585 
2577.000000 0.071426 
2578.000000 0.071267 
2579.000000 0.071109 
2580.000000 0.070950 
2581.000000 0.070793 
2582.000000 0.070635 
2583.000000 0.070478 
2584.000000 0.070320 
2585.000000 0.070164 
2586.000000 0.070007 
2587.000000 0.069851 
2588.000000 0.069695 
2589.000000 0.069539 
2590.000000 0.069383 
2591.000000 0.069228 
2592.000000 0.069073 
2593.000000 0.068918 
2594.000000 0.068763 
2595.000000 0.068609 
2596.000000 0.068455 
2597.000000 0.068301 
2598.000000 0.068148 
2599.000000 0.067994 
2600.000000 0.067841 
2601.000000 0.067689 
2602.000000 0.067536 
2603.000000 0.067384 
2604.000000 0.067232 
2605.000000 0.067080 
2606.000000 0.066929 
2607.000000 0.066777 
2608.000000 0.066626 
2609.000000 0.066476 
2610.000000 0.066325 
2611.000000 0.066175 
2612.000000 0.066025 
2613.000000 0.065875 
2614.000000 0.065726 
2615.000000 0.065577 
2616.000000 0.065428 
2617.000000 0.065279 
2618.000000 0.065130 
2619.000000 0.064982 
2620.000000 0.064834 
2621.000000 0.064686 
2622.000000 0.064539 
2623.000000 0.064392 
2624.000000 0.064245 
2625.000000 0.064098 
2626.000000 0.063951 
2627.000000 0.063805 
2628.000000 0.063659 
2629.000000 0.063513 
2630.000000 0.063368 
2631.000000 0.063223 
2632.000000 0.063078 
2633.000000 0.062933 
2634.000000 0.062788 
2635.000000 0.062644 
2636.000000 0.062500 
2637.000000 0.062356 
2638.000000 0.062213 
2639.000000 0.062070 
2640.000000 0.061927 
2641.000000 0.061784 
2642.000000 0.061641 
2643.000000 0.061499 
2644.000000 0.061357 
2645.000000 0.061215 
2646.000000 0.061073 
2647.000000 0.060932 
2648.000000 0.060791 
2649.000000 0.060650 
2650.000000 0.060510 
2651.000000 0.060369 
2652.000000 0.060229 
2653.000000 0.060089 
2654.000000 0.059950 
2655.000000 0.059810 
2656.000000 0.059671 
2657.000000 0.059532 
2658.000000 0.059393 
2659.000000 0.059255 
2660.000000 0.059117 
2661.000000 0.058979 
2662.000000 0.058841 
2663.000000 0.058704 
2664.000000 0.058566 
2665.000000 0.058429 
2666.000000 0.058293 
2667.000000 0.058156 
2668.000000 0.058020 
2669.000000 0.057884 
2670.000000 0.057748 
2671.000000 0.057612 
2672.000000 0.057477 
2673.000000 0.057342 
2674.000000 0.057207 
2675.000000 0.057073 
2676.000000 0.056938 
2677.000000 0.056804 
2678.000000 0.056670 
2679.000000 0.056536 
2680.000000 0.056403 
2681.000000 0.056270 
2682.000000 0.056137 
2683.000000 0.056004 
2684.000000 0.055872 
2685.000000 0.055739 
2686.000000 0.055607 
2687.000000 0.055475 
2688.000000 0.055344 
2689.000000 0.055213 
2690.000000 0.055081 
2691.000000 0.054951 
2692.000000 0.054820 
2693.000000 0.054690 
2694.000000 0.054559 
2695.000000 0.054429 
2696.000000 0.054300 
2697.000000 0.054170 
2698.000000 0.054041 
2699.000000 0.053912 
2700.000000 0.053783 
2701.000000 0.053655 
2702.000000 0.053526 
2703.000000 0.053398 
2704.000000 0.053270 
2705.000000 0.053143 
2706.000000 0.053015 
2707.000000 0.052888 
2708.000000 0.052761 
2709.000000 0.052634 
2710.000000 0.052508 
2711.000000 0.052382 
2712.000000 0.052256 
2713.000000 0.052130 
2714.000000 0.052004 
2715.000000 0.051879 
2716.000000 0.051754 
2717.000000 0.051629 
2718.000000 0.051504 
2719.000000 0.051380 
2720.000000 0.051256 
2721.000000 0.051132 
2722.000000 0.051008 
2723.000000 0.050884 
2724.000000 0.050761 
2725.000000 0.050638 
2726.000000 0.050515 
2727.000000 0.050392 
2728.000000 0.050270 
2729.000000 0.050148 
2730.000000 0.050026 
2731.000000 0.049904 
2732.000000 0.049782 
2733.000000 0.049661 
2734.000000 0.049540 
2735.000000 0.049419 
2736.000000 0.049299 
2737.000000 0.049178 
2738.000000 0.049058 
2739.000000 0.048938 
2740.000000 0.048818 
2741.000000 0.048699 
2742.000000 0.048579 
2743.000000 0.048460 
2744.000000 0.048341 
2745.000000 0.048223 
2746.000000 0.048104 
2747.000000 0.047986 
2748.000000 0.047868 
2749.000000 0.047750 
2750.000000 0.047633 
2751.000000 0.047515 
2752.000000 0.047398 
2753.000000 0.047281 
2754.000000 0.047165 
2755.000000 0.047048 
2756.000000 0.046932 
2757.000000 0.046816 
2758.000000 0.046700 
2759.000000 0.046584 
2760.000000 0.046469 
2761.000000 0.046354 
2762.000000 0.046239 
2763.000000 0.046124 
2764.000000 0.046010 
2765.000000 0.045895 
2766.000000 0.045781 
2767.000000 0.045667 
2768.000000 0.045554 
2769.000000 0.045440 
2770.000000 0.045327 
2771.000000 0.045214 
2772.000000 0.045101 
2773.000000 0.044989 
2774.000000 0.044876 
2775.000000 0.044764 
2776.000000 0.044652 
2777.000000 0.044540 
2778.000000 0.044429 
2779.000000 0.044317 
2780.000000 0.044206 
2781.000000 0.044095 
2782.000000 0.043985 
2783.000000 0.043874 
2784.000000 0.043764 
2785.000000 0.043654 
2786.000000 0.043544 
2787.000000 0.043434 
2788.000000 0.043325 
2789.000000 0.043216 
2790.000000 0.043107 
2791.000000 0.042998 
2792.000000 0.042889 
2793.000000 0.042781 
2794.000000 0.042673 
2795.000000 0.042565 
2796.000000 0.042457 
2797.000000 0.042349 
2798.000000 0.042242 
2799.000000 0.042135 
2800.000000 0.042028 
2801.000000 0.041921 
2802.000000 0.041815 
2803.000000 0.041708 
2804.000000 0.041602 
2805.000000 0.041496 
2806.000000 0.041391 
2807.000000 0.041285 
2808.000000 0.041180 
2809.000000 0.041075 
2810.000000 0.040970 
2811.000000 0.040865 
2812.000000 0.040760 
2813.000000 0.040656 
2814.000000 0.040552 
2815.000000 0.040448 
2816.000000 0.040345 
2817.000000 0.040241 
2818.000000 0.040138 
2819.000000 0.040035 
2820.000000 0.039932 
2821.000000 0.039829 
2822.000000 0.039727 
2823.000000 0.039624 
2824.000000 0.039522 
2825.000000 0.039420 
2826.000000 0.039319 
2827.000000 0.039217 
2828.000000 0.039116 
2829.000000 0.039015 
2830.000000 0.038914 
2831.000000 0.038813 
2832.000000 0.038713 
2833.000000 0.038613 
2834.000000 0.038512 
2835.000000 0.038413 
2836.000000 0.038313 
2837.000000 0.038213 
2838.000000 0.038114 
2839.000000 0.038015 
2840.000000 0.037916 
2841.000000 0.037817 
2842.000000 0.037719 
2843.000000 0.037620 
2844.000000 0.037522 
2845.000000 0.037424 
2846.000000 0.037327 
2847.000000 0.037229 
2848.000000 0.037132 
2849.000000 0.037035 
2850.000000 0.036938 
2851.000000 0.036841 
2852.000000 0.036744 
2853.000000 0.036648 
2854.000000 0.036552 
2855.000000 0.036456 
2856.000000 0.036360 
2857.000000 0.036264 
2858.000000 0.036169 
2859.000000 0.036074 
2860.000000 0.035979 
2861.000000 0.035884 
2862.000000 0.035789 
2863.000000 0.035695 
2864.000000 0.035600 
2865.000000 0.035506 
2866.000000 0.035412 
2867.000000 0.035319 
2868.000000 0.035225 
2869.000000 0.035132 
2870.000000 0.035039 
2871.000000 0.034946 
2872.000000 0.034853 
2873.000000 0.034760 
2874.000000 0.034668 
2875.000000 0.034576 
2876.000000 0.034484 
2877.000000 0.034392 
2878.000000 0.034300 
2879.000000 0.034209 
2880.000000 0.034117 
2881.000000 0.034026 
2882.000000 0.033935 
2883.000000 0.033845 
2884.000000 0.033754 
2885.000000 0.033664 
2886.000000 0.033574 
2887.000000 0.033484 
2888.000000 0.033394 
2889.000000 0.033304 
2890.000000 0.033215 
2891.000000 0.033126 
2892.000000 0.033036 
2893.000000 0.032948 
2894.000000 0.032859 
2895.000000 0.032770 
2896.000000 0.032682 
2897.000000 0.032594 
2898.000000 0.032506 
2899.000000 0.032418 
2900.000000 0.032331 
2901.000000 0.032243 
2902.000000 0.032156 
2903.000000 0.032069 
2904.000000 0.031982 
2905.000000 0.031895 
2906.000000 0.031809 
2907.000000 0.031722 
2908.000000 0.031636 
2909.000000 0.031550 
2910.000000 0.031464 
2911.000000 0.031379 
2912.000000 0.031293 
2913.000000 0.031208 
2914.000000 0.031123 
2915.000000 0.031038 
2916.000000 0.030953 
2917.000000 0.030869 
2918.000000 0.030784 
2919.000000 0.030700 
2920.000000 0.030616 
2921.000000 0.030532 
2922.000000 0.030449 
2923.000000 0.030365 
2924.000000 0.030282 
2925.000000 0.030199 
2926.000000 0.030116 
2927.000000 0.030033 
2928.000000 0.029950 
2929.000000 0.029868 
2930.000000 0.029786 
2931.000000 0.029704 
2932.000000 0.029622 
2933.000000 0.029540 
2934.000000 0.029458 
2935.000000 0.029377 
2936.000000 0.029296 
2937.000000 0.029215 
2938.000000 0.029134 
2939.000000 0.029053 
2940.000000 0.028972 
2941.000000 0.028892 
2942.000000 0.028812 
2943.000000 0.028732 
2944.000000 0.028652 
2945.000000 0.028572 
2946.000000 0.028493 
2947.000000 0.028413 
2948.000000 0.028334 
2949.000000 0.028255 
2950.000000 0.028176 
2951.000000 0.028098 
2952.000000 0.028019 
2953.000000 0.027941 
2954.000000 0.027863 
2955.000000 0.027785 
2956.000000 0.027707 
2957.000000 0.027629 
2958.000000 0.027552 
2959.000000 0.027474 
2960.000000 0.027397 
2961.000000 0.027320 
2962.000000 0.027243 
2963.000000 0.027167 
2964.000000 0.027090 
2965.000000 0.027014 
2966.000000 0.026938 
2967.000000 0.026862 
2968.000000 0.026786 
2969.000000 0.026710 
2970.000000 0.026635 
2971.000000 0.026559 
2972.000000 0.026484 
2973.000000 0.026409 
2974.000000 0.026334 
2975.000000 0.026260 
2976.000000 0.026185 
2977.000000 0.026111 
2978.000000 0.026037 
2979.000000 0.025963 
2980.000000 0.025889 
2981.000000 0.025815 
2982.000000 0.025742 
2983.000000 0.025668 
2984.000000 0.025595 
2985.000000 0.025522 
2986.000000 0.025449 
2987.000000 0.025376 
2988.000000 0.025304 
2989.000000 0.025231 
2990.000000 0.025159 
2991.000000 0.025087 
2992.000000 0.025015 
2993.000000 0.024943 
2994.000000 0.024872 
2995.000000 0.024800 
2996.000000 0.024729 
2997.000000 0.024658 
2998.000000 0.024587 
2999.000000 0.024516 
3000.000000 0.024445 
3001.000000 0.024375 
3002.000000 0.024304 
3003.000000 0.024234 
3004.000000 0.024164 
3005.000000 0.024094 
3006.000000 0.024025 
3007.000000 0.023955 
3008.000000 0.023886 
3009.000000 0.023816 
3010.000000 0.023747 
3011.000000 0.023678 
3012.000000 0.023609 
3013.000000 0.023541 
3014.000000 0.023472 
3015.000000 0.023404 
3016.000000 0.023336 
3017.000000 0.023268 
3018.000000 0.023200 
3019.000000 0.023132 
3020.000000 0.023065 
3021.000000 0.022997 
3022.000000 0.022930 
3023.000000 0.022863 
3024.000000 0.022796 
3025.000000 0.022729 
3026.000000 0.022662 
3027.000000 0.022596 
3028.000000 0.022529 
3029.000000 0.022463 
3030.000000 0.022397 
3031.000000 0.022331 
3032.000000 0.022266 
3033.000000 0.022200 
3034.000000 0.022134 
3035.000000 0.022069 
3036.000000 0.022004 
3037.000000 0.021939 
3038.000000 0.021874 
3039.000000 0.021809 
3040.000000 0.021745 
3041.000000 0.021680 
3042.000000 0.021616 
3043.000000 0.021552 
3044.000000 0.021488 
3045.000000 0.021424 
3046.000000 0.021360 
3047.000000 0.021297 
3048.000000 0.021234 
3049.000000 0.021170 
3050.000000 0.021107 
3051.000000 0.021044 
3052.000000 0.020981 
3053.000000 0.020919 
3054.000000 0.020856 
3055.000000 0.020794 
3056.000000 0.020732 
3057.000000 0.020669 
3058.000000 0.020608 
3059.000000 0.020546 
3060.000000 0.020484 
3061.000000 0.020423 
3062.000000 0.020361 
3063.000000 0.020300 
3064.000000 0.020239 
3065.000000 0.020178 
3066.000000 0.020117 
3067.000000 0.020056 
3068.000000 0.019996 
3069.000000 0.019935 
3070.000000 0.019875 
3071.000000 0.019815 
3072.000000 0.019755 
3073.000000 0.019695 
3074.000000 0.019636 
3075.000000 0.019576 
3076.000000 0.019517 
3077.000000 0.019457 
3078.000000 0.019398 
3079.000000 0.019339 
3080.000000 0.019280 
3081.000000 0.019222 
3082.000000 0.019163 
3083.000000 0.019105 
3084.000000 0.019046 
3085.000000 0.018988 
3086.000000 0.018930 
3087.000000 0.018872 
3088.000000 0.018815 
3089.000000 0.018757 
3090.000000 0.018699 
3091.000000 0.018642 
3092.000000 0.018585 
3093.000000 0.018528 
3094.000000 0.018471 
3095.000000 0.018414 
3096.000000 0.018357 
3097.000000 0.018301 
3098.000000 0.018244 
3099.000000 0.018188 
3100.000000 0.018132 
3101.000000 0.018076 
3102.000000 0.018020 
3103.000000 0.017964 
3104.000000 0.017909 
3105.000000 0.017853 
3106.000000 0.017798 
3107.000000 0.017743 
3108.000000 0.017688 
3109.000000 0.017633 
3110.000000 0.017578 
3111.000000 0.017523 
3112.000000 0.017469 
3113.000000 0.017414 
3114.000000 0.017360 
3115.000000 0.017306 
3116.000000 0.017252 
3117.000000 0.017198 
3118.000000 0.017144 
3119.000000 0.017091 
3120.000000 0.017037 
3121.000000 0.016984 
3122.000000 0.016930 
3123.000000 0.016877 
3124.000000 0.016824 
3125.000000 0.016771 
3126.000000 0.016719 
3127.000000 0.016666 
3128.000000 0.016614 
3129.000000 0.016561 
3130.000000 0.016509 
3131.000000 0.016457 
3132.000000 0.016405 
3133.000000 0.016353 
3134.000000 0.016301 
3135.000000 0.016250 
3136.000000 0.016198 
3137.000000 0.016147 
3138.000000 0.016096 
3139.000000 0.016045 
3140.000000 0.015994 
3141.000000 0.015943 
3142.000000 0.015892 
3143.000000 0.015842 
3144.000000 0.015791 
3145.000000 0.015741 
3146.000000 0.015691 
3147.000000 0.015641 
3148.000000 0.015591 
3149.000000 0.015541 
3150.000000 0.015491 
3151.000000 0.015442 
3152.000000 0.015392 
3153.000000 0.015343 
3154.000000 0.015293 
3155.000000 0.015244 
3156.000000 0.015195 
3157.000000 0.015147 
3158.000000 0.015098 
3159.000000 0.015049 
3160.000000 0.015001 
3161.000000 0.014952 
3162.000000 0.014904 
3163.000000 0.014856 
3164.000000 0.014808 
3165.000000 0.014760 
3166.000000 0.014712 
3167.000000 0.014665 
3168.000000 0.014617 
3169.000000 0.014570 
3170.000000 0.014522 
3171.000000 0.014475 
3172.000000 0.014428 
3173.000000 0.014381 
3174.000000 0.014334 
3175.000000 0.014288 
3176.000000 0.014241 
3177.000000 0.014195 
3178.000000 0.014148 
3179.000000 0.014102 
3180.000000 0.014056 
3181.000000 0.014010 
3182.000000 0.013964 
3183.000000 0.013918 
3184.000000 0.013873 
3185.000000 0.013827 
3186.000000 0.013782 
3187.000000 0.013736 
3188.000000 0.013691 
3189.000000 0.013646 
3190.000000 0.013601 
3191.000000 0.013556 
3192.000000 0.013511 
3193.000000 0.013467 
3194.000000 0.013422 
3195.000000 0.013378 
3196.000000 0.013334 
3197.000000 0.013290 
3198.000000 0.013245 
3199.000000 0.013202 
3200.000000 0.013158 
3201.000000 0.013114 
3202.000000 0.013070 
3203.000000 0.013027 
3204.000000 0.012984 
3205.000000 0.012940 
3206.000000 0.012897 
3207.000000 0.012854 
3208.000000 0.012811 
3209.000000 0.012768 
3210.000000 0.012726 
3211.000000 0.012683 
3212.000000 0.012641 
3213.000000 0.012598 
3214.000000 0.012556 
3215.000000 0.012514 
3216.000000 0.012472 
3217.000000 0.012430 
3218.000000 0.012388 
3219.000000 0.012346 
3220.000000 0.012305 
3221.000000 0.012263 
3222.000000 0.012222 
3223.000000 0.012180 
3224.000000 0.012139 
3225.000000 0.012098 
3226.000000 0.012057 
3227.000000 0.012016 
3228.000000 0.011976 
3229.000000 0.011935 
3230.000000 0.011895 
3231.000000 0.011854 
3232.000000 0.011814 
3233.000000 0.011774 
3234.000000 0.011733 
3235.000000 0.011693 
3236.000000 0.011654 
3237.000000 0.011614 
3238.000000 0.011574 
3239.000000 0.011535 
3240.000000 0.011495 
3241.000000 0.011456 
3242.000000 0.011416 
3243.000000 0.011377 
3244.000000 0.011338 
3245.000000 0.011299 
3246.000000 0.011260 
3247.000000 0.011222 
3248.000000 0.011183 
3249.000000 0.011144 
3250.000000 0.011106 
3251.000000 0.011068 
3252.000000 0.011029 
3253.000000 0.010991 
3254.000000 0.010953 
3255.000000 0.010915 
3256.000000 0.010877 
3257.000000 0.010840 
3258.000000 0.010802 
3259.000000 0.010765 
3260.000000 0.010727 
3261.000000 0.010690 
3262.000000 0.010653 
3263.000000 0.010615 
3264.000000 0.010578 
3265.000000 0.010542 
3266.000000 0.010505 
3267.000000 0.010468 
3268.000000 0.010431 
3269.000000 0.010395 
3270.000000 0.010358 
3271.000000 0.010322 
3272.000000 0.010286 
3273.000000 0.010250 
3274.000000 0.010214 
3275.000000 0.010178 
3276.000000 0.010142 
3277.000000 0.010106 
3278.000000 0.010070 
3279.000000 0.010035 
3280.000000 0.009999 
3281.000000 0.009964 
3282.000000 0.009929 
3283.000000 0.009894 
3284.000000 0.009859 
3285.000000 0.009824 
3286.000000 0.009789 
3287.000000 0.009754 
3288.000000 0.009719 
3289.000000 0.009685 
3290.000000 0.009650 
3291.000000 0.009616 
3292.000000 0.009581 
3293.000000 0.009547 
3294.000000 0.009513 
3295.000000 0.009479 
3296.000000 0.009445 
3297.000000 0.009411 
3298.000000 0.009378 
3299.000000 0.009344 
3300.000000 0.009310 
3301.000000 0.009277 
3302.000000 0.009243 
3303.000000 0.009210 
3304.000000 0.009177 
3305.000000 0.009144 
3306.000000 0.009111 
3307.000000 0.009078 
3308.000000 0.009045 
3309.000000 0.009012 
3310.000000 0.008980 
3311.000000 0.008947 
3312.000000 0.008915 
3313.000000 0.008882 
3314.000000 0.008850 
3315.000000 0.008818 
3316.000000 0.008786 
3317.000000 0.008754 
3318.000000 0.008722 
3319.000000 0.008690 
3320.000000 0.008658 
3321.000000 0.008627 
3322.000000 0.008595 
3323.000000 0.008564 
3324.000000 0.008532 
3325.000000 0.008501 
3326.000000 0.008470 
3327.000000 0.008438 
3328.000000 0.008407 
3329.000000 0.008376 
3330.000000 0.008346 
3331.000000 0.008315 
3332.000000 0.008284 
3333.000000 0.008254 
3334.000000 0.008223 
3335.000000 0.008193 
3336.000000 0.008162 
3337.000000 0.008132 
3338.000000 0.008102 
3339.000000 0.008072 
3340.000000 0.008042 
3341.000000 0.008012 
3342.000000 0.007982 
3343.000000 0.007952 
3344.000000 0.007923 
3345.000000 0.007893 
3346.000000 0.007864 
3347.000000 0.007834 
3348.000000 0.007805 
3349.000000 0.007776 
3350.000000 0.007746 
3351.000000 0.007717 
3352.000000 0.007688 
3353.000000 0.007659 
3354.000000 0.007631 
3355.000000 0.007602 
3356.000000 0.007573 
3357.000000 0.007545 
3358.000000 0.007516 
3359.000000 0.007488 
3360.000000 0.007459 
3361.000000 0.007431 
3362.000000 0.007403 
3363.000000 0.007375 
3364.000000 0.007347 
3365.000000 0.007319 
3366.000000 0.007291 
3367.000000 0.007263 
3368.000000 0.007236 
3369.000000 0.007208 
3370.000000 0.007181 
3371.000000 0.007153 
3372.000000 0.007126 
3373.000000 0.007099 
3374.000000 0.007071 
3375.000000 0.007044 
3376.000000 0.007017 
3377.000000 0.006990 
3378.000000 0.006963 
3379.000000 0.006937 
3380.000000 0.006910 
3381.000000 0.006883 
3382.000000 0.006857 
3383.000000 0.006830 
3384.000000 0.006804 
3385.000000 0.006778 
3386.000000 0.006751 
3387.000000 0.006725 
3388.000000 0.006699 
3389.000000 0.006673 
3390.000000 0.006647 
3391.000000 0.006621 
3392.000000 0.006596 
3393.000000 0.006570 
3394.000000 0.006544 
3395.000000 0.006519 
3396.000000 0.006493 
3397.000000 0.006468 
3398.000000 0.006443 
3399.000000 0.006417 
3400.000000 0.006392 
3401.000000 0.006367 
3402.000000 0.006342 
3403.000000 0.006317 
3404.000000 0.006292 
3405.000000 0.006267 
3406.000000 0.006243 
3407.000000 0.006218 
3408.000000 0.006194 
3409.000000 0.006169 
3410.000000 0.006145 
3411.000000 0.006120 
3412.000000 0.006096 
3413.000000 0.006072 
3414.000000 0.006048 
3415.000000 0.006024 
3416.000000 0.006000 
3417.000000 0.005976 
3418.000000 0.005952 
3419.000000 0.005928 
3420.000000 0.005905 
3421.000000 0.005881 
3422.000000 0.005857 
3423.000000 0.005834 
3424.000000 0.005811 
3425.000000 0.005787 
3426.000000 0.005764 
3427.000000 0.005741 
3428.000000 0.005718 
3429.000000 0.005695 
3430.000000 0.005672 
3431.000000 0.005649 
3432.000000 0.005626 
3433.000000 0.005603 
3434.000000 0.005581 
3435.000000 0.005558 
3436.000000 0.005535 
3437.000000 0.005513 
3438.000000 0.005491 
3439.000000 0.005468 
3440.000000 0.005446 
3441.000000 0.005424 
3442.000000 0.005402 
3443.000000 0.005380 
3444.000000 0.005358 
3445.000000 0.005336 
3446.000000 0.005314 
3447.000000 0.005292 
3448.000000 0.005270 
3449.000000 0.005249 
3450.000000 0.005227 
3451.000000 0.005206 
3452.000000 0.005184 
3453.000000 0.005163 
3454.000000 0.005142 
3455.000000 0.005120 
3456.000000 0.005099 
3457.000000 0.005078 
3458.000000 0.005057 
3459.000000 0.005036 
3460.000000 0.005015 
3461.000000 0.004995 
3462.000000 0.004974 
3463.000000 0.004953 
3464.000000 0.004932 
3465.000000 0.004912 
3466.000000 0.004891 
3467.000000 0.004871 
3468.000000 0.004851 
3469.000000 0.004830 
3470.000000 0.004810 
3471.000000 0.004790 
3472.000000 0.004770 
3473.000000 0.004750 
3474.000000 0.004730 
3475.000000 0.004710 
3476.000000 0.004690 
3477.000000 0.004670 
3478.000000 0.004650 
3479.000000 0.004631 
3480.000000 0.004611 
3481.000000 0.004592 
3482.000000 0.004572 
3483.000000 0.004553 
3484.000000 0.004533 
3485.000000 0.004514 
3486.000000 0.004495 
3487.000000 0.004476 
3488.000000 0.004457 
3489.000000 0.004438 
3490.000000 0.004419 
3491.000000 0.004400 
3492.000000 0.004381 
3493.000000 0.004362 
3494.000000 0.004344 
3495.000000 0.004325 
3496.000000 0.004306 
3497.000000 0.004288 
3498.000000 0.004269 
3499.000000 0.004251 
3500.000000 0.004233 
3501.000000 0.004214 
3502.000000 0.004196 
3503.000000 0.004178 
3504.000000 0.004160 
3505.000000 0.004142 
3506.000000 0.004124 
3507.000000 0.004106 
3508.000000 0.004088 
3509.000000 0.004070 
3510.000000 0.004052 
3511.000000 0.004035 
3512.000000 0.004017 
3513.000000 0.003999 
3514.000000 0.003982 
3515.000000 0.003964 
3516.000000 0.003947 
3517.000000 0.003930 
3518.000000 0.003912 
3519.000000 0.003895 
3520.000000 0.003878 
3521.000000 0.003861 
3522.000000 0.003844 
3523.000000 0.003827 
3524.000000 0.003810 
3525.000000 0.003793 
3526.000000 0.003776 
3527.000000 0.003759 
3528.000000 0.003743 
3529.000000 0.003726 
3530.000000 0.003710 
3531.000000 0.003693 
3532.000000 0.003677 
3533.000000 0.003660 
3534.000000 0.003644 
3535.000000 0.003627 
3536.000000 0.003611 
3537.000000 0.003595 
3538.000000 0.003579 
3539.000000 0.003563 
3540.000000 0.003547 
3541.000000 0.003531 
3542.000000 0.003515 
3543.000000 0.003499 
3544.000000 0.003483 
3545.000000 0.003467 
3546.000000 0.003452 
3547.000000 0.003436 
3548.000000 0.003420 
3549.000000 0.003405 
3550.000000 0.003389 
3551.000000 0.003374 
3552.000000 0.003358 
3553.000000 0.003343 
3554.000000 0.003328 
3555.000000 0.003313 
3556.000000 0.003297 
3557.000000 0.003282 
3558.000000 0.003267 
3559.000000 0.003252 
3560.000000 0.003237 
3561.000000 0.003222 
3562.000000 0.003208 
3563.000000 0.003193 
3564.000000 0.003178 
3565.000000 0.003163 
3566.000000 0.003149 
3567.000000 0.003134 
3568.000000 0.003120 
3569.000000 0.003105 
3570.000000 0.003091 
3571.000000 0.003076 
3572.000000 0.003062 
3573.000000 0.003048 
3574.000000 0.003033 
3575.000000 0.003019 
3576.000000 0.003005 
3577.000000 0.002991 
3578.000000 0.002977 
3579.000000 0.002963 
3580.000000 0.002949 
3581.000000 0.002935 
3582.000000 0.002921 
3583.000000 0.002907 
3584.000000 0.002894 
3585.000000 0.002880 
3586.000000 0.002866 
3587.000000 0.002853 
3588.000000 0.002839 
3589.000000 0.002826 
3590.000000 0.002812 
3591.000000 0.002799 
3592.000000 0.002786 
3593.000000 0.002772 
3594.000000 0.002759 
3595.000000 0.002746 
3596.000000 0.002733 
3597.000000 0.002720 
3598.000000 0.002707 
3599.000000 0.002694 
3600.000000 0.002681 
3601.000000 0.002668 
3602.000000 0.002655 
3603.000000 0.002642 
3604.000000 0.002629 
3605.000000 0.002617 
3606.000000 0.002604 
3607.000000 0.002591 
3608.000000 0.002579 
3609.000000 0.002566 
3610.000000 0.002554 
3611.000000 0.002541 
3612.000000 0.002529 
3613.000000 0.002516 
3614.000000 0.002504 
3615.000000 0.002492 
3616.000000 0.002480 
3617.000000 0.002467 
3618.000000 0.002455 
3619.000000 0.002443 
3620.000000 0.002431 
3621.000000 0.002419 
3622.000000 0.002407 
3623.000000 0.002395 
3624.000000 0.002384 
3625.000000 0.002372 
3626.000000 0.002360 
3627.000000 0.002348 
3628.000000 0.002337 
3629.000000 0.002325 
3630.000000 0.002313 
3631.000000 0.002302 
3632.000000 0.002290 
3633.000000 0.002279 
3634.000000 0.002268 
3635.000000 0.002256 
3636.000000 0.002245 
3637.000000 0.002234 
3638.000000 0.002222 
3639.000000 0.002211 
3640.000000 0.002200 
3641.000000 0.002189 
3642.000000 0.002178 
3643.000000 0.002167 
3644.000000 0.002156 
3645.000000 0.002145 
3646.000000 0.002134 
3647.000000 0.002123 
3648.000000 0.002112 
3649.000000 0.002102 
3650.000000 0.002091 
3651.000000 0.002080 
3652.000000 0.002070 
3653.000000 0.002059 
3654.000000 0.002048 
3655.000000 0.002038 
3656.000000 0.002027 
3657.000000 0.002017 
3658.000000 0.002007 
3659.000000 0.001996 
3660.000000 0.001986 
3661.000000 0.001976 
3662.000000 0.001965 
3663.000000 0.001955 
3664.000000 0.001945 
3665.000000 0.001935 
3666.000000 0.001925 
3667.000000 0.001915 
3668.000000 0.001905 
3669.000000 0.001895 
3670.000000 0.001885 
3671.000000 0.001875 
3672.000000 0.001865 
3673.000000 0.001856 
3674.000000 0.001846 
3675.000000 0.001836 
3676.000000 0.001826 
3677.000000 0.001817 
3678.000000 0.001807 
3679.000000 0.001798 
3680.000000 0.001788 
3681.000000 0.001779 
3682.000000 0.001769 
3683.000000 0.001760 
3684.000000 0.001750 
3685.000000 0.001741 
3686.000000 0.001732 
3687.000000 0.001722 
3688.000000 0.001713 
3689.000000 0.001704 
3690.000000 0.001695 
3691.000000 0.001686 
3692.000000 0.001677 
3693.000000 0.001668 
3694.000000 0.001659 
3695.000000 0.001650 
3696.000000 0.001641 
3697.000000 0.001632 
3698.000000 0.001623 
3699.000000 0.001614 
3700.000000 0.001606 
3701.000000 0.001597 
3702.000000 0.001588 
3703.000000 0.001579 
3704.000000 0.001571 
3705.000000 0.001562 
3706.000000 0.001554 
3707.000000 0.001545 
3708.000000 0.001537 
3709.000000 0.001528 
3710.000000 0.001520 
3711.000000 0.001511 
3712.000000 0.001503 
3713.000000 0.001495 
3714.000000 0.001486 
3715.000000 0.001478 
3716.000000 0.001470 
3717.000000 0.001462 
3718.000000 0.001454 
3719.000000 0.001446 
3720.000000 0.001438 
3721.000000 0.001429 
3722.000000 0.001421 
3723.000000 0.001414 
3724.000000 0.001406 
3725.000000 0.001398 
3726.000000 0.001390 
3727.000000 0.001382 
3728.000000 0.001374 
3729.000000 0.001366 
3730.000000 0.001359 
3731.000000 0.001351 
3732.000000 0.001343 
3733.000000 0.001336 
3734.000000 0.001328 
3735.000000 0.001321 
3736.000000 0.001313 
3737.000000 0.001305 
3738.000000 0.001298 
3739.000000 0.001291 
3740.000000 0.001283 
3741.000000 0.001276 
3742.000000 0.001268 
3743.000000 0.001261 
3744.000000 0.001254 
3745.000000 0.001247 
3746.000000 0.001239 
3747.000000 0.001232 
3748.000000 0.001225 
3749.000000 0.001218 
3750.000000 0.001211 
3751.000000 0.001204 
3752.000000 0.001197 
3753.000000 0.001190 
3754.000000 0.001183 
3755.000000 0.001176 
3756.000000 0.001169 
3757.000000 0.001162 
3758.000000 0.001155 
3759.000000 0.001148 
3760.000000 0.001142 
3761.000000 0.001135 
3762.000000 0.001128 
3763.000000 0.001122 
3764.000000 0.001115 
3765.000000 0.001108 
3766.000000 0.001102 
3767.000000 0.001095 
3768.000000 0.001089 
3769.000000 0.001082 
3770.000000 0.001076 
3771.000000 0.001069 
3772.000000 0.001063 
3773.000000 0.001056 
3774.000000 0.001050 
3775.000000 0.001044 
3776.000000 0.001037 
3777.000000 0.001031 
3778.000000 0.001025 
3779.000000 0.001019 
3780.000000 0.001012 
3781.000000 0.001006 
3782.000000 0.001000 
3783.000000 0.000994 
3784.000000 0.000988 
3785.000000 0.000982 
3786.000000 0.000976 
3787.000000 0.000970 
3788.000000 0.000964 
3789.000000 0.000958 
3790.000000 0.000952 
3791.000000 0.000946 
3792.000000 0.000940 
3793.000000 0.000934 
3794.000000 0.000929 
3795.000000 0.000923 
3796.000000 0.000917 
3797.000000 0.000911 
3798.000000 0.000906 
3799.000000 0.000900 
3800.000000 0.000895 
3801.000000 0.000889 
3802.000000 0.000883 
3803.000000 0.000878 
3804.000000 0.000872 
3805.000000 0.000867 
3806.000000 0.000861 
3807.000000 0.000856 
3808.000000 0.000850 
3809.000000 0.000845 
3810.000000 0.000840 
3811.000000 0.000834 
3812.000000 0.000829 
3813.000000 0.000824 
3814.000000 0.000818 
3815.000000 0.000813 
3816.000000 0.000808 
3817.000000 0.000803 
3818.000000 0.000798 
3819.000000 0.000793 
3820.000000 0.000787 
3821.000000 0.000782 
3822.000000 0.000777 
3823.000000 0.000772 
3824.000000 0.000767 
3825.000000 0.000762 
3826.000000 0.000757 
3827.000000 0.000752 
3828.000000 0.000748 
3829.000000 0.000743 
3830.000000 0.000738 
3831.000000 0.000733 
3832.000000 0.000728 
3833.000000 0.000723 
3834.000000 0.000719 
3835.000000 0.000714 
3836.000000 0.000709 
3837.000000 0.000704 
3838.000000 0.000700 
3839.000000 0.000695 
3840.000000 0.000691 
3841.000000 0.000686 
3842.000000 0.000681 
3843.000000 0.000677 
3844.000000 0.000672 
3845.000000 0.000668 
3846.000000 0.000663 
3847.000000 0.000659 
3848.000000 0.000655 
3849.000000 0.000650 
3850.000000 0.000646 
3851.000000 0.000641 
3852.000000 0.000637 
3853.000000 0.000633 
3854.000000 0.000628 
3855.000000 0.000624 
3856.000000 0.000620 
3857.000000 0.000616 
3858.000000 0.000612 
3859.000000 0.000607 
3860.000000 0.000603 
3861.000000 0.000599 
3862.000000 0.000595 
3863.000000 0.000591 
3864.000000 0.000587 
3865.000000 0.000583 
3866.000000 0.000579 
3867.000000 0.000575 
3868.000000 0.000571 
3869.000000 0.000567 
3870.000000 0.000563 
3871.000000 0.000559 
3872.000000 0.000555 
3873.000000 0.000551 
3874.000000 0.000548 
3875.000000 0.000544 
3876.000000 0.000540 
3877.000000 0.000536 
3878.000000 0.000532 
3879.000000 0.000529 
3880.000000 0.000525 
3881.000000 0.000521 
3882.000000 0.000518 
3883.000000 0.000514 
3884.000000 0.000510 
3885.000000 0.000507 
3886.000000 0.000503 
3887.000000 0.000500 
3888.000000 0.000496 
3889.000000 0.000492 
3890.000000 0.000489 
3891.000000 0.000485 
3892.000000 0.000482 
3893.000000 0.000479 
3894.000000 0.000475 
3895.000000 0.000472 
3896.000000 0.000468 
3897.000000 0.000465 
3898.000000 0.000462 
3899.000000 0.000458 
3900.000000 0.000455 
3901.000000 0.000452 
3902.000000 0.000448 
3903.000000 0.000445 
3904.000000 0.000442 
3905.000000 0.000439 
3906.000000 0.000436 
3907.000000 0.000432 
3908.000000 0.000429 
3909.000000 0.000426 
3910.000000 0.000423 
3911.000000 0.000420 
3912.000000 0.000417 
3913.000000 0.000414 
3914.000000 0.000411 
3915.000000 0.000408 
3916.000000 0.000405 
3917.000000 0.000402 
3918.000000 0.000399 
3919.000000 0.000396 
3920.000000 0.000393 
3921.000000 0.000390 
3922.000000 0.000387 
3923.000000 0.000384 
3924.000000 0.000381 
3925.000000 0.000379 
3926.000000 0.000376 
3927.000000 0.000373 
3928.000000 0.000370 
3929.000000 0.000367 
3930.000000 0.000365 
3931.000000 0.000362 
3932.000000 0.000359 
3933.000000 0.000357 
3934.000000 0.000354 
3935.000000 0.000351 
3936.000000 0.000349 
3937.000000 0.000346 
3938.000000 0.000343 
3939.000000 0.000341 
3940.000000 0.000338 
3941.000000 0.000336 
3942.000000 0.000333 
3943.000000 0.000331 
3944.000000 0.000328 
3945.000000 0.000326 
3946.000000 0.000323 
3947.000000 0.000321 
3948.000000 0.000318 
3949.000000 0.000316 
3950.000000 0.000314 
3951.000000 0.000311 
3952.000000 0.000309 
3953.000000 0.000307 
3954.000000 0.000304 
3955.000000 0.000302 
3956.000000 0.000300 
3957.000000 0.000297 
3958.000000 0.000295 
3959.000000 0.000293 
3960.000000 0.000291 
3961.000000 0.000288 
3962.000000 0.000286 
3963.000000 0.000284 
3964.000000 0.000282 
3965.000000 0.000280 
3966.000000 0.000278 
3967.000000 0.000276 
3968.000000 0.000273 
3969.000000 0.000271 
3970.000000 0.000269 
3971.000000 0.000267 
3972.000000 0.000265 
3973.000000 0.000263 
3974.000000 0.000261 
3975.000000 0.000259 
3976.000000 0.000257 
3977.000000 0.000255 
3978.000000 0.000253 
3979.000000 0.000252 
3980.000000 0.000250 
3981.000000 0.000248 
3982.000000 0.000246 
3983.000000 0.000244 
3984.000000 0.000242 
3985.000000 0.000240 
3986.000000 0.000239 
3987.000000 0.000237 
3988.000000 0.000235 
3989.000000 0.000233 
3990.000000 0.000232 
3991.000000 0.000230 
3992.000000 0.000228 
3993.000000 0.000227 
3994.000000 0.000225 
3995.000000 0.000223 
3996.000000 0.000222 
3997.000000 0.000220 
3998.000000 0.000218 
3999.000000 0.000217 
4000.000000 0.000215 
