0.000000 1.000000 
1.000000 0.999999 
2.000000 0.999998 
3.000000 0.999997 
4.000000 0.999995 
5.000000 0.999992 
6.000000 0.999989 
7.000000 0.999985 
8.000000 0.999981 
9.000000 0.999976 
10.000000 0.999970 
11.000000 0.999965 
12.000000 0.999958 
13.000000 0.999951 
14.000000 0.999944 
15.000000 0.999936 
16.000000 0.999927 
17.000000 0.999918 
18.000000 0.999908 
19.000000 0.999898 
20.000000 0.999888 
21.000000 0.999876 
22.000000 0.999865 
23.000000 0.999852 
24.000000 0.999840 
25.000000 0.999826 
26.000000 0.999812 
27.000000 0.999798 
28.000000 0.999783 
29.000000 0.999768 
30.000000 0.999752 
31.000000 0.999735 
32.000000 0.999719 
33.000000 0.999701 
34.000000 0.999683 
35.000000 0.999665 
36.000000 0.999646 
37.000000 0.999626 
38.000000 0.999607 
39.000000 0.999586 
40.000000 0.999565 
41.000000 0.999543 
42.000000 0.999521 
43.000000 0.999499 
44.000000 0.999475 
45.000000 0.999452 
46.000000 0.999428 
47.000000 0.999403 
48.000000 0.999379 
49.000000 0.999353 
50.000000 0.999327 
51.000000 0.999301 
52.000000 0.999274 
53.000000 0.999246 
54.000000 0.999218 
55.000000 0.999190 
56.000000 0.999161 
57.000000 0.999132 
58.000000 0.999102 
59.000000 0.999072 
60.000000 0.999041 
61.000000 0.999010 
62.000000 0.998978 
63.000000 0.998946 
64.000000 0.998913 
65.000000 0.998880 
66.000000 0.998847 
67.000000 0.998813 
68.000000 0.998778 
69.000000 0.998743 
70.000000 0.998708 
71.000000 0.998672 
72.000000 0.998636 
73.000000 0.998599 
74.000000 0.998562 
75.000000 0.998525 
76.000000 0.998487 
77.000000 0.998448 
78.000000 0.998410 
79.000000 0.998370 
80.000000 0.998331 
81.000000 0.998291 
82.000000 0.998250 
83.000000 0.998209 
84.000000 0.998168 
85.000000 0.998126 
86.000000 0.998084 
87.000000 0.998041 
88.000000 0.997998 
89.000000 0.997955 
90.000000 0.997911 
91.000000 0.997867 
92.000000 0.997822 
93.000000 0.997777 
94.000000 0.997732 
95.000000 0.997686 
96.000000 0.997640 
97.000000 0.997593 
98.000000 0.997546 
99.000000 0.997499 
100.000000 0.997451 
101.000000 0.997403 
102.000000 0.997355 
103.000000 0.997306 
104.000000 0.997256 
105.000000 0.997207 
106.000000 0.997157 
107.000000 0.997107 
108.000000 0.997056 
109.000000 0.997005 
110.000000 0.996953 
111.000000 0.996902 
112.000000 0.996849 
113.000000 0.996797 
114.000000 0.996744 
115.000000 0.996691 
116.000000 0.996637 
117.000000 0.996583 
118.000000 0.996529 
119.000000 0.996475 
120.000000 0.996420 
121.000000 0.996364 
122.000000 0.996309 
123.000000 0.996253 
124.000000 0.996196 
125.000000 0.996140 
126.000000 0.996083 
127.000000 0.996025 
128.000000 0.995968 
129.000000 0.995910 
130.000000 0.995852 
131.000000 0.995793 
132.000000 0.995734 
133.000000 0.995675 
134.000000 0.995615 
135.000000 0.995556 
136.000000 0.995495 
137.000000 0.995435 
138.000000 0.995374 
139.000000 0.995313 
140.000000 0.995251 
141.000000 0.995189 
142.000000 0.995127 
143.000000 0.995065 
144.000000 0.995002 
145.000000 0.994939 
146.000000 0.994876 
147.000000 0.994812 
148.000000 0.994748 
149.000000 0.994684 
150.000000 0.994619 
151.000000 0.994555 
152.000000 0.994489 
153.000000 0.994424 
154.000000 0.994358 
155.000000 0.994292 
156.000000 0.994226 
157.000000 0.994159 
158.000000 0.994092 
159.000000 0.994025 
160.000000 0.993957 
161.000000 0.993890 
162.000000 0.993821 
163.000000 0.993753 
164.000000 0.993684 
165.000000 0.993615 
166.000000 0.993546 
167.000000 0.993477 
168.000000 0.993407 
169.000000 0.993336 
170.000000 0.993266 
171.000000 0.993195 
172.000000 0.993124 
173.000000 0.993053 
174.000000 0.992981 
175.000000 0.992909 
176.000000 0.992837 
177.000000 0.992765 
178.000000 0.992692 
179.000000 0.992619 
180.000000 0.992545 
181.000000 0.992472 
182.000000 0.992398 
183.000000 0.992324 
184.000000 0.992249 
185.000000 0.992174 
186.000000 0.992099 
187.000000 0.992024 
188.000000 0.991948 
189.000000 0.991872 
190.000000 0.991796 
191.000000 0.991719 
192.000000 0.991643 
193.000000 0.991566 
194.000000 0.991488 
195.000000 0.991410 
196.000000 0.991333 
197.000000 0.991254 
198.000000 0.991176 
199.000000 0.991097 
200.000000 0.991018 
201.000000 0.990938 
202.000000 0.990858 
203.000000 0.990778 
204.000000 0.990698 
205.000000 0.990618 
206.000000 0.990537 
207.000000 0.990455 
208.000000 0.990374 
209.000000 0.990292 
210.000000 0.990210 
211.000000 0.990128 
212.000000 0.990045 
213.000000 0.989962 
214.000000 0.989879 
215.000000 0.989795 
216.000000 0.989711 
217.000000 0.989627 
218.000000 0.989543 
219.000000 0.989458 
220.000000 0.989373 
221.000000 0.989287 
222.000000 0.989202 
223.000000 0.989116 
224.000000 0.989030 
225.000000 0.988943 
226.000000 0.988856 
227.000000 0.988769 
228.000000 0.988681 
229.000000 0.988594 
230.000000 0.988506 
231.000000 0.988417 
232.000000 0.988328 
233.000000 0.988239 
234.000000 0.988150 
235.000000 0.988060 
236.000000 0.987970 
237.000000 0.987880 
238.000000 0.987789 
239.000000 0.987698 
240.000000 0.987607 
241.000000 0.987516 
242.000000 0.987424 
243.000000 0.987332 
244.000000 0.987239 
245.000000 0.987146 
246.000000 0.987053 
247.000000 0.986960 
248.000000 0.986866 
249.000000 0.986772 
250.000000 0.986677 
251.000000 0.986583 
252.000000 0.986488 
253.000000 0.986392 
254.000000 0.986297 
255.000000 0.986201 
256.000000 0.986104 
257.000000 0.986008 
258.000000 0.985911 
259.000000 0.985813 
260.000000 0.985716 
261.000000 0.985618 
262.000000 0.985520 
263.000000 0.985421 
264.000000 0.985322 
265.000000 0.985223 
266.000000 0.985123 
267.000000 0.985023 
268.000000 0.984923 
269.000000 0.984822 
270.000000 0.984721 
271.000000 0.984620 
272.000000 0.984518 
273.000000 0.984417 
274.000000 0.984314 
275.000000 0.984212 
276.000000 0.984109 
277.000000 0.984006 
278.000000 0.983902 
279.000000 0.983798 
280.000000 0.983694 
281.000000 0.983589 
282.000000 0.983484 
283.000000 0.983379 
284.000000 0.983273 
285.000000 0.983167 
286.000000 0.983061 
287.000000 0.982955 
288.000000 0.982848 
289.000000 0.982740 
290.000000 0.982633 
291.000000 0.982525 
292.000000 0.982417 
293.000000 0.982308 
294.000000 0.982199 
295.000000 0.982090 
296.000000 0.981980 
297.000000 0.981870 
298.000000 0.981759 
299.000000 0.981649 
300.000000 0.981538 
301.000000 0.981427 
302.000000 0.981315 
303.000000 0.981203 
304.000000 0.981090 
305.000000 0.980978 
306.000000 0.980865 
307.000000 0.980751 
308.000000 0.980638 
309.000000 0.980524 
310.000000 0.980409 
311.000000 0.980295 
312.000000 0.980179 
313.000000 0.980064 
314.000000 0.979948 
315.000000 0.979832 
316.000000 0.979716 
317.000000 0.979599 
318.000000 0.979482 
319.000000 0.979364 
320.000000 0.979247 
321.000000 0.979129 
322.000000 0.979010 
323.000000 0.978891 
324.000000 0.978772 
325.000000 0.978653 
326.000000 0.978533 
327.000000 0.978413 
328.000000 0.978292 
329.000000 0.978171 
330.000000 0.978050 
331.000000 0.977929 
332.000000 0.977807 
333.000000 0.977685 
334.000000 0.977562 
335.000000 0.977439 
336.000000 0.977316 
337.000000 0.977193 
338.000000 0.977069 
339.000000 0.976945 
340.000000 0.976820 
341.000000 0.976695 
342.000000 0.976570 
343.000000 0.976445 
344.000000 0.976319 
345.000000 0.976192 
346.000000 0.976066 
347.000000 0.975939 
348.000000 0.975812 
349.000000 0.975684 
350.000000 0.975557 
351.000000 0.975428 
352.000000 0.975300 
353.000000 0.975171 
354.000000 0.975042 
355.000000 0.974912 
356.000000 0.974782 
357.000000 0.974652 
358.000000 0.974522 
359.000000 0.974391 
360.000000 0.974260 
361.000000 0.974128 
362.000000 0.973996 
363.000000 0.973864 
364.000000 0.973732 
365.000000 0.973599 
366.000000 0.973466 
367.000000 0.973332 
368.000000 0.973199 
369.000000 0.973065 
370.000000 0.972930 
371.000000 0.972795 
372.000000 0.972660 
373.000000 0.972525 
374.000000 0.972389 
375.000000 0.972253 
376.000000 0.972117 
377.000000 0.971980 
378.000000 0.971843 
379.000000 0.971706 
380.000000 0.971568 
381.000000 0.971430 
382.000000 0.971292 
383.000000 0.971153 
384.000000 0.971014 
385.000000 0.970875 
386.000000 0.970735 
387.000000 0.970595 
388.000000 0.970455 
389.000000 0.970314 
390.000000 0.970173 
391.000000 0.970032 
392.000000 0.969891 
393.000000 0.969749 
394.000000 0.969607 
395.000000 0.969464 
396.000000 0.969321 
397.000000 0.969178 
398.000000 0.969035 
399.000000 0.968891 
400.000000 0.968747 
401.000000 0.968602 
402.000000 0.968458 
403.000000 0.968313 
404.000000 0.968167 
405.000000 0.968022 
406.000000 0.967876 
407.000000 0.967729 
408.000000 0.967583 
409.000000 0.967436 
410.000000 0.967289 
411.000000 0.967141 
412.000000 0.966993 
413.000000 0.966845 
414.000000 0.966696 
415.000000 0.966548 
416.000000 0.966398 
417.000000 0.966249 
418.000000 0.966099 
419.000000 0.965949 
420.000000 0.965799 
421.000000 0.965648 
422.000000 0.965497 
423.000000 0.965346 
424.000000 0.965194 
425.000000 0.965042 
426.000000 0.964890 
427.000000 0.964737 
428.000000 0.964584 
429.000000 0.964431 
430.000000 0.964277 
431.000000 0.964124 
432.000000 0.963969 
433.000000 0.963815 
434.000000 0.963660 
435.000000 0.963505 
436.000000 0.963350 
437.000000 0.963194 
438.000000 0.963038 
439.000000 0.962882 
440.000000 0.962725 
441.000000 0.962568 
442.000000 0.962411 
443.000000 0.962253 
444.000000 0.962095 
445.000000 0.961937 
446.000000 0.961778 
447.000000 0.961619 
448.000000 0.961460 
449.000000 0.961301 
450.000000 0.961141 
451.000000 0.960981 
452.000000 0.960821 
453.000000 0.960660 
454.000000 0.960499 
455.000000 0.960338 
456.000000 0.960176 
457.000000 0.960014 
458.000000 0.959852 
459.000000 0.959689 
460.000000 0.959526 
461.000000 0.959363 
462.000000 0.959199 
463.000000 0.959036 
464.000000 0.958871 
465.000000 0.958707 
466.000000 0.958542 
467.000000 0.958377 
468.000000 0.958212 
469.000000 0.958046 
470.000000 0.957880 
471.000000 0.957714 
472.000000 0.957547 
473.000000 0.957380 
474.000000 0.957213 
475.000000 0.957045 
476.000000 0.956878 
477.000000 0.956709 
478.000000 0.956541 
479.000000 0.956372 
480.000000 0.956203 
481.000000 0.956034 
482.000000 0.955864 
483.000000 0.955694 
484.000000 0.955524 
485.000000 0.955353 
486.000000 0.955182 
487.000000 0.955011 
488.000000 0.954839 
489.000000 0.954667 
490.000000 0.954495 
491.000000 0.954323 
492.000000 0.954150 
493.000000 0.953977 
494.000000 0.953803 
495.000000 0.953630 
496.000000 0.953455 
497.000000 0.953281 
498.000000 0.953106 
499.000000 0.952932 
500.000000 0.952756 
501.000000 0.952581 
502.000000 0.952405 
503.000000 0.952229 
504.000000 0.952052 
505.000000 0.951875 
506.000000 0.951698 
507.000000 0.951521 
508.000000 0.951343 
509.000000 0.951165 
510.000000 0.950987 
511.000000 0.950808 
512.000000 0.950629 
513.000000 0.950450 
514.000000 0.950270 
515.000000 0.950090 
516.000000 0.949910 
517.000000 0.949730 
518.000000 0.949549 
519.000000 0.949368 
520.000000 0.949186 
521.000000 0.949005 
522.000000 0.948823 
523.000000 0.948640 
524.000000 0.948458 
525.000000 0.948275 
526.000000 0.948092 
527.000000 0.947908 
528.000000 0.947724 
529.000000 0.947540 
530.000000 0.947356 
531.000000 0.947171 
532.000000 0.946986 
533.000000 0.946801 
534.000000 0.946615 
535.000000 0.946429 
536.000000 0.946243 
537.000000 0.946056 
538.000000 0.945869 
539.000000 0.945682 
540.000000 0.945495 
541.000000 0.945307 
542.000000 0.945119 
543.000000 0.944931 
544.000000 0.944742 
545.000000 0.944553 
546.000000 0.944364 
547.000000 0.944174 
548.000000 0.943984 
549.000000 0.943794 
550.000000 0.943604 
551.000000 0.943413 
552.000000 0.943222 
553.000000 0.943031 
554.000000 0.942839 
555.000000 0.942647 
556.000000 0.942455 
557.000000 0.942262 
558.000000 0.942070 
559.000000 0.941876 
560.000000 0.941683 
561.000000 0.941489 
562.000000 0.941295 
563.000000 0.941101 
564.000000 0.940907 
565.000000 0.940712 
566.000000 0.940517 
567.000000 0.940321 
568.000000 0.940125 
569.000000 0.939929 
570.000000 0.939733 
571.000000 0.939536 
572.000000 0.939339 
573.000000 0.939142 
574.000000 0.938945 
575.000000 0.938747 
576.000000 0.938549 
577.000000 0.938351 
578.000000 0.938152 
579.000000 0.937953 
580.000000 0.937754 
581.000000 0.937554 
582.000000 0.937355 
583.000000 0.937154 
584.000000 0.936954 
585.000000 0.936753 
586.000000 0.936552 
587.000000 0.936351 
588.000000 0.936150 
589.000000 0.935948 
590.000000 0.935746 
591.000000 0.935543 
592.000000 0.935341 
593.000000 0.935138 
594.000000 0.934935 
595.000000 0.934731 
596.000000 0.934527 
597.000000 0.934323 
598.000000 0.934119 
599.000000 0.933914 
600.000000 0.933709 
601.000000 0.933504 
602.000000 0.933298 
603.000000 0.933093 
604.000000 0.932887 
605.000000 0.932680 
606.000000 0.932474 
607.000000 0.932267 
608.000000 0.932060 
609.000000 0.931852 
610.000000 0.931644 
611.000000 0.931436 
612.000000 0.931228 
613.000000 0.931020 
614.000000 0.930811 
615.000000 0.930602 
616.000000 0.930392 
617.000000 0.930182 
618.000000 0.929972 
619.000000 0.929762 
620.000000 0.929552 
621.000000 0.929341 
622.000000 0.929130 
623.000000 0.928918 
624.000000 0.928707 
625.000000 0.928495 
626.000000 0.928283 
627.000000 0.928070 
628.000000 0.927858 
629.000000 0.927645 
630.000000 0.927431 
631.000000 0.927218 
632.000000 0.927004 
633.000000 0.926790 
634.000000 0.926575 
635.000000 0.926361 
636.000000 0.926146 
637.000000 0.925931 
638.000000 0.925715 
639.000000 0.925499 
640.000000 0.925283 
641.000000 0.925067 
642.000000 0.924851 
643.000000 0.924634 
644.000000 0.924417 
645.000000 0.924199 
646.000000 0.923982 
647.000000 0.923764 
648.000000 0.923546 
649.000000 0.923327 
650.000000 0.923108 
651.000000 0.922889 
652.000000 0.922670 
653.000000 0.922450 
654.000000 0.922231 
655.000000 0.922011 
656.000000 0.921790 
657.000000 0.921570 
658.000000 0.921349 
659.000000 0.921128 
660.000000 0.920906 
661.000000 0.920685 
662.000000 0.920463 
663.000000 0.920240 
664.000000 0.920018 
665.000000 0.919795 
666.000000 0.919572 
667.000000 0.919349 
668.000000 0.919125 
669.000000 0.918901 
670.000000 0.918677 
671.000000 0.918453 
672.000000 0.918228 
673.000000 0.918003 
674.000000 0.917778 
675.000000 0.917553 
676.000000 0.917327 
677.000000 0.917101 
678.000000 0.916875 
679.000000 0.916648 
680.000000 0.916422 
681.000000 0.916194 
682.000000 0.915967 
683.000000 0.915740 
684.000000 0.915512 
685.000000 0.915284 
686.000000 0.915055 
687.000000 0.914827 
688.000000 0.914598 
689.000000 0.914369 
690.000000 0.914139 
691.000000 0.913910 
692.000000 0.913680 
693.000000 0.913450 
694.000000 0.913219 
695.000000 0.912989 
696.000000 0.912757 
697.000000 0.912526 
698.000000 0.912295 
699.000000 0.912063 
700.000000 0.911831 
701.000000 0.911599 
702.000000 0.911366 
703.000000 0.911133 
704.000000 0.910900 
705.000000 0.910667 
706.000000 0.910433 
707.000000 0.910199 
708.000000 0.909965 
709.000000 0.909731 
710.000000 0.909496 
711.000000 0.909261 
712.000000 0.909026 
713.000000 0.908791 
714.000000 0.908555 
715.000000 0.908319 
716.000000 0.908083 
717.000000 0.907846 
718.000000 0.907610 
719.000000 0.907373 
720.000000 0.907135 
721.000000 0.906898 
722.000000 0.906660 
723.000000 0.906422 
724.000000 0.906184 
725.000000 0.905945 
726.000000 0.905707 
727.000000 0.905468 
728.000000 0.905228 
729.000000 0.904989 
730.000000 0.904749 
731.000000 0.904509 
732.000000 0.904268 
733.000000 0.904028 
734.000000 0.903787 
735.000000 0.903546 
736.000000 0.903305 
737.000000 0.903063 
738.000000 0.902821 
739.000000 0.902579 
740.000000 0.902337 
741.000000 0.902094 
742.000000 0.901851 
743.000000 0.901608 
744.000000 0.901365 
745.000000 0.901121 
746.000000 0.900877 
747.000000 0.900633 
748.000000 0.900389 
749.000000 0.900144 
750.000000 0.899899 
751.000000 0.899654 
752.000000 0.899409 
753.000000 0.899163 
754.000000 0.898917 
755.000000 0.898671 
756.000000 0.898425 
757.000000 0.898178 
758.000000 0.897931 
759.000000 0.897684 
760.000000 0.897437 
761.000000 0.897189 
762.000000 0.896941 
763.000000 0.896693 
764.000000 0.896445 
765.000000 0.896196 
766.000000 0.895947 
767.000000 0.895698 
768.000000 0.895449 
769.000000 0.895199 
770.000000 0.894949 
771.000000 0.894699 
772.000000 0.894449 
773.000000 0.894199 
774.000000 0.893948 
775.000000 0.893697 
776.000000 0.893445 
777.000000 0.893194 
778.000000 0.892942 
779.000000 0.892690 
780.000000 0.892438 
781.000000 0.892185 
782.000000 0.891932 
783.000000 0.891679 
784.000000 0.891426 
785.000000 0.891172 
786.000000 0.890919 
787.000000 0.890665 
788.000000 0.890411 
789.000000 0.890156 
790.000000 0.889901 
791.000000 0.889647 
792.000000 0.889391 
793.000000 0.889136 
794.000000 0.888880 
795.000000 0.888624 
796.000000 0.888368 
797.000000 0.888112 
798.000000 0.887855 
799.000000 0.887598 
800.000000 0.887341 
801.000000 0.887084 
802.000000 0.886826 
803.000000 0.886569 
804.000000 0.886311 
805.000000 0.886052 
806.000000 0.885794 
807.000000 0.885535 
808.000000 0.885276 
809.000000 0.885017 
810.000000 0.884758 
811.000000 0.884498 
812.000000 0.884238 
813.000000 0.883978 
814.000000 0.883718 
815.000000 0.883457 
816.000000 0.883196 
817.000000 0.882935 
818.000000 0.882674 
819.000000 0.882412 
820.000000 0.882151 
821.000000 0.881889 
822.000000 0.881627 
823.000000 0.881364 
824.000000 0.881101 
825.000000 0.880838 
826.000000 0.880575 
827.000000 0.880312 
828.000000 0.880048 
829.000000 0.879785 
830.000000 0.879521 
831.000000 0.879256 
832.000000 0.878992 
833.000000 0.878727 
834.000000 0.878462 
835.000000 0.878197 
836.000000 0.877932 
837.000000 0.877666 
838.000000 0.877400 
839.000000 0.877134 
840.000000 0.876868 
841.000000 0.876601 
842.000000 0.876335 
843.000000 0.876068 
844.000000 0.875801 
845.000000 0.875533 
846.000000 0.875266 
847.000000 0.874998 
848.000000 0.874730 
849.000000 0.874462 
850.000000 0.874193 
851.000000 0.873924 
852.000000 0.873655 
853.000000 0.873386 
854.000000 0.873117 
855.000000 0.872847 
856.000000 0.872577 
857.000000 0.872307 
858.000000 0.872037 
859.000000 0.871767 
860.000000 0.871496 
861.000000 0.871225 
862.000000 0.870954 
863.000000 0.870682 
864.000000 0.870411 
865.000000 0.870139 
866.000000 0.869867 
867.000000 0.869595 
868.000000 0.869322 
869.000000 0.869050 
870.000000 0.868777 
871.000000 0.868504 
872.000000 0.868231 
873.000000 0.867957 
874.000000 0.867683 
875.000000 0.867409 
876.000000 0.867135 
877.000000 0.866861 
878.000000 0.866586 
879.000000 0.866311 
880.000000 0.866036 
881.000000 0.865761 
882.000000 0.865486 
883.000000 0.865210 
884.000000 0.864934 
885.000000 0.864658 
886.000000 0.864382 
887.000000 0.864105 
888.000000 0.863829 
889.000000 0.863552 
890.000000 0.863275 
891.000000 0.862997 
892.000000 0.862720 
893.000000 0.862442 
894.000000 0.862164 
895.000000 0.861886 
896.000000 0.861607 
897.000000 0.861329 
898.000000 0.861050 
899.000000 0.860771 
900.000000 0.860492 
901.000000 0.860212 
902.000000 0.859933 
903.000000 0.859653 
904.000000 0.859373 
905.000000 0.859092 
906.000000 0.858812 
907.000000 0.858531 
908.000000 0.858250 
909.000000 0.857969 
910.000000 0.857688 
911.000000 0.857407 
912.000000 0.857125 
913.000000 0.856843 
914.000000 0.856561 
915.000000 0.856279 
916.000000 0.855996 
917.000000 0.855713 
918.000000 0.855431 
919.000000 0.855147 
920.000000 0.854864 
921.000000 0.854580 
922.000000 0.854297 
923.000000 0.854013 
924.000000 0.853729 
925.000000 0.853444 
926.000000 0.853160 
927.000000 0.852875 
928.000000 0.852590 
929.000000 0.852305 
930.000000 0.852020 
931.000000 0.851734 
932.000000 0.851448 
933.000000 0.851163 
934.000000 0.850876 
935.000000 0.850590 
936.000000 0.850304 
937.000000 0.850017 
938.000000 0.849730 
939.000000 0.849443 
940.000000 0.849155 
941.000000 0.848868 
942.000000 0.848580 
943.000000 0.848292 
944.000000 0.848004 
945.000000 0.847716 
946.000000 0.847427 
947.000000 0.847139 
948.000000 0.846850 
949.000000 0.846561 
950.000000 0.846272 
951.000000 0.845982 
952.000000 0.845692 
953.000000 0.845402 
954.000000 0.845112 
955.000000 0.844822 
956.000000 0.844532 
957.000000 0.844241 
958.000000 0.843950 
959.000000 0.843659 
960.000000 0.843368 
961.000000 0.843077 
962.000000 0.842785 
963.000000 0.842493 
964.000000 0.842202 
965.000000 0.841909 
966.000000 0.841617 
967.000000 0.841325 
968.000000 0.841032 
969.000000 0.840739 
970.000000 0.840446 
971.000000 0.840152 
972.000000 0.839859 
973.000000 0.839565 
974.000000 0.839272 
975.000000 0.838978 
976.000000 0.838683 
977.000000 0.838389 
978.000000 0.838094 
979.000000 0.837800 
980.000000 0.837505 
981.000000 0.837210 
982.000000 0.836914 
983.000000 0.836619 
984.000000 0.836323 
985.000000 0.836027 
986.000000 0.835731 
987.000000 0.835435 
988.000000 0.835138 
989.000000 0.834842 
990.000000 0.834545 
991.000000 0.834248 
992.000000 0.833951 
993.000000 0.833654 
994.000000 0.833356 
995.000000 0.833059 
996.000000 0.832761 
997.000000 0.832463 
998.000000 0.832165 
999.000000 0.831866 
1000.000000 0.831568 
1001.000000 0.831269 
1002.000000 0.830970 
1003.000000 0.830671 
1004.000000 0.830372 
1005.000000 0.830072 
1006.000000 0.829773 
1007.000000 0.829473 
1008.000000 0.829173 
1009.000000 0.828873 
1010.000000 0.828572 
1011.000000 0.828272 
1012.000000 0.827971 
1013.000000 0.827670 
1014.000000 0.827369 
1015.000000 0.827068 
1016.000000 0.826767 
1017.000000 0.826465 
1018.000000 0.826164 
1019.000000 0.825862 
1020.000000 0.825560 
1021.000000 0.825257 
1022.000000 0.824955 
1023.000000 0.824653 
1024.000000 0.824350 
1025.000000 0.824047 
1026.000000 0.823744 
1027.000000 0.823441 
1028.000000 0.823137 
1029.000000 0.822834 
1030.000000 0.822530 
1031.000000 0.822226 
1032.000000 0.821922 
1033.000000 0.821618 
1034.000000 0.821313 
1035.000000 0.821009 
1036.000000 0.820704 
1037.000000 0.820399 
1038.000000 0.820094 
1039.000000 0.819789 
1040.000000 0.819484 
1041.000000 0.819178 
1042.000000 0.818872 
1043.000000 0.818566 
1044.000000 0.818260 
1045.000000 0.817954 
1046.000000 0.817648 
1047.000000 0.817341 
1048.000000 0.817035 
1049.000000 0.816728 
1050.000000 0.816421 
1051.000000 0.816114 
1052.000000 0.815806 
1053.000000 0.815499 
1054.000000 0.815191 
1055.000000 0.814883 
1056.000000 0.814575 
1057.000000 0.814267 
1058.000000 0.813959 
1059.000000 0.813651 
1060.000000 0.813342 
1061.000000 0.813033 
1062.000000 0.812724 
1063.000000 0.812415 
1064.000000 0.812106 
1065.000000 0.811797 
1066.000000 0.811487 
1067.000000 0.811177 
1068.000000 0.810867 
1069.000000 0.810557 
1070.000000 0.810247 
1071.000000 0.809937 
1072.000000 0.809626 
1073.000000 0.809316 
1074.000000 0.809005 
1075.000000 0.808694 
1076.000000 0.808383 
1077.000000 0.808072 
1078.000000 0.807761 
1079.000000 0.807449 
1080.000000 0.807137 
1081.000000 0.806825 
1082.000000 0.806513 
1083.000000 0.806201 
1084.000000 0.805889 
1085.000000 0.805576 
1086.000000 0.805264 
1087.000000 0.804951 
1088.000000 0.804638 
1089.000000 0.804325 
1090.000000 0.804012 
1091.000000 0.803699 
1092.000000 0.803385 
1093.000000 0.803071 
1094.000000 0.802758 
1095.000000 0.802444 
1096.000000 0.802129 
1097.000000 0.801815 
1098.000000 0.801501 
1099.000000 0.801186 
1100.000000 0.800872 
1101.000000 0.800557 
1102.000000 0.800242 
1103.000000 0.799927 
1104.000000 0.799611 
1105.000000 0.799296 
1106.000000 0.798980 
1107.000000 0.798665 
1108.000000 0.798349 
1109.000000 0.798033 
1110.000000 0.797717 
1111.000000 0.797400 
1112.000000 0.797084 
1113.000000 0.796767 
1114.000000 0.796451 
1115.000000 0.796134 
1116.000000 0.795817 
1117.000000 0.795500 
1118.000000 0.795182 
1119.000000 0.794865 
1120.000000 0.794547 
1121.000000 0.794230 
1122.000000 0.793912 
1123.000000 0.793594 
1124.000000 0.793276 
1125.000000 0.792957 
1126.000000 0.792639 
1127.000000 0.792320 
1128.000000 0.792002 
1129.000000 0.791683 
1130.000000 0.791364 
1131.000000 0.791045 
1132.000000 0.790725 
1133.000000 0.790406 
1134.000000 0.790086 
1135.000000 0.789767 
1136.000000 0.789447 
1137.000000 0.789127 
1138.000000 0.788807 
1139.000000 0.788487 
1140.000000 0.788166 
1141.000000 0.787846 
1142.000000 0.787525 
1143.000000 0.787204 
1144.000000 0.786883 
1145.000000 0.786562 
1146.000000 0.786241 
1147.000000 0.785920 
1148.000000 0.785598 
1149.000000 0.785277 
1150.000000 0.784955 
1151.000000 0.784633 
1152.000000 0.784311 
1153.000000 0.783989 
1154.000000 0.783667 
1155.000000 0.783344 
1156.000000 0.783022 
1157.000000 0.782699 
1158.000000 0.782376 
1159.000000 0.782053 
1160.000000 0.781730 
1161.000000 0.781407 
1162.000000 0.781084 
1163.000000 0.780760 
1164.000000 0.780437 
1165.000000 0.780113 
1166.000000 0.779789 
1167.000000 0.779465 
1168.000000 0.779141 
1169.000000 0.778817 
1170.000000 0.778493 
1171.000000 0.778168 
1172.000000 0.777844 
1173.000000 0.777519 
1174.000000 0.777194 
1175.000000 0.776869 
1176.000000 0.776544 
1177.000000 0.776218 
1178.000000 0.775893 
1179.000000 0.775568 
1180.000000 0.775242 
1181.000000 0.774916 
1182.000000 0.774590 
1183.000000 0.774264 
1184.000000 0.773938 
1185.000000 0.773612 
1186.000000 0.773285 
1187.000000 0.772959 
1188.000000 0.772632 
1189.000000 0.772306 
1190.000000 0.771979 
1191.000000 0.771652 
1192.000000 0.771324 
1193.000000 0.770997 
1194.000000 0.770670 
1195.000000 0.770342 
1196.000000 0.770015 
1197.000000 0.769687 
1198.000000 0.769359 
1199.000000 0.769031 
1200.000000 0.768703 
1201.000000 0.768375 
1202.000000 0.768046 
1203.000000 0.767718 
1204.000000 0.767389 
1205.000000 0.767061 
1206.000000 0.766732 
1207.000000 0.766403 
1208.000000 0.766074 
1209.000000 0.765744 
1210.000000 0.765415 
1211.000000 0.765086 
1212.000000 0.764756 
1213.000000 0.764427 
1214.000000 0.764097 
1215.000000 0.763767 
1216.000000 0.763437 
1217.000000 0.763107 
1218.000000 0.762777 
1219.000000 0.762446 
1220.000000 0.762116 
1221.000000 0.761785 
1222.000000 0.761455 
1223.000000 0.761124 
1224.000000 0.760793 
1225.000000 0.760462 
1226.000000 0.760130 
1227.000000 0.759799 
1228.000000 0.759468 
1229.000000 0.759136 
1230.000000 0.758805 
1231.000000 0.758473 
1232.000000 0.758141 
1233.000000 0.757809 
1234.000000 0.757477 
1235.000000 0.757145 
1236.000000 0.756813 
1237.000000 0.756480 
1238.000000 0.756148 
1239.000000 0.755815 
1240.000000 0.755483 
1241.000000 0.755150 
1242.000000 0.754817 
1243.000000 0.754484 
1244.000000 0.754151 
1245.000000 0.753817 
1246.000000 0.753484 
1247.000000 0.753151 
1248.000000 0.752817 
1249.000000 0.752483 
1250.000000 0.752150 
1251.000000 0.751816 
1252.000000 0.751482 
1253.000000 0.751148 
1254.000000 0.750813 
1255.000000 0.750479 
1256.000000 0.750145 
1257.000000 0.749810 
1258.000000 0.749475 
1259.000000 0.749141 
1260.000000 0.748806 
1261.000000 0.748471 
1262.000000 0.748136 
1263.000000 0.747801 
1264.000000 0.747466 
1265.000000 0.747130 
1266.000000 0.746795 
1267.000000 0.746459 
1268.000000 0.746124 
1269.000000 0.745788 
1270.000000 0.745452 
1271.000000 0.745116 
1272.000000 0.744780 
1273.000000 0.744444 
1274.000000 0.744107 
1275.000000 0.743771 
1276.000000 0.743435 
1277.000000 0.743098 
1278.000000 0.742761 
1279.000000 0.742425 
1280.000000 0.742088 
1281.000000 0.741751 
1282.000000 0.741414 
1283.000000 0.741077 
1284.000000 0.740740 
1285.000000 0.740402 
1286.000000 0.740065 
1287.000000 0.739727 
1288.000000 0.739390 
1289.000000 0.739052 
1290.000000 0.738714 
1291.000000 0.738376 
1292.000000 0.738038 
1293.000000 0.737700 
1294.000000 0.737362 
1295.000000 0.737023 
1296.000000 0.736685 
1297.000000 0.736347 
1298.000000 0.736008 
1299.000000 0.735669 
1300.000000 0.735331 
1301.000000 0.734992 
1302.000000 0.734653 
1303.000000 0.734314 
1304.000000 0.733975 
1305.000000 0.733635 
1306.000000 0.733296 
1307.000000 0.732957 
1308.000000 0.732617 
1309.000000 0.732278 
1310.000000 0.731938 
1311.000000 0.731598 
1312.000000 0.731258 
1313.000000 0.730918 
1314.000000 0.730578 
1315.000000 0.730238 
1316.000000 0.729898 
1317.000000 0.729558 
1318.000000 0.729217 
1319.000000 0.728877 
1320.000000 0.728536 
1321.000000 0.728196 
1322.000000 0.727855 
1323.000000 0.727514 
1324.000000 0.727173 
1325.000000 0.726832 
1326.000000 0.726491 
1327.000000 0.726150 
1328.000000 0.725809 
1329.000000 0.725467 
1330.000000 0.725126 
1331.000000 0.724784 
1332.000000 0.724443 
1333.000000 0.724101 
1334.000000 0.723759 
1335.000000 0.723417 
1336.000000 0.723075 
1337.000000 0.722733 
1338.000000 0.722391 
1339.000000 0.722049 
1340.000000 0.721707 
1341.000000 0.721364 
1342.000000 0.721022 
1343.000000 0.720679 
1344.000000 0.720337 
1345.000000 0.719994 
1346.000000 0.719651 
1347.000000 0.719308 
1348.000000 0.718966 
1349.000000 0.718623 
1350.000000 0.718279 
1351.000000 0.717936 
1352.000000 0.717593 
1353.000000 0.717250 
1354.000000 0.716906 
1355.000000 0.716563 
1356.000000 0.716219 
1357.000000 0.715875 
1358.000000 0.715532 
1359.000000 0.715188 
1360.000000 0.714844 
1361.000000 0.714500 
1362.000000 0.714156 
1363.000000 0.713812 
1364.000000 0.713468 
1365.000000 0.713123 
1366.000000 0.712779 
1367.000000 0.712435 
1368.000000 0.712090 
1369.000000 0.711745 
1370.000000 0.711401 
1371.000000 0.711056 
1372.000000 0.710711 
1373.000000 0.710366 
1374.000000 0.710021 
1375.000000 0.709676 
1376.000000 0.709331 
1377.000000 0.708986 
1378.000000 0.708641 
1379.000000 0.708295 
1380.000000 0.707950 
1381.000000 0.707604 
1382.000000 0.707259 
1383.000000 0.706913 
1384.000000 0.706567 
1385.000000 0.706222 
1386.000000 0.705876 
1387.000000 0.705530 
1388.000000 0.705184 
1389.000000 0.704838 
1390.000000 0.704492 
1391.000000 0.704145 
1392.000000 0.703799 
1393.000000 0.703453 
1394.000000 0.703106 
1395.000000 0.702760 
1396.000000 0.702413 
1397.000000 0.702067 
1398.000000 0.701720 
1399.000000 0.701373 
1400.000000 0.701026 
1401.000000 0.700679 
1402.000000 0.700332 
1403.000000 0.699985 
1404.000000 0.699638 
1405.000000 0.699291 
1406.000000 0.698944 
1407.000000 0.698596 
1408.000000 0.698249 
1409.000000 0.697902 
1410.000000 0.697554 
1411.000000 0.697207 
1412.000000 0.696859 
1413.000000 0.696511 
1414.000000 0.696163 
1415.000000 0.695816 
1416.000000 0.695468 
1417.000000 0.695120 
1418.000000 0.694772 
1419.000000 0.694424 
1420.000000 0.694075 
1421.000000 0.693727 
1422.000000 0.693379 
1423.000000 0.693031 
1424.000000 0.692682 
1425.000000 0.692334 
1426.000000 0.691985 
1427.000000 0.691637 
1428.000000 0.691288 
1429.000000 0.690939 
1430.000000 0.690591 
1431.000000 0.690242 
1432.000000 0.689893 
1433.000000 0.689544 
1434.000000 0.689195 
1435.000000 0.688846 
1436.000000 0.688496 
1437.000000 0.688147 
1438.000000 0.687798 
1439.000000 0.687449 
1440.000000 0.687099 
1441.000000 0.686750 
1442.000000 0.686400 
1443.000000 0.686051 
1444.000000 0.685701 
1445.000000 0.685352 
1446.000000 0.685002 
1447.000000 0.684652 
1448.000000 0.684302 
1449.000000 0.683952 
1450.000000 0.683603 
1451.000000 0.683253 
1452.000000 0.682903 
1453.000000 0.682552 
1454.000000 0.682202 
1455.000000 0.681852 
1456.000000 0.681502 
1457.000000 0.681152 
1458.000000 0.680801 
1459.000000 0.680451 
1460.000000 0.680100 
1461.000000 0.679750 
1462.000000 0.679399 
1463.000000 0.679049 
1464.000000 0.678698 
1465.000000 0.678347 
1466.000000 0.677996 
1467.000000 0.677646 
1468.000000 0.677295 
1469.000000 0.676944 
1470.000000 0.676593 
1471.000000 0.676242 
1472.000000 0.675891 
1473.000000 0.675540 
1474.000000 0.675188 
1475.000000 0.674837 
1476.000000 0.674486 
1477.000000 0.674135 
1478.000000 0.673783 
1479.000000 0.673432 
1480.000000 0.673080 
1481.000000 0.672729 
1482.000000 0.672377 
1483.000000 0.672026 
1484.000000 0.671674 
1485.000000 0.671322 
1486.000000 0.670971 
1487.000000 0.670619 
1488.000000 0.670267 
1489.000000 0.669915 
1490.000000 0.669563 
1491.000000 0.669211 
1492.000000 0.668859 
1493.000000 0.668507 
1494.000000 0.668155 
1495.000000 0.667803 
1496.000000 0.667451 
1497.000000 0.667098 
1498.000000 0.666746 
1499.000000 0.666394 
1500.000000 0.666042 
1501.000000 0.665689 
1502.000000 0.665337 
1503.000000 0.664984 
1504.000000 0.664632 
1505.000000 0.664279 
1506.000000 0.663927 
1507.000000 0.663574 
1508.000000 0.663221 
1509.000000 0.662869 
1510.000000 0.662516 
1511.000000 0.662163 
1512.000000 0.661810 
1513.000000 0.661457 
1514.000000 0.661104 
1515.000000 0.660751 
1516.000000 0.660398 
1517.000000 0.660045 
1518.000000 0.659692 
1519.000000 0.659339 
1520.000000 0.658986 
1521.000000 0.658633 
1522.000000 0.658280 
1523.000000 0.657926 
1524.000000 0.657573 
1525.000000 0.657220 
1526.000000 0.656866 
1527.000000 0.656513 
1528.000000 0.656160 
1529.000000 0.655806 
1530.000000 0.655453 
1531.000000 0.655099 
1532.000000 0.654745 
1533.000000 0.654392 
1534.000000 0.654038 
1535.000000 0.653685 
1536.000000 0.653331 
1537.000000 0.652977 
1538.000000 0.652623 
1539.000000 0.652269 
1540.000000 0.651916 
1541.000000 0.651562 
1542.000000 0.651208 
1543.000000 0.650854 
1544.000000 0.650500 
1545.000000 0.650146 
1546.000000 0.649792 
1547.000000 0.649438 
1548.000000 0.649084 
1549.000000 0.648730 
1550.000000 0.648375 
1551.000000 0.648021 
1552.000000 0.647667 
1553.000000 0.647313 
1554.000000 0.646959 
1555.000000 0.646604 
1556.000000 0.646250 
1557.000000 0.645896 
1558.000000 0.645541 
1559.000000 0.645187 
1560.000000 0.644832 
1561.000000 0.644478 
1562.000000 0.644123 
1563.000000 0.643769 
1564.000000 0.643414 
1565.000000 0.643060 
1566.000000 0.642705 
1567.000000 0.642350 
1568.000000 0.641996 
1569.000000 0.641641 
1570.000000 0.641286 
1571.000000 0.640932 
1572.000000 0.640577 
1573.000000 0.640222 
1574.000000 0.639867 
1575.000000 0.639512 
1576.000000 0.639157 
1577.000000 0.638803 
1578.000000 0.638448 
1579.000000 0.638093 
1580.000000 0.637738 
1581.000000 0.637383 
1582.000000 0.637028 
1583.000000 0.636673 
1584.000000 0.636318 
1585.000000 0.635963 
1586.000000 0.635608 
1587.000000 0.635252 
1588.000000 0.634897 
1589.000000 0.634542 
1590.000000 0.634187 
1591.000000 0.633832 
1592.000000 0.633477 
1593.000000 0.633121 
1594.000000 0.632766 
1595.000000 0.632411 
1596.000000 0.632055 
1597.000000 0.631700 
1598.000000 0.631345 
1599.000000 0.630989 
1600.000000 0.630634 
1601.000000 0.630279 
1602.000000 0.629923 
1603.000000 0.629568 
1604.000000 0.629212 
1605.000000 0.628857 
1606.000000 0.628502 
1607.000000 0.628146 
1608.000000 0.627790 
1609.000000 0.627435 
1610.000000 0.627079 
1611.000000 0.626724 
1612.000000 0.626368 
1613.000000 0.626013 
1614.000000 0.625657 
1615.000000 0.625301 
1616.000000 0.624946 
1617.000000 0.624590 
1618.000000 0.624234 
1619.000000 0.623879 
1620.000000 0.623523 
1621.000000 0.623167 
1622.000000 0.622812 
1623.000000 0.622456 
1624.000000 0.622100 
1625.000000 0.621744 
1626.000000 0.621389 
1627.000000 0.621033 
1628.000000 0.620677 
1629.000000 0.620321 
1630.000000 0.619966 
1631.000000 0.619610 
1632.000000 0.619254 
1633.000000 0.618898 
1634.000000 0.618542 
1635.000000 0.618186 
1636.000000 0.617830 
1637.000000 0.617475 
1638.000000 0.617119 
1639.000000 0.616763 
1640.000000 0.616407 
1641.000000 0.616051 
1642.000000 0.615695 
1643.000000 0.615339 
1644.000000 0.614983 
1645.000000 0.614627 
1646.000000 0.614271 
1647.000000 0.613915 
1648.000000 0.613559 
1649.000000 0.613203 
1650.000000 0.612848 
1651.000000 0.612492 
1652.000000 0.612136 
1653.000000 0.611780 
1654.000000 0.611424 
1655.000000 0.611068 
1656.000000 0.610712 
1657.000000 0.610356 
1658.000000 0.610000 
1659.000000 0.609644 
1660.000000 0.609288 
1661.000000 0.608932 
1662.000000 0.608576 
1663.000000 0.608220 
1664.000000 0.607864 
1665.000000 0.607507 
1666.000000 0.607151 
1667.000000 0.606795 
1668.000000 0.606439 
1669.000000 0.606083 
1670.000000 0.605727 
1671.000000 0.605371 
1672.000000 0.605015 
1673.000000 0.604659 
1674.000000 0.604303 
1675.000000 0.603947 
1676.000000 0.603591 
1677.000000 0.603235 
1678.000000 0.602879 
1679.000000 0.602523 
1680.000000 0.602167 
1681.000000 0.601811 
1682.000000 0.601455 
1683.000000 0.601099 
1684.000000 0.600743 
1685.000000 0.600387 
1686.000000 0.600031 
1687.000000 0.599675 
1688.000000 0.599319 
1689.000000 0.598963 
1690.000000 0.598607 
1691.000000 0.598251 
1692.000000 0.597895 
1693.000000 0.597539 
1694.000000 0.597183 
1695.000000 0.596827 
1696.000000 0.596472 
1697.000000 0.596116 
1698.000000 0.595760 
1699.000000 0.595404 
1700.000000 0.595048 
1701.000000 0.594692 
1702.000000 0.594336 
1703.000000 0.593980 
1704.000000 0.593624 
1705.000000 0.593268 
1706.000000 0.592913 
1707.000000 0.592557 
1708.000000 0.592201 
1709.000000 0.591845 
1710.000000 0.591489 
1711.000000 0.591133 
1712.000000 0.590778 
1713.000000 0.590422 
1714.000000 0.590066 
1715.000000 0.589710 
1716.000000 0.589354 
1717.000000 0.588999 
1718.000000 0.588643 
1719.000000 0.588287 
1720.000000 0.587932 
1721.000000 0.587576 
1722.000000 0.587220 
1723.000000 0.586864 
1724.000000 0.586509 
1725.000000 0.586153 
1726.000000 0.585797 
1727.000000 0.585442 
1728.000000 0.585086 
1729.000000 0.584731 
1730.000000 0.584375 
1731.000000 0.584019 
1732.000000 0.583664 
1733.000000 0.583308 
1734.000000 0.582953 
1735.000000 0.582597 
1736.000000 0.582242 
1737.000000 0.581886 
1738.000000 0.581531 
1739.000000 0.581175 
1740.000000 0.580820 
1741.000000 0.580465 
1742.000000 0.580109 
1743.000000 0.579754 
1744.000000 0.579399 
1745.000000 0.579043 
1746.000000 0.578688 
1747.000000 0.578333 
1748.000000 0.577977 
1749.000000 0.577622 
1750.000000 0.577267 
1751.000000 0.576912 
1752.000000 0.576556 
1753.000000 0.576201 
1754.000000 0.575846 
1755.000000 0.575491 
1756.000000 0.575136 
1757.000000 0.574781 
1758.000000 0.574425 
1759.000000 0.574070 
1760.000000 0.573715 
1761.000000 0.573360 
1762.000000 0.573005 
1763.000000 0.572650 
1764.000000 0.572295 
1765.000000 0.571940 
1766.000000 0.571586 
1767.000000 0.571231 
1768.000000 0.570876 
1769.000000 0.570521 
1770.000000 0.570166 
1771.000000 0.569811 
1772.000000 0.569456 
1773.000000 0.569102 
1774.000000 0.568747 
1775.000000 0.568392 
1776.000000 0.568038 
1777.000000 0.567683 
1778.000000 0.567328 
1779.000000 0.566974 
1780.000000 0.566619 
1781.000000 0.566265 
1782.000000 0.565910 
1783.000000 0.565555 
1784.000000 0.565201 
1785.000000 0.564846 
1786.000000 0.564492 
1787.000000 0.564138 
1788.000000 0.563783 
1789.000000 0.563429 
1790.000000 0.563075 
1791.000000 0.562720 
1792.000000 0.562366 
1793.000000 0.562012 
1794.000000 0.561658 
1795.000000 0.561303 
1796.000000 0.560949 
1797.000000 0.560595 
1798.000000 0.560241 
1799.000000 0.559887 
1800.000000 0.559533 
1801.000000 0.559179 
1802.000000 0.558825 
1803.000000 0.558471 
1804.000000 0.558117 
1805.000000 0.557763 
1806.000000 0.557409 
1807.000000 0.557055 
1808.000000 0.556702 
1809.000000 0.556348 
1810.000000 0.555994 
1811.000000 0.555641 
1812.000000 0.555287 
1813.000000 0.554933 
1814.000000 0.554580 
1815.000000 0.554226 
1816.000000 0.553872 
1817.000000 0.553519 
1818.000000 0.553165 
1819.000000 0.552812 
1820.000000 0.552459 
1821.000000 0.552105 
1822.000000 0.551752 
1823.000000 0.551399 
1824.000000 0.551045 
1825.000000 0.550692 
1826.000000 0.550339 
1827.000000 0.549986 
1828.000000 0.549633 
1829.000000 0.549280 
1830.000000 0.548927 
1831.000000 0.548574 
1832.000000 0.548221 
1833.000000 0.547868 
1834.000000 0.547515 
1835.000000 0.547162 
1836.000000 0.546809 
1837.000000 0.546456 
1838.000000 0.546103 
1839.000000 0.545751 
1840.000000 0.545398 
1841.000000 0.545045 
1842.000000 0.544693 
1843.000000 0.544340 
1844.000000 0.543988 
1845.000000 0.543635 
1846.000000 0.543283 
1847.000000 0.542930 
1848.000000 0.542578 
1849.000000 0.542226 
1850.000000 0.541873 
1851.000000 0.541521 
1852.000000 0.541169 
1853.000000 0.540817 
1854.000000 0.540465 
1855.000000 0.540113 
1856.000000 0.539761 
1857.000000 0.539409 
1858.000000 0.539057 
1859.000000 0.538705 
1860.000000 0.538353 
1861.000000 0.538001 
1862.000000 0.537649 
1863.000000 0.537298 
1864.000000 0.536946 
1865.000000 0.536594 
1866.000000 0.536243 
1867.000000 0.535891 
1868.000000 0.535540 
1869.000000 0.535188 
1870.000000 0.534837 
1871.000000 0.534485 
1872.000000 0.534134 
1873.000000 0.533783 
1874.000000 0.533432 
1875.000000 0.533080 
1876.000000 0.532729 
1877.000000 0.532378 
1878.000000 0.532027 
1879.000000 0.531676 
1880.000000 0.531325 
1881.000000 0.530974 
1882.000000 0.530623 
1883.000000 0.530273 
1884.000000 0.529922 
1885.000000 0.529571 
1886.000000 0.529220 
1887.000000 0.528870 
1888.000000 0.528519 
1889.000000 0.528169 
1890.000000 0.527818 
1891.000000 0.527468 
1892.000000 0.527118 
1893.000000 0.526767 
1894.000000 0.526417 
1895.000000 0.526067 
1896.000000 0.525717 
1897.000000 0.525366 
1898.000000 0.525016 
1899.000000 0.524666 
1900.000000 0.524316 
1901.000000 0.523967 
1902.000000 0.523617 
1903.000000 0.523267 
1904.000000 0.522917 
1905.000000 0.522568 
1906.000000 0.522218 
1907.000000 0.521868 
1908.000000 0.521519 
1909.000000 0.521169 
1910.000000 0.520820 
1911.000000 0.520471 
1912.000000 0.520121 
1913.000000 0.519772 
1914.000000 0.519423 
1915.000000 0.519074 
1916.000000 0.518725 
1917.000000 0.518376 
1918.000000 0.518027 
1919.000000 0.517678 
1920.000000 0.517329 
1921.000000 0.516980 
1922.000000 0.516631 
1923.000000 0.516283 
1924.000000 0.515934 
1925.000000 0.515586 
1926.000000 0.515237 
1927.000000 0.514889 
1928.000000 0.514540 
1929.000000 0.514192 
1930.000000 0.513844 
1931.000000 0.513495 
1932.000000 0.513147 
1933.000000 0.512799 
1934.000000 0.512451 
1935.000000 0.512103 
1936.000000 0.511755 
1937.000000 0.511407 
1938.000000 0.511059 
1939.000000 0.510712 
1940.000000 0.510364 
1941.000000 0.510016 
1942.000000 0.509669 
1943.000000 0.509321 
1944.000000 0.508974 
1945.000000 0.508627 
1946.000000 0.508279 
1947.000000 0.507932 
1948.000000 0.507585 
1949.000000 0.507238 
1950.000000 0.506891 
1951.000000 0.506544 
1952.000000 0.506197 
1953.000000 0.505850 
1954.000000 0.505503 
1955.000000 0.505156 
1956.000000 0.504810 
1957.000000 0.504463 
1958.000000 0.504117 
1959.000000 0.503770 
1960.000000 0.503424 
1961.000000 0.503077 
1962.000000 0.502731 
1963.000000 0.502385 
1964.000000 0.502039 
1965.000000 0.501692 
1966.000000 0.501346 
1967.000000 0.501000 
1968.000000 0.500655 
1969.000000 0.500309 
1970.000000 0.499963 
1971.000000 0.499617 
1972.000000 0.499272 
1973.000000 0.498926 
1974.000000 0.498581 
1975.000000 0.498235 
1976.000000 0.497890 
1977.000000 0.497544 
1978.000000 0.497199 
1979.000000 0.496854 
1980.000000 0.496509 
1981.000000 0.496164 
1982.000000 0.495819 
1983.000000 0.495474 
1984.000000 0.495129 
1985.000000 0.494785 
1986.000000 0.494440 
1987.000000 0.494095 
1988.000000 0.493751 
1989.000000 0.493406 
1990.000000 0.493062 
1991.000000 0.492718 
1992.000000 0.492373 
1993.000000 0.492029 
1994.000000 0.491685 
1995.000000 0.491341 
1996.000000 0.490997 
1997.000000 0.490653 
1998.000000 0.490309 
1999.000000 0.489965 
2000.000000 0.489622 
2001.000000 0.489278 
2002.000000 0.488934 
2003.000000 0.488591 
2004.000000 0.488248 
2005.000000 0.487904 
2006.000000 0.487561 
2007.000000 0.487218 
2008.000000 0.486875 
2009.000000 0.486531 
2010.000000 0.486188 
2011.000000 0.485846 
2012.000000 0.485503 
2013.000000 0.485160 
2014.000000 0.484817 
2015.000000 0.484475 
2016.000000 0.484132 
2017.000000 0.483790 
2018.000000 0.483447 
2019.000000 0.483105 
2020.000000 0.482763 
2021.000000 0.482421 
2022.000000 0.482079 
2023.000000 0.481737 
2024.000000 0.481395 
2025.000000 0.481053 
2026.000000 0.480711 
2027.000000 0.480369 
2028.000000 0.480028 
2029.000000 0.479686 
2030.000000 0.479344 
2031.000000 0.479003 
2032.000000 0.478662 
2033.000000 0.478320 
2034.000000 0.477979 
2035.000000 0.477638 
2036.000000 0.477297 
2037.000000 0.476956 
2038.000000 0.476615 
2039.000000 0.476275 
2040.000000 0.475934 
2041.000000 0.475593 
2042.000000 0.475253 
2043.000000 0.474912 
2044.000000 0.474572 
2045.000000 0.474231 
2046.000000 0.473891 
2047.000000 0.473551 
2048.000000 0.473211 
2049.000000 0.472871 
2050.000000 0.472531 
2051.000000 0.472191 
2052.000000 0.471851 
2053.000000 0.471512 
2054.000000 0.471172 
2055.000000 0.470833 
2056.000000 0.470493 
2057.000000 0.470154 
2058.000000 0.469814 
2059.000000 0.469475 
2060.000000 0.469136 
2061.000000 0.468797 
2062.000000 0.468458 
2063.000000 0.468119 
2064.000000 0.467780 
2065.000000 0.467442 
2066.000000 0.467103 
2067.000000 0.466765 
2068.000000 0.466426 
2069.000000 0.466088 
2070.000000 0.465749 
2071.000000 0.465411 
2072.000000 0.465073 
2073.000000 0.464735 
2074.000000 0.464397 
2075.000000 0.464059 
2076.000000 0.463721 
2077.000000 0.463384 
2078.000000 0.463046 
2079.000000 0.462708 
2080.000000 0.462371 
2081.000000 0.462034 
2082.000000 0.461696 
2083.000000 0.461359 
2084.000000 0.461022 
2085.000000 0.460685 
2086.000000 0.460348 
2087.000000 0.460011 
2088.000000 0.459674 
2089.000000 0.459338 
2090.000000 0.459001 
2091.000000 0.458665 
2092.000000 0.458328 
2093.000000 0.457992 
2094.000000 0.457655 
2095.000000 0.457319 
2096.000000 0.456983 
2097.000000 0.456647 
2098.000000 0.456311 
2099.000000 0.455976 
2100.000000 0.455640 
2101.000000 0.455304 
2102.000000 0.454969 
2103.000000 0.454633 
2104.000000 0.454298 
2105.000000 0.453962 
2106.000000 0.453627 
2107.000000 0.453292 
2108.000000 0.452957 
2109.000000 0.452622 
2110.000000 0.452287 
2111.000000 0.451953 
2112.000000 0.451618 
2113.000000 0.451283 
2114.000000 0.450949 
2115.000000 0.450615 
2116.000000 0.450280 
2117.000000 0.449946 
2118.000000 0.449612 
2119.000000 0.449278 
2120.000000 0.448944 
2121.000000 0.448610 
2122.000000 0.448277 
2123.000000 0.447943 
2124.000000 0.447609 
2125.000000 0.447276 
2126.000000 0.446943 
2127.000000 0.446609 
2128.000000 0.446276 
2129.000000 0.445943 
2130.000000 0.445610 
2131.000000 0.445277 
2132.000000 0.444944 
2133.000000 0.444612 
2134.000000 0.444279 
2135.000000 0.443947 
2136.000000 0.443614 
2137.000000 0.443282 
2138.000000 0.442949 
2139.000000 0.442617 
2140.000000 0.442285 
2141.000000 0.441953 
2142.000000 0.441621 
2143.000000 0.441290 
2144.000000 0.440958 
2145.000000 0.440626 
2146.000000 0.440295 
2147.000000 0.439964 
2148.000000 0.439632 
2149.000000 0.439301 
2150.000000 0.438970 
2151.000000 0.438639 
2152.000000 0.438308 
2153.000000 0.437977 
2154.000000 0.437647 
2155.000000 0.437316 
2156.000000 0.436986 
2157.000000 0.436655 
2158.000000 0.436325 
2159.000000 0.435995 
2160.000000 0.435665 
2161.000000 0.435335 
2162.000000 0.435005 
2163.000000 0.434675 
2164.000000 0.434345 
2165.000000 0.434016 
2166.000000 0.433686 
2167.000000 0.433357 
2168.000000 0.433027 
2169.000000 0.432698 
2170.000000 0.432369 
2171.000000 0.432040 
2172.000000 0.431711 
2173.000000 0.431382 
2174.000000 0.431053 
2175.000000 0.430725 
2176.000000 0.430396 
2177.000000 0.430068 
2178.000000 0.429740 
2179.000000 0.429411 
2180.000000 0.429083 
2181.000000 0.428755 
2182.000000 0.428427 
2183.000000 0.428100 
2184.000000 0.427772 
2185.000000 0.427444 
2186.000000 0.427117 
2187.000000 0.426789 
2188.000000 0.426462 
2189.000000 0.426135 
2190.000000 0.425808 
2191.000000 0.425481 
2192.000000 0.425154 
2193.000000 0.424827 
2194.000000 0.424501 
2195.000000 0.424174 
2196.000000 0.423848 
2197.000000 0.423521 
2198.000000 0.423195 
2199.000000 0.422869 
2200.000000 0.422543 
2201.000000 0.422217 
2202.000000 0.421891 
2203.000000 0.421565 
2204.000000 0.421239 
2205.000000 0.420914 
2206.000000 0.420588 
2207.000000 0.420263 
2208.000000 0.419938 
2209.000000 0.419613 
2210.000000 0.419288 
2211.000000 0.418963 
2212.000000 0.418638 
2213.000000 0.418313 
2214.000000 0.417989 
2215.000000 0.417664 
2216.000000 0.417340 
2217.000000 0.417016 
2218.000000 0.416692 
2219.000000 0.416368 
2220.000000 0.416044 
2221.000000 0.415720 
2222.000000 0.415396 
2223.000000 0.415072 
2224.000000 0.414749 
2225.000000 0.414425 
2226.000000 0.414102 
2227.000000 0.413779 
2228.000000 0.413456 
2229.000000 0.413133 
2230.000000 0.412810 
2231.000000 0.412487 
2232.000000 0.412165 
2233.000000 0.411842 
2234.000000 0.411519 
2235.000000 0.411197 
2236.000000 0.410875 
2237.000000 0.410553 
2238.000000 0.410231 
2239.000000 0.409909 
2240.000000 0.409587 
2241.000000 0.409265 
2242.000000 0.408944 
2243.000000 0.408622 
2244.000000 0.408301 
2245.000000 0.407980 
2246.000000 0.407659 
2247.000000 0.407338 
2248.000000 0.407017 
2249.000000 0.406696 
2250.000000 0.406375 
2251.000000 0.406055 
2252.000000 0.405734 
2253.000000 0.405414 
2254.000000 0.405093 
2255.000000 0.404773 
2256.000000 0.404453 
2257.000000 0.404133 
2258.000000 0.403813 
2259.000000 0.403494 
2260.000000 0.403174 
2261.000000 0.402855 
2262.000000 0.402535 
2263.000000 0.402216 
2264.000000 0.401897 
2265.000000 0.401578 
2266.000000 0.401259 
2267.000000 0.400940 
2268.000000 0.400621 
2269.000000 0.400303 
2270.000000 0.399984 
2271.000000 0.399666 
2272.000000 0.399348 
2273.000000 0.399030 
2274.000000 0.398712 
2275.000000 0.398394 
2276.000000 0.398076 
2277.000000 0.397758 
2278.000000 0.397441 
2279.000000 0.397123 
2280.000000 0.396806 
2281.000000 0.396488 
2282.000000 0.396171 
2283.000000 0.395854 
2284.000000 0.395537 
2285.000000 0.395221 
2286.000000 0.394904 
2287.000000 0.394587 
2288.000000 0.394271 
2289.000000 0.393955 
2290.000000 0.393639 
2291.000000 0.393322 
2292.000000 0.393006 
2293.000000 0.392691 
2294.000000 0.392375 
2295.000000 0.392059 
2296.000000 0.391744 
2297.000000 0.391428 
2298.000000 0.391113 
2299.000000 0.390798 
2300.000000 0.390483 
2301.000000 0.390168 
2302.000000 0.389853 
2303.000000 0.389538 
2304.000000 0.389224 
2305.000000 0.388909 
2306.000000 0.388595 
2307.000000 0.388281 
2308.000000 0.387967 
2309.000000 0.387653 
2310.000000 0.387339 
2311.000000 0.387025 
2312.000000 0.386711 
2313.000000 0.386398 
2314.000000 0.386084 
2315.000000 0.385771 
2316.000000 0.385458 
2317.000000 0.385145 
2318.000000 0.384832 
2319.000000 0.384519 
2320.000000 0.384206 
2321.000000 0.383894 
2322.000000 0.383581 
2323.000000 0.383269 
2324.000000 0.382957 
2325.000000 0.382645 
2326.000000 0.382333 
2327.000000 0.382021 
2328.000000 0.381709 
2329.000000 0.381397 
2330.000000 0.381086 
2331.000000 0.380775 
2332.000000 0.380463 
2333.000000 0.380152 
2334.000000 0.379841 
2335.000000 0.379530 
2336.000000 0.379219 
2337.000000 0.378909 
2338.000000 0.378598 
2339.000000 0.378288 
2340.000000 0.377977 
2341.000000 0.377667 
2342.000000 0.377357 
2343.000000 0.377047 
2344.000000 0.376738 
2345.000000 0.376428 
2346.000000 0.376118 
2347.000000 0.375809 
2348.000000 0.375499 
2349.000000 0.375190 
2350.000000 0.374881 
2351.000000 0.374572 
2352.000000 0.374263 
2353.000000 0.373955 
2354.000000 0.373646 
2355.000000 0.373338 
2356.000000 0.373029 
2357.000000 0.372721 
2358.000000 0.372413 
2359.000000 0.372105 
2360.000000 0.371797 
2361.000000 0.371489 
2362.000000 0.371182 
2363.000000 0.370874 
2364.000000 0.370567 
2365.000000 0.370260 
2366.000000 0.369953 
2367.000000 0.369646 
2368.000000 0.369339 
2369.000000 0.369032 
2370.000000 0.368726 
2371.000000 0.368419 
2372.000000 0.368113 
2373.000000 0.367806 
2374.000000 0.367500 
2375.000000 0.367194 
2376.000000 0.366889 
2377.000000 0.366583 
2378.000000 0.366277 
2379.000000 0.365972 
2380.000000 0.365666 
2381.000000 0.365361 
2382.000000 0.365056 
2383.000000 0.364751 
2384.000000 0.364446 
2385.000000 0.364142 
2386.000000 0.363837 
2387.000000 0.363533 
2388.000000 0.363228 
2389.000000 0.362924 
2390.000000 0.362620 
2391.000000 0.362316 
2392.000000 0.362012 
2393.000000 0.361708 
2394.000000 0.361405 
2395.000000 0.361101 
2396.000000 0.360798 
2397.000000 0.360495 
2398.000000 0.360192 
2399.000000 0.359889 
2400.000000 0.359586 
2401.000000 0.359283 
2402.000000 0.358981 
2403.000000 0.358678 
2404.000000 0.358376 
2405.000000 0.358074 
2406.000000 0.357772 
2407.000000 0.357470 
2408.000000 0.357168 
2409.000000 0.356867 
2410.000000 0.356565 
2411.000000 0.356264 
2412.000000 0.355963 
2413.000000 0.355661 
2414.000000 0.355360 
2415.000000 0.355060 
2416.000000 0.354759 
2417.000000 0.354458 
2418.000000 0.354158 
2419.000000 0.353857 
2420.000000 0.353557 
2421.000000 0.353257 
2422.000000 0.352957 
2423.000000 0.352657 
2424.000000 0.352358 
2425.000000 0.352058 
2426.000000 0.351759 
2427.000000 0.351459 
2428.000000 0.351160 
2429.000000 0.350861 
2430.000000 0.350562 
2431.000000 0.350263 
2432.000000 0.349965 
2433.000000 0.349666 
2434.000000 0.349368 
2435.000000 0.349070 
2436.000000 0.348771 
2437.000000 0.348473 
2438.000000 0.348176 
2439.000000 0.347878 
2440.000000 0.347580 
2441.000000 0.347283 
2442.000000 0.346985 
2443.000000 0.346688 
2444.000000 0.346391 
2445.000000 0.346094 
2446.000000 0.345797 
2447.000000 0.345501 
2448.000000 0.345204 
2449.000000 0.344908 
2450.000000 0.344612 
2451.000000 0.344315 
2452.000000 0.344019 
2453.000000 0.343724 
2454.000000 0.343428 
2455.000000 0.343132 
2456.000000 0.342837 
2457.000000 0.342541 
2458.000000 0.342246 
2459.000000 0.341951 
2460.000000 0.341656 
2461.000000 0.341361 
2462.000000 0.341067 
2463.000000 0.340772 
2464.000000 0.340478 
2465.000000 0.340183 
2466.000000 0.339889 
2467.000000 0.339595 
2468.000000 0.339301 
2469.000000 0.339008 
2470.000000 0.338714 
2471.000000 0.338420 
2472.000000 0.338127 
2473.000000 0.337834 
2474.000000 0.337541 
2475.000000 0.337248 
2476.000000 0.336955 
2477.000000 0.336662 
2478.000000 0.336370 
2479.000000 0.336077 
2480.000000 0.335785 
2481.000000 0.335493 
2482.000000 0.335201 
2483.000000 0.334909 
2484.000000 0.334617 
2485.000000 0.334326 
2486.000000 0.334034 
2487.000000 0.333743 
2488.000000 0.333452 
2489.000000 0.333161 
2490.000000 0.332870 
2491.000000 0.332579 
2492.000000 0.332288 
2493.000000 0.331998 
2494.000000 0.331707 
2495.000000 0.331417 
2496.000000 0.331127 
2497.000000 0.330837 
2498.000000 0.330547 
2499.000000 0.330258 
2500.000000 0.329968 
2501.000000 0.329679 
2502.000000 0.329389 
2503.000000 0.329100 
2504.000000 0.328811 
2505.000000 0.328522 
2506.000000 0.328233 
2507.000000 0.327945 
2508.000000 0.327656 
2509.000000 0.327368 
2510.000000 0.327080 
2511.000000 0.326792 
2512.000000 0.326504 
2513.000000 0.326216 
2514.000000 0.325928 
2515.000000 0.325641 
2516.000000 0.325353 
2517.000000 0.325066 
2518.000000 0.324779 
2519.000000 0.324492 
2520.000000 0.324205 
2521.000000 0.323918 
2522.000000 0.323632 
2523.000000 0.323345 
2524.000000 0.323059 
2525.000000 0.322773 
2526.000000 0.322487 
2527.000000 0.322201 
2528.000000 0.321915 
2529.000000 0.321630 
2530.000000 0.321344 
2531.000000 0.321059 
2532.000000 0.320774 
2533.000000 0.320489 
2534.000000 0.320204 
2535.000000 0.319919 
2536.000000 0.319634 
2537.000000 0.319350 
2538.000000 0.319066 
2539.000000 0.318781 
2540.000000 0.318497 
2541.000000 0.318213 
2542.000000 0.317930 
2543.000000 0.317646 
2544.000000 0.317362 
2545.000000 0.317079 
2546.000000 0.316796 
2547.000000 0.316513 
2548.000000 0.316230 
2549.000000 0.315947 
2550.000000 0.315664 
2551.000000 0.315382 
2552.000000 0.315099 
2553.000000 0.314817 
2554.000000 0.314535 
2555.000000 0.314253 
2556.000000 0.313971 
2557.000000 0.313689 
2558.000000 0.313408 
2559.000000 0.313126 
2560.000000 0.312845 
2561.000000 0.312564 
2562.000000 0.312283 
2563.000000 0.312002 
2564.000000 0.311721 
2565.000000 0.311441 
2566.000000 0.311160 
2567.000000 0.310880 
2568.000000 0.310600 
2569.000000 0.310320 
2570.000000 0.310040 
2571.000000 0.309760 
2572.000000 0.309480 
2573.000000 0.309201 
2574.000000 0.308922 
2575.000000 0.308642 
2576.000000 0.308363 
2577.000000 0.308084 
2578.000000 0.307806 
2579.000000 0.307527 
2580.000000 0.307249 
2581.000000 0.306970 
2582.000000 0.306692 
2583.000000 0.306414 
2584.000000 0.306136 
2585.000000 0.305858 
2586.000000 0.305581 
2587.000000 0.305303 
2588.000000 0.305026 
2589.000000 0.304749 
2590.000000 0.304472 
2591.000000 0.304195 
2592.000000 0.303918 
2593.000000 0.303641 
2594.000000 0.303365 
2595.000000 0.303088 
2596.000000 0.302812 
2597.000000 0.302536 
2598.000000 0.302260 
2599.000000 0.301985 
2600.000000 0.301709 
2601.000000 0.301433 
2602.000000 0.301158 
2603.000000 0.300883 
2604.000000 0.300608 
2605.000000 0.300333 
2606.000000 0.300058 
2607.000000 0.299784 
2608.000000 0.299509 
2609.000000 0.299235 
2610.000000 0.298961 
2611.000000 0.298686 
2612.000000 0.298413 
2613.000000 0.298139 
2614.000000 0.297865 
2615.000000 0.297592 
2616.000000 0.297318 
2617.000000 0.297045 
2618.000000 0.296772 
2619.000000 0.296499 
2620.000000 0.296227 
2621.000000 0.295954 
2622.000000 0.295681 
2623.000000 0.295409 
2624.000000 0.295137 
2625.000000 0.294865 
2626.000000 0.294593 
2627.000000 0.294321 
2628.000000 0.294050 
2629.000000 0.293778 
2630.000000 0.293507 
2631.000000 0.293236 
2632.000000 0.292965 
2633.000000 0.292694 
2634.000000 0.292423 
2635.000000 0.292153 
2636.000000 0.291882 
2637.000000 0.291612 
2638.000000 0.291342 
2639.000000 0.291072 
2640.000000 0.290802 
2641.000000 0.290532 
2642.000000 0.290263 
2643.000000 0.289993 
2644.000000 0.289724 
2645.000000 0.289455 
2646.000000 0.289186 
2647.000000 0.288917 
2648.000000 0.288649 
2649.000000 0.288380 
2650.000000 0.288112 
2651.000000 0.287843 
2652.000000 0.287575 
2653.000000 0.287307 
2654.000000 0.287040 
2655.000000 0.286772 
2656.000000 0.286504 
2657.000000 0.286237 
2658.000000 0.285970 
2659.000000 0.285703 
2660.000000 0.285436 
2661.000000 0.285169 
2662.000000 0.284902 
2663.000000 0.284636 
2664.000000 0.284370 
2665.000000 0.284103 
2666.000000 0.283837 
2667.000000 0.283572 
2668.000000 0.283306 
2669.000000 0.283040 
2670.000000 0.282775 
2671.000000 0.282509 
2672.000000 0.282244 
2673.000000 0.281979 
2674.000000 0.281714 
2675.000000 0.281450 
2676.000000 0.281185 
2677.000000 0.280921 
2678.000000 0.280657 
2679.000000 0.280392 
2680.000000 0.280128 
2681.000000 0.279865 
2682.000000 0.279601 
2683.000000 0.279337 
2684.000000 0.279074 
2685.000000 0.278811 
2686.000000 0.278548 
2687.000000 0.278285 
2688.000000 0.278022 
2689.000000 0.277759 
2690.000000 0.277497 
2691.000000 0.277235 
2692.000000 0.276972 
2693.000000 0.276710 
2694.000000 0.276449 
2695.000000 0.276187 
2696.000000 0.275925 
2697.000000 0.275664 
2698.000000 0.275402 
2699.000000 0.275141 
2700.000000 0.274880 
2701.000000 0.274619 
2702.000000 0.274359 
2703.000000 0.274098 
2704.000000 0.273838 
2705.000000 0.273578 
2706.000000 0.273317 
2707.000000 0.273058 
2708.000000 0.272798 
2709.000000 0.272538 
2710.000000 0.272279 
2711.000000 0.272019 
2712.000000 0.271760 
2713.000000 0.271501 
2714.000000 0.271242 
2715.000000 0.270983 
2716.000000 0.270725 
2717.000000 0.270466 
2718.000000 0.270208 
2719.000000 0.269950 
2720.000000 0.269692 
2721.000000 0.269434 
2722.000000 0.269176 
2723.000000 0.268919 
2724.000000 0.268661 
2725.000000 0.268404 
2726.000000 0.268147 
2727.000000 0.267890 
2728.000000 0.267633 
2729.000000 0.267376 
2730.000000 0.267120 
2731.000000 0.266863 
2732.000000 0.266607 
2733.000000 0.266351 
2734.000000 0.266095 
2735.000000 0.265839 
2736.000000 0.265584 
2737.000000 0.265328 
2738.000000 0.265073 
2739.000000 0.264818 
2740.000000 0.264563 
2741.000000 0.264308 
2742.000000 0.264053 
2743.000000 0.263799 
2744.000000 0.263544 
2745.000000 0.263290 
2746.000000 0.263036 
2747.000000 0.262782 
2748.000000 0.262528 
2749.000000 0.262274 
2750.000000 0.262021 
2751.000000 0.261768 
2752.000000 0.261514 
2753.000000 0.261261 
2754.000000 0.261008 
2755.000000 0.260756 
2756.000000 0.260503 
2757.000000 0.260251 
2758.000000 0.259998 
2759.000000 0.259746 
2760.000000 0.259494 
2761.000000 0.259242 
2762.000000 0.258990 
2763.000000 0.258739 
2764.000000 0.258487 
2765.000000 0.258236 
2766.000000 0.257985 
2767.000000 0.257734 
2768.000000 0.257483 
2769.000000 0.257233 
2770.000000 0.256982 
2771.000000 0.256732 
2772.000000 0.256482 
2773.000000 0.256232 
2774.000000 0.255982 
2775.000000 0.255732 
2776.000000 0.255482 
2777.000000 0.255233 
2778.000000 0.254984 
2779.000000 0.254734 
2780.000000 0.254485 
2781.000000 0.254237 
2782.000000 0.253988 
2783.000000 0.253739 
2784.000000 0.253491 
2785.000000 0.253243 
2786.000000 0.252995 
2787.000000 0.252747 
2788.000000 0.252499 
2789.000000 0.252251 
2790.000000 0.252004 
2791.000000 0.251756 
2792.000000 0.251509 
2793.000000 0.251262 
2794.000000 0.251015 
2795.000000 0.250768 
2796.000000 0.250522 
2797.000000 0.250275 
2798.000000 0.250029 
2799.000000 0.249783 
2800.000000 0.249537 
2801.000000 0.249291 
2802.000000 0.249046 
2803.000000 0.248800 
2804.000000 0.248555 
2805.000000 0.248309 
2806.000000 0.248064 
2807.000000 0.247820 
2808.000000 0.247575 
2809.000000 0.247330 
2810.000000 0.247086 
2811.000000 0.246841 
2812.000000 0.246597 
2813.000000 0.246353 
2814.000000 0.246109 
2815.000000 0.245866 
2816.000000 0.245622 
2817.000000 0.245379 
2818.000000 0.245135 
2819.000000 0.244892 
2820.000000 0.244649 
2821.000000 0.244407 
2822.000000 0.244164 
2823.000000 0.243921 
2824.000000 0.243679 
2825.000000 0.243437 
2826.000000 0.243195 
2827.000000 0.242953 
2828.000000 0.242711 
2829.000000 0.242470 
2830.000000 0.242228 
2831.000000 0.241987 
2832.000000 0.241746 
2833.000000 0.241505 
2834.000000 0.241264 
2835.000000 0.241023 
2836.000000 0.240783 
2837.000000 0.240542 
2838.000000 0.240302 
2839.000000 0.240062 
2840.000000 0.239822 
2841.000000 0.239582 
2842.000000 0.239343 
2843.000000 0.239103 
2844.000000 0.238864 
2845.000000 0.238625 
2846.000000 0.238386 
2847.000000 0.238147 
2848.000000 0.237908 
2849.000000 0.237670 
2850.000000 0.237431 
2851.000000 0.237193 
2852.000000 0.236955 
2853.000000 0.236717 
2854.000000 0.236479 
2855.000000 0.236242 
2856.000000 0.236004 
2857.000000 0.235767 
2858.000000 0.235530 
2859.000000 0.235293 
2860.000000 0.235056 
2861.000000 0.234819 
2862.000000 0.234583 
2863.000000 0.234346 
2864.000000 0.234110 
2865.000000 0.233874 
2866.000000 0.233638 
2867.000000 0.233402 
2868.000000 0.233167 
2869.000000 0.232931 
2870.000000 0.232696 
2871.000000 0.232461 
2872.000000 0.232225 
2873.000000 0.231991 
2874.000000 0.231756 
2875.000000 0.231521 
2876.000000 0.231287 
2877.000000 0.231053 
2878.000000 0.230818 
2879.000000 0.230584 
2880.000000 0.230351 
2881.000000 0.230117 
2882.000000 0.229884 
2883.000000 0.229650 
2884.000000 0.229417 
2885.000000 0.229184 
2886.000000 0.228951 
2887.000000 0.228718 
2888.000000 0.228486 
2889.000000 0.228253 
2890.000000 0.228021 
2891.000000 0.227789 
2892.000000 0.227557 
2893.000000 0.227325 
2894.000000 0.227093 
2895.000000 0.226862 
2896.000000 0.226630 
2897.000000 0.226399 
2898.000000 0.226168 
2899.000000 0.225937 
2900.000000 0.225706 
2901.000000 0.225476 
2902.000000 0.225245 
2903.000000 0.225015 
2904.000000 0.224785 
2905.000000 0.224555 
2906.000000 0.224325 
2907.000000 0.224095 
2908.000000 0.223866 
2909.000000 0.223637 
2910.000000 0.223407 
2911.000000 0.223178 
2912.000000 0.222949 
2913.000000 0.222721 
2914.000000 0.222492 
2915.000000 0.222264 
2916.000000 0.222035 
2917.000000 0.221807 
2918.000000 0.221579 
2919.000000 0.221351 
2920.000000 0.221123 
2921.000000 0.220896 
2922.000000 0.220669 
2923.000000 0.220441 
2924.000000 0.220214 
2925.000000 0.219987 
2926.000000 0.219761 
2927.000000 0.219534 
2928.000000 0.219307 
2929.000000 0.219081 
2930.000000 0.218855 
2931.000000 0.218629 
2932.000000 0.218403 
2933.000000 0.218177 
2934.000000 0.217952 
2935.000000 0.217726 
2936.000000 0.217501 
2937.000000 0.217276 
2938.000000 0.217051 
2939.000000 0.216826 
2940.000000 0.216602 
2941.000000 0.216377 
2942.000000 0.216153 
2943.000000 0.215929 
2944.000000 0.215705 
2945.000000 0.215481 
2946.000000 0.215257 
2947.000000 0.215034 
2948.000000 0.214810 
2949.000000 0.214587 
2950.000000 0.214364 
2951.000000 0.214141 
2952.000000 0.213918 
2953.000000 0.213695 
2954.000000 0.213473 
2955.000000 0.213251 
2956.000000 0.213028 
2957.000000 0.212806 
2958.000000 0.212585 
2959.000000 0.212363 
2960.000000 0.212141 
2961.000000 0.211920 
2962.000000 0.211699 
2963.000000 0.211477 
2964.000000 0.211256 
2965.000000 0.211036 
2966.000000 0.210815 
2967.000000 0.210595 
2968.000000 0.210374 
2969.000000 0.210154 
2970.000000 0.209934 
2971.000000 0.209714 
2972.000000 0.209494 
2973.000000 0.209275 
2974.000000 0.209055 
2975.000000 0.208836 
2976.000000 0.208617 
2977.000000 0.208398 
2978.000000 0.208179 
2979.000000 0.207960 
2980.000000 0.207742 
2981.000000 0.207524 
2982.000000 0.207305 
2983.000000 0.207087 
2984.000000 0.206869 
2985.000000 0.206652 
2986.000000 0.206434 
2987.000000 0.206217 
2988.000000 0.205999 
2989.000000 0.205782 
2990.000000 0.205565 
2991.000000 0.205348 
2992.000000 0.205132 
2993.000000 0.204915 
2994.000000 0.204699 
2995.000000 0.204483 
2996.000000 0.204266 
2997.000000 0.204051 
2998.000000 0.203835 
2999.000000 0.203619 
3000.000000 0.203404 
3001.000000 0.203188 
3002.000000 0.202973 
3003.000000 0.202758 
3004.000000 0.202543 
3005.000000 0.202329 
3006.000000 0.202114 
3007.000000 0.201900 
3008.000000 0.201685 
3009.000000 0.201471 
3010.000000 0.201257 
3011.000000 0.201044 
3012.000000 0.200830 
3013.000000 0.200617 
3014.000000 0.200403 
3015.000000 0.200190 
3016.000000 0.199977 
3017.000000 0.199764 
3018.000000 0.199551 
3019.000000 0.199339 
3020.000000 0.199126 
3021.000000 0.198914 
3022.000000 0.198702 
3023.000000 0.198490 
3024.000000 0.198278 
3025.000000 0.198067 
3026.000000 0.197855 
3027.000000 0.197644 
3028.000000 0.197432 
3029.000000 0.197221 
3030.000000 0.197011 
3031.000000 0.196800 
3032.000000 0.196589 
3033.000000 0.196379 
3034.000000 0.196168 
3035.000000 0.195958 
3036.000000 0.195748 
3037.000000 0.195538 
3038.000000 0.195329 
3039.000000 0.195119 
3040.000000 0.194910 
3041.000000 0.194701 
3042.000000 0.194491 
3043.000000 0.194283 
3044.000000 0.194074 
3045.000000 0.193865 
3046.000000 0.193657 
3047.000000 0.193448 
3048.000000 0.193240 
3049.000000 0.193032 
3050.000000 0.192824 
3051.000000 0.192616 
3052.000000 0.192409 
3053.000000 0.192201 
3054.000000 0.191994 
3055.000000 0.191787 
3056.000000 0.191580 
3057.000000 0.191373 
3058.000000 0.191167 
3059.000000 0.190960 
3060.000000 0.190754 
3061.000000 0.190547 
3062.000000 0.190341 
3063.000000 0.190136 
3064.000000 0.189930 
3065.000000 0.189724 
3066.000000 0.189519 
3067.000000 0.189313 
3068.000000 0.189108 
3069.000000 0.188903 
3070.000000 0.188698 
3071.000000 0.188494 
3072.000000 0.188289 
3073.000000 0.188085 
3074.000000 0.187880 
3075.000000 0.187676 
3076.000000 0.187472 
3077.000000 0.187268 
3078.000000 0.187065 
3079.000000 0.186861 
3080.000000 0.186658 
3081.000000 0.186455 
3082.000000 0.186252 
3083.000000 0.186049 
3084.000000 0.185846 
3085.000000 0.185643 
3086.000000 0.185441 
3087.000000 0.185239 
3088.000000 0.185036 
3089.000000 0.184834 
3090.000000 0.184633 
3091.000000 0.184431 
3092.000000 0.184229 
3093.000000 0.184028 
3094.000000 0.183827 
3095.000000 0.183626 
3096.000000 0.183425 
3097.000000 0.183224 
3098.000000 0.183023 
3099.000000 0.182823 
3100.000000 0.182622 
3101.000000 0.182422 
3102.000000 0.182222 
3103.000000 0.182022 
3104.000000 0.181822 
3105.000000 0.181623 
3106.000000 0.181423 
3107.000000 0.181224 
3108.000000 0.181025 
3109.000000 0.180826 
3110.000000 0.180627 
3111.000000 0.180428 
3112.000000 0.180230 
3113.000000 0.180031 
3114.000000 0.179833 
3115.000000 0.179635 
3116.000000 0.179437 
3117.000000 0.179239 
3118.000000 0.179042 
3119.000000 0.178844 
3120.000000 0.178647 
3121.000000 0.178449 
3122.000000 0.178252 
3123.000000 0.178056 
3124.000000 0.177859 
3125.000000 0.177662 
3126.000000 0.177466 
3127.000000 0.177269 
3128.000000 0.177073 
3129.000000 0.176877 
3130.000000 0.176681 
3131.000000 0.176486 
3132.000000 0.176290 
3133.000000 0.176095 
3134.000000 0.175899 
3135.000000 0.175704 
3136.000000 0.175509 
3137.000000 0.175314 
3138.000000 0.175120 
3139.000000 0.174925 
3140.000000 0.174731 
3141.000000 0.174537 
3142.000000 0.174343 
3143.000000 0.174149 
3144.000000 0.173955 
3145.000000 0.173761 
3146.000000 0.173568 
3147.000000 0.173374 
3148.000000 0.173181 
3149.000000 0.172988 
3150.000000 0.172795 
3151.000000 0.172603 
3152.000000 0.172410 
3153.000000 0.172218 
3154.000000 0.172025 
3155.000000 0.171833 
3156.000000 0.171641 
3157.000000 0.171449 
3158.000000 0.171258 
3159.000000 0.171066 
3160.000000 0.170875 
3161.000000 0.170683 
3162.000000 0.170492 
3163.000000 0.170301 
3164.000000 0.170111 
3165.000000 0.169920 
3166.000000 0.169729 
3167.000000 0.169539 
3168.000000 0.169349 
3169.000000 0.169159 
3170.000000 0.168969 
3171.000000 0.168779 
3172.000000 0.168590 
3173.000000 0.168400 
3174.000000 0.168211 
3175.000000 0.168022 
3176.000000 0.167833 
3177.000000 0.167644 
3178.000000 0.167455 
3179.000000 0.167266 
3180.000000 0.167078 
3181.000000 0.166890 
3182.000000 0.166702 
3183.000000 0.166514 
3184.000000 0.166326 
3185.000000 0.166138 
3186.000000 0.165951 
3187.000000 0.165763 
3188.000000 0.165576 
3189.000000 0.165389 
3190.000000 0.165202 
3191.000000 0.165015 
3192.000000 0.164828 
3193.000000 0.164642 
3194.000000 0.164456 
3195.000000 0.164269 
3196.000000 0.164083 
3197.000000 0.163897 
3198.000000 0.163712 
3199.000000 0.163526 
3200.000000 0.163341 
3201.000000 0.163155 
3202.000000 0.162970 
3203.000000 0.162785 
3204.000000 0.162600 
3205.000000 0.162415 
3206.000000 0.162231 
3207.000000 0.162046 
3208.000000 0.161862 
3209.000000 0.161678 
3210.000000 0.161494 
3211.000000 0.161310 
3212.000000 0.161126 
3213.000000 0.160943 
3214.000000 0.160759 
3215.000000 0.160576 
3216.000000 0.160393 
3217.000000 0.160210 
3218.000000 0.160027 
3219.000000 0.159845 
3220.000000 0.159662 
3221.000000 0.159480 
3222.000000 0.159298 
3223.000000 0.159115 
3224.000000 0.158933 
3225.000000 0.158752 
3226.000000 0.158570 
3227.000000 0.158389 
3228.000000 0.158207 
3229.000000 0.158026 
3230.000000 0.157845 
3231.000000 0.157664 
3232.000000 0.157483 
3233.000000 0.157303 
3234.000000 0.157122 
3235.000000 0.156942 
3236.000000 0.156762 
3237.000000 0.156582 
3238.000000 0.156402 
3239.000000 0.156222 
3240.000000 0.156042 
3241.000000 0.155863 
3242.000000 0.155684 
3243.000000 0.155504 
3244.000000 0.155325 
3245.000000 0.155146 
3246.000000 0.154968 
3247.000000 0.154789 
3248.000000 0.154611 
3249.000000 0.154432 
3250.000000 0.154254 
3251.000000 0.154076 
3252.000000 0.153898 
3253.000000 0.153721 
3254.000000 0.153543 
3255.000000 0.153366 
3256.000000 0.153188 
3257.000000 0.153011 
3258.000000 0.152834 
3259.000000 0.152657 
3260.000000 0.152481 
3261.000000 0.152304 
3262.000000 0.152128 
3263.000000 0.151952 
3264.000000 0.151775 
3265.000000 0.151599 
3266.000000 0.151424 
3267.000000 0.151248 
3268.000000 0.151072 
3269.000000 0.150897 
3270.000000 0.150722 
3271.000000 0.150547 
3272.000000 0.150372 
3273.000000 0.150197 
3274.000000 0.150022 
3275.000000 0.149848 
3276.000000 0.149673 
3277.000000 0.149499 
3278.000000 0.149325 
3279.000000 0.149151 
3280.000000 0.148977 
3281.000000 0.148803 
3282.000000 0.148630 
3283.000000 0.148457 
3284.000000 0.148283 
3285.000000 0.148110 
3286.000000 0.147937 
3287.000000 0.147764 
3288.000000 0.147592 
3289.000000 0.147419 
3290.000000 0.147247 
3291.000000 0.147075 
3292.000000 0.146903 
3293.000000 0.146731 
3294.000000 0.146559 
3295.000000 0.146387 
3296.000000 0.146216 
3297.000000 0.146044 
3298.000000 0.145873 
3299.000000 0.145702 
3300.000000 0.145531 
3301.000000 0.145360 
3302.000000 0.145190 
3303.000000 0.145019 
3304.000000 0.144849 
3305.000000 0.144678 
3306.000000 0.144508 
3307.000000 0.144338 
3308.000000 0.144169 
3309.000000 0.143999 
3310.000000 0.143829 
3311.000000 0.143660 
3312.000000 0.143491 
3313.000000 0.143322 
3314.000000 0.143153 
3315.000000 0.142984 
3316.000000 0.142815 
3317.000000 0.142647 
3318.000000 0.142478 
3319.000000 0.142310 
3320.000000 0.142142 
3321.000000 0.141974 
3322.000000 0.141806 
3323.000000 0.141638 
3324.000000 0.141471 
3325.000000 0.141303 
3326.000000 0.141136 
3327.000000 0.140969 
3328.000000 0.140802 
3329.000000 0.140635 
3330.000000 0.140469 
3331.000000 0.140302 
3332.000000 0.140136 
3333.000000 0.139969 
3334.000000 0.139803 
3335.000000 0.139637 
3336.000000 0.139471 
3337.000000 0.139306 
3338.000000 0.139140 
3339.000000 0.138975 
3340.000000 0.138809 
3341.000000 0.138644 
3342.000000 0.138479 
3343.000000 0.138315 
3344.000000 0.138150 
3345.000000 0.137985 
3346.000000 0.137821 
3347.000000 0.137656 
3348.000000 0.137492 
3349.000000 0.137328 
3350.000000 0.137164 
3351.000000 0.137001 
3352.000000 0.136837 
3353.000000 0.136674 
3354.000000 0.136510 
3355.000000 0.136347 
3356.000000 0.136184 
3357.000000 0.136021 
3358.000000 0.135859 
3359.000000 0.135696 
3360.000000 0.135533 
3361.000000 0.135371 
3362.000000 0.135209 
3363.000000 0.135047 
3364.000000 0.134885 
3365.000000 0.134723 
3366.000000 0.134562 
3367.000000 0.134400 
3368.000000 0.134239 
3369.000000 0.134077 
3370.000000 0.133916 
3371.000000 0.133755 
3372.000000 0.133595 
3373.000000 0.133434 
3374.000000 0.133274 
3375.000000 0.133113 
3376.000000 0.132953 
3377.000000 0.132793 
3378.000000 0.132633 
3379.000000 0.132473 
3380.000000 0.132313 
3381.000000 0.132154 
3382.000000 0.131994 
3383.000000 0.131835 
3384.000000 0.131676 
3385.000000 0.131517 
3386.000000 0.131358 
3387.000000 0.131199 
3388.000000 0.131041 
3389.000000 0.130883 
3390.000000 0.130724 
3391.000000 0.130566 
3392.000000 0.130408 
3393.000000 0.130250 
3394.000000 0.130092 
3395.000000 0.129935 
3396.000000 0.129777 
3397.000000 0.129620 
3398.000000 0.129463 
3399.000000 0.129306 
3400.000000 0.129149 
3401.000000 0.128992 
3402.000000 0.128836 
3403.000000 0.128679 
3404.000000 0.128523 
3405.000000 0.128366 
3406.000000 0.128210 
3407.000000 0.128054 
3408.000000 0.127899 
3409.000000 0.127743 
3410.000000 0.127588 
3411.000000 0.127432 
3412.000000 0.127277 
3413.000000 0.127122 
3414.000000 0.126967 
3415.000000 0.126812 
3416.000000 0.126657 
3417.000000 0.126503 
3418.000000 0.126348 
3419.000000 0.126194 
3420.000000 0.126040 
3421.000000 0.125886 
3422.000000 0.125732 
3423.000000 0.125578 
3424.000000 0.125425 
3425.000000 0.125271 
3426.000000 0.125118 
3427.000000 0.124965 
3428.000000 0.124812 
3429.000000 0.124659 
3430.000000 0.124506 
3431.000000 0.124353 
3432.000000 0.124201 
3433.000000 0.124048 
3434.000000 0.123896 
3435.000000 0.123744 
3436.000000 0.123592 
3437.000000 0.123440 
3438.000000 0.123289 
3439.000000 0.123137 
3440.000000 0.122986 
3441.000000 0.122834 
3442.000000 0.122683 
3443.000000 0.122532 
3444.000000 0.122381 
3445.000000 0.122231 
3446.000000 0.122080 
3447.000000 0.121930 
3448.000000 0.121779 
3449.000000 0.121629 
3450.000000 0.121479 
3451.000000 0.121329 
3452.000000 0.121179 
3453.000000 0.121030 
3454.000000 0.120880 
3455.000000 0.120731 
3456.000000 0.120582 
3457.000000 0.120433 
3458.000000 0.120284 
3459.000000 0.120135 
3460.000000 0.119986 
3461.000000 0.119838 
3462.000000 0.119689 
3463.000000 0.119541 
3464.000000 0.119393 
3465.000000 0.119245 
3466.000000 0.119097 
3467.000000 0.118949 
3468.000000 0.118801 
3469.000000 0.118654 
3470.000000 0.118507 
3471.000000 0.118359 
3472.000000 0.118212 
3473.000000 0.118065 
3474.000000 0.117919 
3475.000000 0.117772 
3476.000000 0.117625 
3477.000000 0.117479 
3478.000000 0.117333 
3479.000000 0.117187 
3480.000000 0.117041 
3481.000000 0.116895 
3482.000000 0.116749 
3483.000000 0.116603 
3484.000000 0.116458 
3485.000000 0.116313 
3486.000000 0.116168 
3487.000000 0.116022 
3488.000000 0.115878 
3489.000000 0.115733 
3490.000000 0.115588 
3491.000000 0.115444 
3492.000000 0.115299 
3493.000000 0.115155 
3494.000000 0.115011 
3495.000000 0.114867 
3496.000000 0.114723 
3497.000000 0.114579 
3498.000000 0.114436 
3499.000000 0.114292 
3500.000000 0.114149 
3501.000000 0.114006 
3502.000000 0.113863 
3503.000000 0.113720 
3504.000000 0.113577 
3505.000000 0.113434 
3506.000000 0.113292 
3507.000000 0.113149 
3508.000000 0.113007 
3509.000000 0.112865 
3510.000000 0.112723 
3511.000000 0.112581 
3512.000000 0.112439 
3513.000000 0.112298 
3514.000000 0.112156 
3515.000000 0.112015 
3516.000000 0.111874 
3517.000000 0.111733 
3518.000000 0.111592 
3519.000000 0.111451 
3520.000000 0.111310 
3521.000000 0.111170 
3522.000000 0.111029 
3523.000000 0.110889 
3524.000000 0.110749 
3525.000000 0.110609 
3526.000000 0.110469 
3527.000000 0.110329 
3528.000000 0.110190 
3529.000000 0.110050 
3530.000000 0.109911 
3531.000000 0.109771 
3532.000000 0.109632 
3533.000000 0.109493 
3534.000000 0.109355 
3535.000000 0.109216 
3536.000000 0.109077 
3537.000000 0.108939 
3538.000000 0.108801 
3539.000000 0.108662 
3540.000000 0.108524 
3541.000000 0.108386 
3542.000000 0.108249 
3543.000000 0.108111 
3544.000000 0.107973 
3545.000000 0.107836 
3546.000000 0.107699 
3547.000000 0.107562 
3548.000000 0.107425 
3549.000000 0.107288 
3550.000000 0.107151 
3551.000000 0.107014 
3552.000000 0.106878 
3553.000000 0.106741 
3554.000000 0.106605 
3555.000000 0.106469 
3556.000000 0.106333 
3557.000000 0.106197 
3558.000000 0.106062 
3559.000000 0.105926 
3560.000000 0.105790 
3561.000000 0.105655 
3562.000000 0.105520 
3563.000000 0.105385 
3564.000000 0.105250 
3565.000000 0.105115 
3566.000000 0.104980 
3567.000000 0.104846 
3568.000000 0.104711 
3569.000000 0.104577 
3570.000000 0.104443 
3571.000000 0.104309 
3572.000000 0.104175 
3573.000000 0.104041 
3574.000000 0.103908 
3575.000000 0.103774 
3576.000000 0.103641 
3577.000000 0.103507 
3578.000000 0.103374 
3579.000000 0.103241 
3580.000000 0.103108 
3581.000000 0.102976 
3582.000000 0.102843 
3583.000000 0.102710 
3584.000000 0.102578 
3585.000000 0.102446 
3586.000000 0.102314 
3587.000000 0.102182 
3588.000000 0.102050 
3589.000000 0.101918 
3590.000000 0.101786 
3591.000000 0.101655 
3592.000000 0.101524 
3593.000000 0.101392 
3594.000000 0.101261 
3595.000000 0.101130 
3596.000000 0.100999 
3597.000000 0.100869 
3598.000000 0.100738 
3599.000000 0.100608 
3600.000000 0.100477 
3601.000000 0.100347 
3602.000000 0.100217 
3603.000000 0.100087 
3604.000000 0.099957 
3605.000000 0.099827 
3606.000000 0.099698 
3607.000000 0.099568 
3608.000000 0.099439 
3609.000000 0.099310 
3610.000000 0.099181 
3611.000000 0.099052 
3612.000000 0.098923 
3613.000000 0.098794 
3614.000000 0.098666 
3615.000000 0.098537 
3616.000000 0.098409 
3617.000000 0.098281 
3618.000000 0.098153 
3619.000000 0.098025 
3620.000000 0.097897 
3621.000000 0.097769 
3622.000000 0.097642 
3623.000000 0.097514 
3624.000000 0.097387 
3625.000000 0.097260 
3626.000000 0.097132 
3627.000000 0.097006 
3628.000000 0.096879 
3629.000000 0.096752 
3630.000000 0.096625 
3631.000000 0.096499 
3632.000000 0.096373 
3633.000000 0.096246 
3634.000000 0.096120 
3635.000000 0.095994 
3636.000000 0.095869 
3637.000000 0.095743 
3638.000000 0.095617 
3639.000000 0.095492 
3640.000000 0.095366 
3641.000000 0.095241 
3642.000000 0.095116 
3643.000000 0.094991 
3644.000000 0.094866 
3645.000000 0.094742 
3646.000000 0.094617 
3647.000000 0.094493 
3648.000000 0.094368 
3649.000000 0.094244 
3650.000000 0.094120 
3651.000000 0.093996 
3652.000000 0.093872 
3653.000000 0.093748 
3654.000000 0.093625 
3655.000000 0.093501 
3656.000000 0.093378 
3657.000000 0.093255 
3658.000000 0.093132 
3659.000000 0.093009 
3660.000000 0.092886 
3661.000000 0.092763 
3662.000000 0.092640 
3663.000000 0.092518 
3664.000000 0.092395 
3665.000000 0.092273 
3666.000000 0.092151 
3667.000000 0.092029 
3668.000000 0.091907 
3669.000000 0.091785 
3670.000000 0.091664 
3671.000000 0.091542 
3672.000000 0.091421 
3673.000000 0.091300 
3674.000000 0.091178 
3675.000000 0.091057 
3676.000000 0.090936 
3677.000000 0.090816 
3678.000000 0.090695 
3679.000000 0.090574 
3680.000000 0.090454 
3681.000000 0.090334 
3682.000000 0.090214 
3683.000000 0.090093 
3684.000000 0.089974 
3685.000000 0.089854 
3686.000000 0.089734 
3687.000000 0.089614 
3688.000000 0.089495 
3689.000000 0.089376 
3690.000000 0.089256 
3691.000000 0.089137 
3692.000000 0.089018 
3693.000000 0.088899 
3694.000000 0.088781 
3695.000000 0.088662 
3696.000000 0.088544 
3697.000000 0.088425 
3698.000000 0.088307 
3699.000000 0.088189 
3700.000000 0.088071 
3701.000000 0.087953 
3702.000000 0.087835 
3703.000000 0.087717 
3704.000000 0.087600 
3705.000000 0.087482 
3706.000000 0.087365 
3707.000000 0.087248 
3708.000000 0.087131 
3709.000000 0.087014 
3710.000000 0.086897 
3711.000000 0.086780 
3712.000000 0.086664 
3713.000000 0.086547 
3714.000000 0.086431 
3715.000000 0.086315 
3716.000000 0.086199 
3717.000000 0.086083 
3718.000000 0.085967 
3719.000000 0.085851 
3720.000000 0.085735 
3721.000000 0.085620 
3722.000000 0.085505 
3723.000000 0.085389 
3724.000000 0.085274 
3725.000000 0.085159 
3726.000000 0.085044 
3727.000000 0.084929 
3728.000000 0.084815 
3729.000000 0.084700 
3730.000000 0.084586 
3731.000000 0.084471 
3732.000000 0.084357 
3733.000000 0.084243 
3734.000000 0.084129 
3735.000000 0.084015 
3736.000000 0.083901 
3737.000000 0.083788 
3738.000000 0.083674 
3739.000000 0.083561 
3740.000000 0.083448 
3741.000000 0.083334 
3742.000000 0.083221 
3743.000000 0.083108 
3744.000000 0.082996 
3745.000000 0.082883 
3746.000000 0.082770 
3747.000000 0.082658 
3748.000000 0.082546 
3749.000000 0.082433 
3750.000000 0.082321 
3751.000000 0.082209 
3752.000000 0.082097 
3753.000000 0.081986 
3754.000000 0.081874 
3755.000000 0.081762 
3756.000000 0.081651 
3757.000000 0.081540 
3758.000000 0.081428 
3759.000000 0.081317 
3760.000000 0.081206 
3761.000000 0.081096 
3762.000000 0.080985 
3763.000000 0.080874 
3764.000000 0.080764 
3765.000000 0.080653 
3766.000000 0.080543 
3767.000000 0.080433 
3768.000000 0.080323 
3769.000000 0.080213 
3770.000000 0.080103 
3771.000000 0.079994 
3772.000000 0.079884 
3773.000000 0.079774 
3774.000000 0.079665 
3775.000000 0.079556 
3776.000000 0.079447 
3777.000000 0.079338 
3778.000000 0.079229 
3779.000000 0.079120 
3780.000000 0.079012 
3781.000000 0.078903 
3782.000000 0.078795 
3783.000000 0.078686 
3784.000000 0.078578 
3785.000000 0.078470 
3786.000000 0.078362 
3787.000000 0.078254 
3788.000000 0.078146 
3789.000000 0.078039 
3790.000000 0.077931 
3791.000000 0.077824 
3792.000000 0.077717 
3793.000000 0.077609 
3794.000000 0.077502 
3795.000000 0.077395 
3796.000000 0.077289 
3797.000000 0.077182 
3798.000000 0.077075 
3799.000000 0.076969 
3800.000000 0.076862 
3801.000000 0.076756 
3802.000000 0.076650 
3803.000000 0.076544 
3804.000000 0.076438 
3805.000000 0.076332 
3806.000000 0.076226 
3807.000000 0.076121 
3808.000000 0.076015 
3809.000000 0.075910 
3810.000000 0.075805 
3811.000000 0.075699 
3812.000000 0.075594 
3813.000000 0.075490 
3814.000000 0.075385 
3815.000000 0.075280 
3816.000000 0.075175 
3817.000000 0.075071 
3818.000000 0.074967 
3819.000000 0.074862 
3820.000000 0.074758 
3821.000000 0.074654 
3822.000000 0.074550 
3823.000000 0.074446 
3824.000000 0.074343 
3825.000000 0.074239 
3826.000000 0.074136 
3827.000000 0.074032 
3828.000000 0.073929 
3829.000000 0.073826 
3830.000000 0.073723 
3831.000000 0.073620 
3832.000000 0.073517 
3833.000000 0.073414 
3834.000000 0.073312 
3835.000000 0.073209 
3836.000000 0.073107 
3837.000000 0.073005 
3838.000000 0.072903 
3839.000000 0.072801 
3840.000000 0.072699 
3841.000000 0.072597 
3842.000000 0.072495 
3843.000000 0.072394 
3844.000000 0.072292 
3845.000000 0.072191 
3846.000000 0.072089 
3847.000000 0.071988 
3848.000000 0.071887 
3849.000000 0.071786 
3850.000000 0.071685 
3851.000000 0.071585 
3852.000000 0.071484 
3853.000000 0.071384 
3854.000000 0.071283 
3855.000000 0.071183 
3856.000000 0.071083 
3857.000000 0.070983 
3858.000000 0.070883 
3859.000000 0.070783 
3860.000000 0.070683 
3861.000000 0.070583 
3862.000000 0.070484 
3863.000000 0.070384 
3864.000000 0.070285 
3865.000000 0.070186 
3866.000000 0.070087 
3867.000000 0.069988 
3868.000000 0.069889 
3869.000000 0.069790 
3870.000000 0.069692 
3871.000000 0.069593 
3872.000000 0.069495 
3873.000000 0.069396 
3874.000000 0.069298 
3875.000000 0.069200 
3876.000000 0.069102 
3877.000000 0.069004 
3878.000000 0.068906 
3879.000000 0.068808 
3880.000000 0.068711 
3881.000000 0.068613 
3882.000000 0.068516 
3883.000000 0.068419 
3884.000000 0.068322 
3885.000000 0.068225 
3886.000000 0.068128 
3887.000000 0.068031 
3888.000000 0.067934 
3889.000000 0.067837 
3890.000000 0.067741 
3891.000000 0.067644 
3892.000000 0.067548 
3893.000000 0.067452 
3894.000000 0.067356 
3895.000000 0.067260 
3896.000000 0.067164 
3897.000000 0.067068 
3898.000000 0.066973 
3899.000000 0.066877 
3900.000000 0.066782 
3901.000000 0.066686 
3902.000000 0.066591 
3903.000000 0.066496 
3904.000000 0.066401 
3905.000000 0.066306 
3906.000000 0.066211 
3907.000000 0.066116 
3908.000000 0.066022 
3909.000000 0.065927 
3910.000000 0.065833 
3911.000000 0.065738 
3912.000000 0.065644 
3913.000000 0.065550 
3914.000000 0.065456 
3915.000000 0.065362 
3916.000000 0.065268 
3917.000000 0.065175 
3918.000000 0.065081 
3919.000000 0.064988 
3920.000000 0.064894 
3921.000000 0.064801 
3922.000000 0.064708 
3923.000000 0.064615 
3924.000000 0.064522 
3925.000000 0.064429 
3926.000000 0.064336 
3927.000000 0.064244 
3928.000000 0.064151 
3929.000000 0.064059 
3930.000000 0.063966 
3931.000000 0.063874 
3932.000000 0.063782 
3933.000000 0.063690 
3934.000000 0.063598 
3935.000000 0.063506 
3936.000000 0.063415 
3937.000000 0.063323 
3938.000000 0.063231 
3939.000000 0.063140 
3940.000000 0.063049 
3941.000000 0.062958 
3942.000000 0.062866 
3943.000000 0.062775 
3944.000000 0.062685 
3945.000000 0.062594 
3946.000000 0.062503 
3947.000000 0.062412 
3948.000000 0.062322 
3949.000000 0.062232 
3950.000000 0.062141 
3951.000000 0.062051 
3952.000000 0.061961 
3953.000000 0.061871 
3954.000000 0.061781 
3955.000000 0.061691 
3956.000000 0.061602 
3957.000000 0.061512 
3958.000000 0.061423 
3959.000000 0.061333 
3960.000000 0.061244 
3961.000000 0.061155 
3962.000000 0.061066 
3963.000000 0.060977 
3964.000000 0.060888 
3965.000000 0.060799 
3966.000000 0.060711 
3967.000000 0.060622 
3968.000000 0.060534 
3969.000000 0.060445 
3970.000000 0.060357 
3971.000000 0.060269 
3972.000000 0.060181 
3973.000000 0.060093 
3974.000000 0.060005 
3975.000000 0.059917 
3976.000000 0.059829 
3977.000000 0.059742 
3978.000000 0.059654 
3979.000000 0.059567 
3980.000000 0.059480 
3981.000000 0.059393 
3982.000000 0.059305 
3983.000000 0.059218 
3984.000000 0.059132 
3985.000000 0.059045 
3986.000000 0.058958 
3987.000000 0.058872 
3988.000000 0.058785 
3989.000000 0.058699 
3990.000000 0.058612 
3991.000000 0.058526 
3992.000000 0.058440 
3993.000000 0.058354 
3994.000000 0.058268 
3995.000000 0.058183 
3996.000000 0.058097 
3997.000000 0.058011 
3998.000000 0.057926 
3999.000000 0.057840 
4000.000000 0.057755 
