0.000000 1.000000 
1.000000 1.000000 
2.000000 0.999996 
3.000000 0.999991 
4.000000 0.999985 
5.000000 0.999978 
6.000000 0.999969 
7.000000 0.999958 
8.000000 0.999946 
9.000000 0.999933 
10.000000 0.999918 
11.000000 0.999902 
12.000000 0.999884 
13.000000 0.999864 
14.000000 0.999844 
15.000000 0.999821 
16.000000 0.999797 
17.000000 0.999772 
18.000000 0.999745 
19.000000 0.999717 
20.000000 0.999687 
21.000000 0.999656 
22.000000 0.999623 
23.000000 0.999589 
24.000000 0.999553 
25.000000 0.999516 
26.000000 0.999478 
27.000000 0.999438 
28.000000 0.999396 
29.000000 0.999353 
30.000000 0.999308 
31.000000 0.999262 
32.000000 0.999215 
33.000000 0.999166 
34.000000 0.999116 
35.000000 0.999064 
36.000000 0.999011 
37.000000 0.998956 
38.000000 0.998900 
39.000000 0.998842 
40.000000 0.998783 
41.000000 0.998722 
42.000000 0.998660 
43.000000 0.998597 
44.000000 0.998532 
45.000000 0.998465 
46.000000 0.998397 
47.000000 0.998328 
48.000000 0.998258 
49.000000 0.998185 
50.000000 0.998112 
51.000000 0.998037 
52.000000 0.997960 
53.000000 0.997883 
54.000000 0.997803 
55.000000 0.997723 
56.000000 0.997640 
57.000000 0.997557 
58.000000 0.997472 
59.000000 0.997385 
60.000000 0.997297 
61.000000 0.997208 
62.000000 0.997118 
63.000000 0.997025 
64.000000 0.996932 
65.000000 0.996837 
66.000000 0.996741 
67.000000 0.996643 
68.000000 0.996544 
69.000000 0.996444 
70.000000 0.996342 
71.000000 0.996239 
72.000000 0.996134 
73.000000 0.996028 
74.000000 0.995921 
75.000000 0.995812 
76.000000 0.995702 
77.000000 0.995590 
78.000000 0.995477 
79.000000 0.995363 
80.000000 0.995247 
81.000000 0.995130 
82.000000 0.995012 
83.000000 0.994892 
84.000000 0.994771 
85.000000 0.994649 
86.000000 0.994525 
87.000000 0.994400 
88.000000 0.994274 
89.000000 0.994146 
90.000000 0.994017 
91.000000 0.993886 
92.000000 0.993754 
93.000000 0.993621 
94.000000 0.993487 
95.000000 0.993351 
96.000000 0.993214 
97.000000 0.993075 
98.000000 0.992935 
99.000000 0.992794 
100.000000 0.992652 
101.000000 0.992508 
102.000000 0.992363 
103.000000 0.992217 
104.000000 0.992069 
105.000000 0.991920 
106.000000 0.991770 
107.000000 0.991618 
108.000000 0.991465 
109.000000 0.991311 
110.000000 0.991156 
111.000000 0.990999 
112.000000 0.990841 
113.000000 0.990682 
114.000000 0.990521 
115.000000 0.990359 
116.000000 0.990196 
117.000000 0.990032 
118.000000 0.989866 
119.000000 0.989699 
120.000000 0.989531 
121.000000 0.989361 
122.000000 0.989190 
123.000000 0.989018 
124.000000 0.988845 
125.000000 0.988670 
126.000000 0.988494 
127.000000 0.988317 
128.000000 0.988139 
129.000000 0.987959 
130.000000 0.987778 
131.000000 0.987596 
132.000000 0.987413 
133.000000 0.987228 
134.000000 0.987042 
135.000000 0.986855 
136.000000 0.986667 
137.000000 0.986477 
138.000000 0.986287 
139.000000 0.986094 
140.000000 0.985901 
141.000000 0.985707 
142.000000 0.985511 
143.000000 0.985314 
144.000000 0.985116 
145.000000 0.984916 
146.000000 0.984716 
147.000000 0.984514 
148.000000 0.984311 
149.000000 0.984106 
150.000000 0.983901 
151.000000 0.983694 
152.000000 0.983486 
153.000000 0.983277 
154.000000 0.983066 
155.000000 0.982855 
156.000000 0.982642 
157.000000 0.982428 
158.000000 0.982212 
159.000000 0.981996 
160.000000 0.981778 
161.000000 0.981559 
162.000000 0.981339 
163.000000 0.981118 
164.000000 0.980896 
165.000000 0.980672 
166.000000 0.980447 
167.000000 0.980221 
168.000000 0.979993 
169.000000 0.979765 
170.000000 0.979535 
171.000000 0.979304 
172.000000 0.979072 
173.000000 0.978839 
174.000000 0.978604 
175.000000 0.978369 
176.000000 0.978132 
177.000000 0.977894 
178.000000 0.977654 
179.000000 0.977414 
180.000000 0.977172 
181.000000 0.976929 
182.000000 0.976685 
183.000000 0.976440 
184.000000 0.976194 
185.000000 0.975946 
186.000000 0.975697 
187.000000 0.975447 
188.000000 0.975196 
189.000000 0.974944 
190.000000 0.974690 
191.000000 0.974435 
192.000000 0.974179 
193.000000 0.973922 
194.000000 0.973664 
195.000000 0.973404 
196.000000 0.973144 
197.000000 0.972882 
198.000000 0.972619 
199.000000 0.972355 
200.000000 0.972089 
201.000000 0.971823 
202.000000 0.971555 
203.000000 0.971286 
204.000000 0.971016 
205.000000 0.970744 
206.000000 0.970472 
207.000000 0.970198 
208.000000 0.969923 
209.000000 0.969647 
210.000000 0.969370 
211.000000 0.969092 
212.000000 0.968812 
213.000000 0.968532 
214.000000 0.968250 
215.000000 0.967967 
216.000000 0.967682 
217.000000 0.967397 
218.000000 0.967110 
219.000000 0.966822 
220.000000 0.966533 
221.000000 0.966243 
222.000000 0.965952 
223.000000 0.965659 
224.000000 0.965366 
225.000000 0.965071 
226.000000 0.964775 
227.000000 0.964478 
228.000000 0.964179 
229.000000 0.963880 
230.000000 0.963579 
231.000000 0.963277 
232.000000 0.962974 
233.000000 0.962670 
234.000000 0.962364 
235.000000 0.962058 
236.000000 0.961750 
237.000000 0.961441 
238.000000 0.961131 
239.000000 0.960820 
240.000000 0.960507 
241.000000 0.960194 
242.000000 0.959879 
243.000000 0.959563 
244.000000 0.959246 
245.000000 0.958928 
246.000000 0.958608 
247.000000 0.958288 
248.000000 0.957966 
249.000000 0.957643 
250.000000 0.957319 
251.000000 0.956993 
252.000000 0.956667 
253.000000 0.956339 
254.000000 0.956011 
255.000000 0.955681 
256.000000 0.955350 
257.000000 0.955018 
258.000000 0.954684 
259.000000 0.954350 
260.000000 0.954014 
261.000000 0.953677 
262.000000 0.953339 
263.000000 0.953000 
264.000000 0.952660 
265.000000 0.952318 
266.000000 0.951976 
267.000000 0.951632 
268.000000 0.951287 
269.000000 0.950941 
270.000000 0.950594 
271.000000 0.950245 
272.000000 0.949896 
273.000000 0.949545 
274.000000 0.949193 
275.000000 0.948840 
276.000000 0.948486 
277.000000 0.948131 
278.000000 0.947775 
279.000000 0.947417 
280.000000 0.947059 
281.000000 0.946699 
282.000000 0.946338 
283.000000 0.945976 
284.000000 0.945613 
285.000000 0.945248 
286.000000 0.944883 
287.000000 0.944516 
288.000000 0.944149 
289.000000 0.943780 
290.000000 0.943410 
291.000000 0.943039 
292.000000 0.942667 
293.000000 0.942294 
294.000000 0.941919 
295.000000 0.941544 
296.000000 0.941167 
297.000000 0.940789 
298.000000 0.940410 
299.000000 0.940030 
300.000000 0.939649 
301.000000 0.939267 
302.000000 0.938884 
303.000000 0.938499 
304.000000 0.938114 
305.000000 0.937727 
306.000000 0.937339 
307.000000 0.936951 
308.000000 0.936561 
309.000000 0.936170 
310.000000 0.935778 
311.000000 0.935384 
312.000000 0.934990 
313.000000 0.934595 
314.000000 0.934198 
315.000000 0.933801 
316.000000 0.933402 
317.000000 0.933002 
318.000000 0.932601 
319.000000 0.932200 
320.000000 0.931797 
321.000000 0.931393 
322.000000 0.930987 
323.000000 0.930581 
324.000000 0.930174 
325.000000 0.929766 
326.000000 0.929356 
327.000000 0.928946 
328.000000 0.928534 
329.000000 0.928122 
330.000000 0.927708 
331.000000 0.927294 
332.000000 0.926878 
333.000000 0.926461 
334.000000 0.926043 
335.000000 0.925624 
336.000000 0.925204 
337.000000 0.924784 
338.000000 0.924362 
339.000000 0.923939 
340.000000 0.923514 
341.000000 0.923089 
342.000000 0.922663 
343.000000 0.922236 
344.000000 0.921808 
345.000000 0.921378 
346.000000 0.920948 
347.000000 0.920517 
348.000000 0.920085 
349.000000 0.919651 
350.000000 0.919217 
351.000000 0.918782 
352.000000 0.918345 
353.000000 0.917908 
354.000000 0.917469 
355.000000 0.917030 
356.000000 0.916590 
357.000000 0.916148 
358.000000 0.915706 
359.000000 0.915262 
360.000000 0.914818 
361.000000 0.914373 
362.000000 0.913926 
363.000000 0.913479 
364.000000 0.913030 
365.000000 0.912581 
366.000000 0.912131 
367.000000 0.911679 
368.000000 0.911227 
369.000000 0.910774 
370.000000 0.910320 
371.000000 0.909864 
372.000000 0.909408 
373.000000 0.908951 
374.000000 0.908493 
375.000000 0.908034 
376.000000 0.907574 
377.000000 0.907112 
378.000000 0.906650 
379.000000 0.906187 
380.000000 0.905724 
381.000000 0.905259 
382.000000 0.904793 
383.000000 0.904326 
384.000000 0.903858 
385.000000 0.903390 
386.000000 0.902920 
387.000000 0.902450 
388.000000 0.901978 
389.000000 0.901506 
390.000000 0.901032 
391.000000 0.900558 
392.000000 0.900083 
393.000000 0.899606 
394.000000 0.899129 
395.000000 0.898651 
396.000000 0.898172 
397.000000 0.897692 
398.000000 0.897212 
399.000000 0.896730 
400.000000 0.896247 
401.000000 0.895764 
402.000000 0.895279 
403.000000 0.894794 
404.000000 0.894308 
405.000000 0.893821 
406.000000 0.893332 
407.000000 0.892843 
408.000000 0.892353 
409.000000 0.891863 
410.000000 0.891371 
411.000000 0.890878 
412.000000 0.890385 
413.000000 0.889890 
414.000000 0.889395 
415.000000 0.888899 
416.000000 0.888402 
417.000000 0.887904 
418.000000 0.887405 
419.000000 0.886905 
420.000000 0.886405 
421.000000 0.885903 
422.000000 0.885401 
423.000000 0.884898 
424.000000 0.884394 
425.000000 0.883889 
426.000000 0.883383 
427.000000 0.882876 
428.000000 0.882369 
429.000000 0.881860 
430.000000 0.881351 
431.000000 0.880841 
432.000000 0.880330 
433.000000 0.879818 
434.000000 0.879305 
435.000000 0.878791 
436.000000 0.878277 
437.000000 0.877762 
438.000000 0.877245 
439.000000 0.876729 
440.000000 0.876211 
441.000000 0.875692 
442.000000 0.875172 
443.000000 0.874652 
444.000000 0.874131 
445.000000 0.873609 
446.000000 0.873086 
447.000000 0.872562 
448.000000 0.872037 
449.000000 0.871512 
450.000000 0.870986 
451.000000 0.870459 
452.000000 0.869931 
453.000000 0.869402 
454.000000 0.868873 
455.000000 0.868342 
456.000000 0.867811 
457.000000 0.867279 
458.000000 0.866746 
459.000000 0.866213 
460.000000 0.865678 
461.000000 0.865143 
462.000000 0.864607 
463.000000 0.864070 
464.000000 0.863533 
465.000000 0.862994 
466.000000 0.862455 
467.000000 0.861915 
468.000000 0.861374 
469.000000 0.860832 
470.000000 0.860290 
471.000000 0.859747 
472.000000 0.859202 
473.000000 0.858658 
474.000000 0.858112 
475.000000 0.857565 
476.000000 0.857018 
477.000000 0.856470 
478.000000 0.855921 
479.000000 0.855372 
480.000000 0.854822 
481.000000 0.854271 
482.000000 0.853719 
483.000000 0.853166 
484.000000 0.852613 
485.000000 0.852058 
486.000000 0.851503 
487.000000 0.850948 
488.000000 0.850391 
489.000000 0.849834 
490.000000 0.849276 
491.000000 0.848717 
492.000000 0.848157 
493.000000 0.847597 
494.000000 0.847036 
495.000000 0.846474 
496.000000 0.845912 
497.000000 0.845348 
498.000000 0.844784 
499.000000 0.844219 
500.000000 0.843654 
501.000000 0.843088 
502.000000 0.842521 
503.000000 0.841953 
504.000000 0.841384 
505.000000 0.840815 
506.000000 0.840245 
507.000000 0.839674 
508.000000 0.839103 
509.000000 0.838531 
510.000000 0.837958 
511.000000 0.837384 
512.000000 0.836810 
513.000000 0.836235 
514.000000 0.835659 
515.000000 0.835082 
516.000000 0.834505 
517.000000 0.833927 
518.000000 0.833349 
519.000000 0.832769 
520.000000 0.832189 
521.000000 0.831608 
522.000000 0.831027 
523.000000 0.830445 
524.000000 0.829862 
525.000000 0.829278 
526.000000 0.828694 
527.000000 0.828109 
528.000000 0.827523 
529.000000 0.826937 
530.000000 0.826350 
531.000000 0.825762 
532.000000 0.825174 
533.000000 0.824585 
534.000000 0.823995 
535.000000 0.823405 
536.000000 0.822814 
537.000000 0.822222 
538.000000 0.821629 
539.000000 0.821036 
540.000000 0.820442 
541.000000 0.819848 
542.000000 0.819253 
543.000000 0.818657 
544.000000 0.818061 
545.000000 0.817464 
546.000000 0.816866 
547.000000 0.816267 
548.000000 0.815668 
549.000000 0.815069 
550.000000 0.814468 
551.000000 0.813867 
552.000000 0.813266 
553.000000 0.812663 
554.000000 0.812060 
555.000000 0.811457 
556.000000 0.810853 
557.000000 0.810248 
558.000000 0.809642 
559.000000 0.809036 
560.000000 0.808430 
561.000000 0.807822 
562.000000 0.807214 
563.000000 0.806606 
564.000000 0.805997 
565.000000 0.805387 
566.000000 0.804776 
567.000000 0.804165 
568.000000 0.803554 
569.000000 0.802941 
570.000000 0.802329 
571.000000 0.801715 
572.000000 0.801101 
573.000000 0.800486 
574.000000 0.799871 
575.000000 0.799255 
576.000000 0.798639 
577.000000 0.798022 
578.000000 0.797404 
579.000000 0.796786 
580.000000 0.796167 
581.000000 0.795548 
582.000000 0.794928 
583.000000 0.794308 
584.000000 0.793687 
585.000000 0.793065 
586.000000 0.792443 
587.000000 0.791820 
588.000000 0.791196 
589.000000 0.790573 
590.000000 0.789948 
591.000000 0.789323 
592.000000 0.788697 
593.000000 0.788071 
594.000000 0.787445 
595.000000 0.786817 
596.000000 0.786189 
597.000000 0.785561 
598.000000 0.784932 
599.000000 0.784303 
600.000000 0.783673 
601.000000 0.783042 
602.000000 0.782411 
603.000000 0.781780 
604.000000 0.781147 
605.000000 0.780515 
606.000000 0.779882 
607.000000 0.779248 
608.000000 0.778614 
609.000000 0.777979 
610.000000 0.777344 
611.000000 0.776708 
612.000000 0.776072 
613.000000 0.775435 
614.000000 0.774797 
615.000000 0.774160 
616.000000 0.773521 
617.000000 0.772882 
618.000000 0.772243 
619.000000 0.771603 
620.000000 0.770963 
621.000000 0.770322 
622.000000 0.769681 
623.000000 0.769039 
624.000000 0.768396 
625.000000 0.767754 
626.000000 0.767110 
627.000000 0.766467 
628.000000 0.765822 
629.000000 0.765178 
630.000000 0.764532 
631.000000 0.763887 
632.000000 0.763241 
633.000000 0.762594 
634.000000 0.761947 
635.000000 0.761299 
636.000000 0.760651 
637.000000 0.760003 
638.000000 0.759354 
639.000000 0.758704 
640.000000 0.758054 
641.000000 0.757404 
642.000000 0.756753 
643.000000 0.756102 
644.000000 0.755450 
645.000000 0.754798 
646.000000 0.754146 
647.000000 0.753493 
648.000000 0.752839 
649.000000 0.752185 
650.000000 0.751531 
651.000000 0.750876 
652.000000 0.750221 
653.000000 0.749565 
654.000000 0.748909 
655.000000 0.748253 
656.000000 0.747596 
657.000000 0.746939 
658.000000 0.746281 
659.000000 0.745623 
660.000000 0.744964 
661.000000 0.744305 
662.000000 0.743646 
663.000000 0.742986 
664.000000 0.742326 
665.000000 0.741665 
666.000000 0.741004 
667.000000 0.740343 
668.000000 0.739681 
669.000000 0.739018 
670.000000 0.738356 
671.000000 0.737693 
672.000000 0.737029 
673.000000 0.736366 
674.000000 0.735701 
675.000000 0.735037 
676.000000 0.734372 
677.000000 0.733707 
678.000000 0.733041 
679.000000 0.732375 
680.000000 0.731708 
681.000000 0.731041 
682.000000 0.730374 
683.000000 0.729706 
684.000000 0.729038 
685.000000 0.728370 
686.000000 0.727701 
687.000000 0.727032 
688.000000 0.726363 
689.000000 0.725693 
690.000000 0.725023 
691.000000 0.724352 
692.000000 0.723682 
693.000000 0.723010 
694.000000 0.722339 
695.000000 0.721667 
696.000000 0.720995 
697.000000 0.720322 
698.000000 0.719649 
699.000000 0.718976 
700.000000 0.718302 
701.000000 0.717628 
702.000000 0.716954 
703.000000 0.716279 
704.000000 0.715604 
705.000000 0.714929 
706.000000 0.714253 
707.000000 0.713577 
708.000000 0.712901 
709.000000 0.712225 
710.000000 0.711548 
711.000000 0.710871 
712.000000 0.710193 
713.000000 0.709515 
714.000000 0.708837 
715.000000 0.708158 
716.000000 0.707480 
717.000000 0.706801 
718.000000 0.706121 
719.000000 0.705442 
720.000000 0.704762 
721.000000 0.704081 
722.000000 0.703401 
723.000000 0.702720 
724.000000 0.702039 
725.000000 0.701357 
726.000000 0.700676 
727.000000 0.699994 
728.000000 0.699311 
729.000000 0.698629 
730.000000 0.697946 
731.000000 0.697263 
732.000000 0.696579 
733.000000 0.695896 
734.000000 0.695212 
735.000000 0.694528 
736.000000 0.693843 
737.000000 0.693158 
738.000000 0.692473 
739.000000 0.691788 
740.000000 0.691103 
741.000000 0.690417 
742.000000 0.689731 
743.000000 0.689045 
744.000000 0.688358 
745.000000 0.687671 
746.000000 0.686984 
747.000000 0.686297 
748.000000 0.685609 
749.000000 0.684922 
750.000000 0.684233 
751.000000 0.683545 
752.000000 0.682857 
753.000000 0.682168 
754.000000 0.681479 
755.000000 0.680790 
756.000000 0.680101 
757.000000 0.679411 
758.000000 0.678721 
759.000000 0.678031 
760.000000 0.677341 
761.000000 0.676650 
762.000000 0.675959 
763.000000 0.675268 
764.000000 0.674577 
765.000000 0.673886 
766.000000 0.673194 
767.000000 0.672503 
768.000000 0.671811 
769.000000 0.671118 
770.000000 0.670426 
771.000000 0.669733 
772.000000 0.669041 
773.000000 0.668348 
774.000000 0.667655 
775.000000 0.666961 
776.000000 0.666268 
777.000000 0.665574 
778.000000 0.664880 
779.000000 0.664186 
780.000000 0.663492 
781.000000 0.662797 
782.000000 0.662103 
783.000000 0.661408 
784.000000 0.660713 
785.000000 0.660018 
786.000000 0.659322 
787.000000 0.658627 
788.000000 0.657931 
789.000000 0.657235 
790.000000 0.656539 
791.000000 0.655843 
792.000000 0.655147 
793.000000 0.654451 
794.000000 0.653754 
795.000000 0.653057 
796.000000 0.652360 
797.000000 0.651663 
798.000000 0.650966 
799.000000 0.650269 
800.000000 0.649571 
801.000000 0.648874 
802.000000 0.648176 
803.000000 0.647478 
804.000000 0.646780 
805.000000 0.646082 
806.000000 0.645384 
807.000000 0.644686 
808.000000 0.643987 
809.000000 0.643288 
810.000000 0.642590 
811.000000 0.641891 
812.000000 0.641192 
813.000000 0.640493 
814.000000 0.639794 
815.000000 0.639094 
816.000000 0.638395 
817.000000 0.637695 
818.000000 0.636996 
819.000000 0.636296 
820.000000 0.635596 
821.000000 0.634896 
822.000000 0.634196 
823.000000 0.633496 
824.000000 0.632796 
825.000000 0.632095 
826.000000 0.631395 
827.000000 0.630694 
828.000000 0.629994 
829.000000 0.629293 
830.000000 0.628592 
831.000000 0.627891 
832.000000 0.627191 
833.000000 0.626490 
834.000000 0.625788 
835.000000 0.625087 
836.000000 0.624386 
837.000000 0.623685 
838.000000 0.622984 
839.000000 0.622282 
840.000000 0.621581 
841.000000 0.620879 
842.000000 0.620177 
843.000000 0.619476 
844.000000 0.618774 
845.000000 0.618072 
846.000000 0.617370 
847.000000 0.616669 
848.000000 0.615967 
849.000000 0.615265 
850.000000 0.614563 
851.000000 0.613861 
852.000000 0.613159 
853.000000 0.612456 
854.000000 0.611754 
855.000000 0.611052 
856.000000 0.610350 
857.000000 0.609647 
858.000000 0.608945 
859.000000 0.608243 
860.000000 0.607540 
861.000000 0.606838 
862.000000 0.606136 
863.000000 0.605433 
864.000000 0.604731 
865.000000 0.604028 
866.000000 0.603326 
867.000000 0.602623 
868.000000 0.601921 
869.000000 0.601218 
870.000000 0.600516 
871.000000 0.599813 
872.000000 0.599110 
873.000000 0.598408 
874.000000 0.597705 
875.000000 0.597003 
876.000000 0.596300 
877.000000 0.595598 
878.000000 0.594895 
879.000000 0.594193 
880.000000 0.593490 
881.000000 0.592788 
882.000000 0.592085 
883.000000 0.591383 
884.000000 0.590680 
885.000000 0.589978 
886.000000 0.589275 
887.000000 0.588573 
888.000000 0.587870 
889.000000 0.587168 
890.000000 0.586466 
891.000000 0.585763 
892.000000 0.585061 
893.000000 0.584359 
894.000000 0.583656 
895.000000 0.582954 
896.000000 0.582252 
897.000000 0.581550 
898.000000 0.580848 
899.000000 0.580146 
900.000000 0.579444 
901.000000 0.578742 
902.000000 0.578040 
903.000000 0.577338 
904.000000 0.576636 
905.000000 0.575935 
906.000000 0.575233 
907.000000 0.574531 
908.000000 0.573830 
909.000000 0.573128 
910.000000 0.572427 
911.000000 0.571725 
912.000000 0.571024 
913.000000 0.570323 
914.000000 0.569621 
915.000000 0.568920 
916.000000 0.568219 
917.000000 0.567518 
918.000000 0.566817 
919.000000 0.566117 
920.000000 0.565416 
921.000000 0.564715 
922.000000 0.564014 
923.000000 0.563314 
924.000000 0.562613 
925.000000 0.561913 
926.000000 0.561213 
927.000000 0.560513 
928.000000 0.559812 
929.000000 0.559112 
930.000000 0.558413 
931.000000 0.557713 
932.000000 0.557013 
933.000000 0.556314 
934.000000 0.555614 
935.000000 0.554915 
936.000000 0.554215 
937.000000 0.553516 
938.000000 0.552817 
939.000000 0.552118 
940.000000 0.551419 
941.000000 0.550720 
942.000000 0.550022 
943.000000 0.549323 
944.000000 0.548625 
945.000000 0.547926 
946.000000 0.547228 
947.000000 0.546530 
948.000000 0.545832 
949.000000 0.545135 
950.000000 0.544437 
951.000000 0.543739 
952.000000 0.543042 
953.000000 0.542345 
954.000000 0.541648 
955.000000 0.540951 
956.000000 0.540254 
957.000000 0.539557 
958.000000 0.538860 
959.000000 0.538164 
960.000000 0.537468 
961.000000 0.536772 
962.000000 0.536076 
963.000000 0.535380 
964.000000 0.534684 
965.000000 0.533988 
966.000000 0.533293 
967.000000 0.532598 
968.000000 0.531903 
969.000000 0.531208 
970.000000 0.530513 
971.000000 0.529818 
972.000000 0.529124 
973.000000 0.528430 
974.000000 0.527736 
975.000000 0.527042 
976.000000 0.526348 
977.000000 0.525654 
978.000000 0.524961 
979.000000 0.524268 
980.000000 0.523575 
981.000000 0.522882 
982.000000 0.522189 
983.000000 0.521496 
984.000000 0.520804 
985.000000 0.520112 
986.000000 0.519420 
987.000000 0.518728 
988.000000 0.518036 
989.000000 0.517345 
990.000000 0.516654 
991.000000 0.515963 
992.000000 0.515272 
993.000000 0.514581 
994.000000 0.513891 
995.000000 0.513201 
996.000000 0.512511 
997.000000 0.511821 
998.000000 0.511131 
999.000000 0.510442 
1000.000000 0.509753 
1001.000000 0.509064 
1002.000000 0.508375 
1003.000000 0.507686 
1004.000000 0.506998 
1005.000000 0.506310 
1006.000000 0.505622 
1007.000000 0.504934 
1008.000000 0.504247 
1009.000000 0.503559 
1010.000000 0.502872 
1011.000000 0.502186 
1012.000000 0.501499 
1013.000000 0.500813 
1014.000000 0.500127 
1015.000000 0.499441 
1016.000000 0.498755 
1017.000000 0.498070 
1018.000000 0.497384 
1019.000000 0.496699 
1020.000000 0.496015 
1021.000000 0.495330 
1022.000000 0.494646 
1023.000000 0.493962 
1024.000000 0.493278 
1025.000000 0.492595 
1026.000000 0.491912 
1027.000000 0.491229 
1028.000000 0.490546 
1029.000000 0.489863 
1030.000000 0.489181 
1031.000000 0.488499 
1032.000000 0.487817 
1033.000000 0.487136 
1034.000000 0.486455 
1035.000000 0.485774 
1036.000000 0.485093 
1037.000000 0.484413 
1038.000000 0.483732 
1039.000000 0.483053 
1040.000000 0.482373 
1041.000000 0.481694 
1042.000000 0.481015 
1043.000000 0.480336 
1044.000000 0.479657 
1045.000000 0.478979 
1046.000000 0.478301 
1047.000000 0.477623 
1048.000000 0.476946 
1049.000000 0.476269 
1050.000000 0.475592 
1051.000000 0.474915 
1052.000000 0.474239 
1053.000000 0.473563 
1054.000000 0.472887 
1055.000000 0.472212 
1056.000000 0.471537 
1057.000000 0.470862 
1058.000000 0.470187 
1059.000000 0.469513 
1060.000000 0.468839 
1061.000000 0.468165 
1062.000000 0.467492 
1063.000000 0.466819 
1064.000000 0.466146 
1065.000000 0.465474 
1066.000000 0.464801 
1067.000000 0.464130 
1068.000000 0.463458 
1069.000000 0.462787 
1070.000000 0.462116 
1071.000000 0.461445 
1072.000000 0.460775 
1073.000000 0.460105 
1074.000000 0.459435 
1075.000000 0.458766 
1076.000000 0.458097 
1077.000000 0.457428 
1078.000000 0.456760 
1079.000000 0.456092 
1080.000000 0.455424 
1081.000000 0.454756 
1082.000000 0.454089 
1083.000000 0.453422 
1084.000000 0.452756 
1085.000000 0.452090 
1086.000000 0.451424 
1087.000000 0.450759 
1088.000000 0.450093 
1089.000000 0.449429 
1090.000000 0.448764 
1091.000000 0.448100 
1092.000000 0.447436 
1093.000000 0.446773 
1094.000000 0.446110 
1095.000000 0.445447 
1096.000000 0.444784 
1097.000000 0.444122 
1098.000000 0.443460 
1099.000000 0.442799 
1100.000000 0.442138 
1101.000000 0.441477 
1102.000000 0.440817 
1103.000000 0.440157 
1104.000000 0.439497 
1105.000000 0.438838 
1106.000000 0.438179 
1107.000000 0.437520 
1108.000000 0.436862 
1109.000000 0.436204 
1110.000000 0.435547 
1111.000000 0.434890 
1112.000000 0.434233 
1113.000000 0.433576 
1114.000000 0.432920 
1115.000000 0.432265 
1116.000000 0.431609 
1117.000000 0.430954 
1118.000000 0.430300 
1119.000000 0.429645 
1120.000000 0.428992 
1121.000000 0.428338 
1122.000000 0.427685 
1123.000000 0.427032 
1124.000000 0.426380 
1125.000000 0.425728 
1126.000000 0.425076 
1127.000000 0.424425 
1128.000000 0.423774 
1129.000000 0.423124 
1130.000000 0.422474 
1131.000000 0.421824 
1132.000000 0.421175 
1133.000000 0.420526 
1134.000000 0.419877 
1135.000000 0.419229 
1136.000000 0.418581 
1137.000000 0.417934 
1138.000000 0.417287 
1139.000000 0.416640 
1140.000000 0.415994 
1141.000000 0.415348 
1142.000000 0.414703 
1143.000000 0.414058 
1144.000000 0.413413 
1145.000000 0.412769 
1146.000000 0.412125 
1147.000000 0.411482 
1148.000000 0.410839 
1149.000000 0.410196 
1150.000000 0.409554 
1151.000000 0.408912 
1152.000000 0.408271 
1153.000000 0.407630 
1154.000000 0.406989 
1155.000000 0.406349 
1156.000000 0.405709 
1157.000000 0.405070 
1158.000000 0.404431 
1159.000000 0.403792 
1160.000000 0.403154 
1161.000000 0.402516 
1162.000000 0.401879 
1163.000000 0.401242 
1164.000000 0.400606 
1165.000000 0.399970 
1166.000000 0.399334 
1167.000000 0.398699 
1168.000000 0.398064 
1169.000000 0.397430 
1170.000000 0.396796 
1171.000000 0.396163 
1172.000000 0.395530 
1173.000000 0.394897 
1174.000000 0.394265 
1175.000000 0.393633 
1176.000000 0.393002 
1177.000000 0.392371 
1178.000000 0.391740 
1179.000000 0.391110 
1180.000000 0.390481 
1181.000000 0.389852 
1182.000000 0.389223 
1183.000000 0.388595 
1184.000000 0.387967 
1185.000000 0.387339 
1186.000000 0.386712 
1187.000000 0.386086 
1188.000000 0.385460 
1189.000000 0.384834 
1190.000000 0.384209 
1191.000000 0.383584 
1192.000000 0.382960 
1193.000000 0.382336 
1194.000000 0.381713 
1195.000000 0.381090 
1196.000000 0.380467 
1197.000000 0.379845 
1198.000000 0.379224 
1199.000000 0.378603 
1200.000000 0.377982 
1201.000000 0.377362 
1202.000000 0.376742 
1203.000000 0.376123 
1204.000000 0.375504 
1205.000000 0.374886 
1206.000000 0.374268 
1207.000000 0.373650 
1208.000000 0.373033 
1209.000000 0.372417 
1210.000000 0.371801 
1211.000000 0.371185 
1212.000000 0.370570 
1213.000000 0.369955 
1214.000000 0.369341 
1215.000000 0.368727 
1216.000000 0.368114 
1217.000000 0.367501 
1218.000000 0.366889 
1219.000000 0.366277 
1220.000000 0.365666 
1221.000000 0.365055 
1222.000000 0.364445 
1223.000000 0.363835 
1224.000000 0.363225 
1225.000000 0.362616 
1226.000000 0.362008 
1227.000000 0.361400 
1228.000000 0.360792 
1229.000000 0.360185 
1230.000000 0.359579 
1231.000000 0.358973 
1232.000000 0.358367 
1233.000000 0.357762 
1234.000000 0.357157 
1235.000000 0.356553 
1236.000000 0.355949 
1237.000000 0.355346 
1238.000000 0.354744 
1239.000000 0.354141 
1240.000000 0.353540 
1241.000000 0.352938 
1242.000000 0.352338 
1243.000000 0.351737 
1244.000000 0.351138 
1245.000000 0.350538 
1246.000000 0.349940 
1247.000000 0.349341 
1248.000000 0.348744 
1249.000000 0.348146 
1250.000000 0.347550 
1251.000000 0.346953 
1252.000000 0.346358 
1253.000000 0.345762 
1254.000000 0.345168 
1255.000000 0.344573 
1256.000000 0.343980 
1257.000000 0.343386 
1258.000000 0.342794 
1259.000000 0.342201 
1260.000000 0.341610 
1261.000000 0.341018 
1262.000000 0.340428 
1263.000000 0.339837 
1264.000000 0.339248 
1265.000000 0.338658 
1266.000000 0.338070 
1267.000000 0.337482 
1268.000000 0.336894 
1269.000000 0.336307 
1270.000000 0.335720 
1271.000000 0.335134 
1272.000000 0.334548 
1273.000000 0.333963 
1274.000000 0.333379 
1275.000000 0.332795 
1276.000000 0.332211 
1277.000000 0.331628 
1278.000000 0.331045 
1279.000000 0.330463 
1280.000000 0.329882 
1281.000000 0.329301 
1282.000000 0.328721 
1283.000000 0.328141 
1284.000000 0.327561 
1285.000000 0.326982 
1286.000000 0.326404 
1287.000000 0.325826 
1288.000000 0.325249 
1289.000000 0.324672 
1290.000000 0.324096 
1291.000000 0.323520 
1292.000000 0.322945 
1293.000000 0.322370 
1294.000000 0.321796 
1295.000000 0.321222 
1296.000000 0.320649 
1297.000000 0.320077 
1298.000000 0.319505 
1299.000000 0.318933 
1300.000000 0.318362 
1301.000000 0.317792 
1302.000000 0.317222 
1303.000000 0.316653 
1304.000000 0.316084 
1305.000000 0.315515 
1306.000000 0.314948 
1307.000000 0.314380 
1308.000000 0.313814 
1309.000000 0.313248 
1310.000000 0.312682 
1311.000000 0.312117 
1312.000000 0.311552 
1313.000000 0.310988 
1314.000000 0.310425 
1315.000000 0.309862 
1316.000000 0.309299 
1317.000000 0.308738 
1318.000000 0.308176 
1319.000000 0.307616 
1320.000000 0.307055 
1321.000000 0.306496 
1322.000000 0.305937 
1323.000000 0.305378 
1324.000000 0.304820 
1325.000000 0.304262 
1326.000000 0.303705 
1327.000000 0.303149 
1328.000000 0.302593 
1329.000000 0.302038 
1330.000000 0.301483 
1331.000000 0.300929 
1332.000000 0.300375 
1333.000000 0.299822 
1334.000000 0.299270 
1335.000000 0.298718 
1336.000000 0.298166 
1337.000000 0.297615 
1338.000000 0.297065 
1339.000000 0.296515 
1340.000000 0.295966 
1341.000000 0.295417 
1342.000000 0.294869 
1343.000000 0.294321 
1344.000000 0.293774 
1345.000000 0.293228 
1346.000000 0.292682 
1347.000000 0.292136 
1348.000000 0.291592 
1349.000000 0.291047 
1350.000000 0.290504 
1351.000000 0.289961 
1352.000000 0.289418 
1353.000000 0.288876 
1354.000000 0.288334 
1355.000000 0.287794 
1356.000000 0.287253 
1357.000000 0.286713 
1358.000000 0.286174 
1359.000000 0.285636 
1360.000000 0.285098 
1361.000000 0.284560 
1362.000000 0.284023 
1363.000000 0.283487 
1364.000000 0.282951 
1365.000000 0.282416 
1366.000000 0.281881 
1367.000000 0.281347 
1368.000000 0.280813 
1369.000000 0.280280 
1370.000000 0.279748 
1371.000000 0.279216 
1372.000000 0.278684 
1373.000000 0.278154 
1374.000000 0.277624 
1375.000000 0.277094 
1376.000000 0.276565 
1377.000000 0.276037 
1378.000000 0.275509 
1379.000000 0.274981 
1380.000000 0.274455 
1381.000000 0.273928 
1382.000000 0.273403 
1383.000000 0.272878 
1384.000000 0.272353 
1385.000000 0.271830 
1386.000000 0.271306 
1387.000000 0.270783 
1388.000000 0.270261 
1389.000000 0.269740 
1390.000000 0.269219 
1391.000000 0.268698 
1392.000000 0.268179 
1393.000000 0.267659 
1394.000000 0.267141 
1395.000000 0.266622 
1396.000000 0.266105 
1397.000000 0.265588 
1398.000000 0.265072 
1399.000000 0.264556 
1400.000000 0.264041 
1401.000000 0.263526 
1402.000000 0.263012 
1403.000000 0.262498 
1404.000000 0.261986 
1405.000000 0.261473 
1406.000000 0.260962 
1407.000000 0.260450 
1408.000000 0.259940 
1409.000000 0.259430 
1410.000000 0.258920 
1411.000000 0.258412 
1412.000000 0.257903 
1413.000000 0.257396 
1414.000000 0.256889 
1415.000000 0.256382 
1416.000000 0.255876 
1417.000000 0.255371 
1418.000000 0.254866 
1419.000000 0.254362 
1420.000000 0.253859 
1421.000000 0.253356 
1422.000000 0.252853 
1423.000000 0.252352 
1424.000000 0.251851 
1425.000000 0.251350 
1426.000000 0.250850 
1427.000000 0.250351 
1428.000000 0.249852 
1429.000000 0.249353 
1430.000000 0.248856 
1431.000000 0.248359 
1432.000000 0.247862 
1433.000000 0.247366 
1434.000000 0.246871 
1435.000000 0.246376 
1436.000000 0.245882 
1437.000000 0.245389 
1438.000000 0.244896 
1439.000000 0.244404 
1440.000000 0.243912 
1441.000000 0.243421 
1442.000000 0.242930 
1443.000000 0.242440 
1444.000000 0.241951 
1445.000000 0.241462 
1446.000000 0.240974 
1447.000000 0.240487 
1448.000000 0.240000 
1449.000000 0.239513 
1450.000000 0.239027 
1451.000000 0.238542 
1452.000000 0.238058 
1453.000000 0.237574 
1454.000000 0.237090 
1455.000000 0.236607 
1456.000000 0.236125 
1457.000000 0.235644 
1458.000000 0.235163 
1459.000000 0.234682 
1460.000000 0.234202 
1461.000000 0.233723 
1462.000000 0.233245 
1463.000000 0.232767 
1464.000000 0.232289 
1465.000000 0.231812 
1466.000000 0.231336 
1467.000000 0.230861 
1468.000000 0.230385 
1469.000000 0.229911 
1470.000000 0.229437 
1471.000000 0.228964 
1472.000000 0.228491 
1473.000000 0.228019 
1474.000000 0.227548 
1475.000000 0.227077 
1476.000000 0.226607 
1477.000000 0.226137 
1478.000000 0.225668 
1479.000000 0.225200 
1480.000000 0.224732 
1481.000000 0.224265 
1482.000000 0.223798 
1483.000000 0.223332 
1484.000000 0.222867 
1485.000000 0.222402 
1486.000000 0.221938 
1487.000000 0.221474 
1488.000000 0.221011 
1489.000000 0.220549 
1490.000000 0.220087 
1491.000000 0.219625 
1492.000000 0.219165 
1493.000000 0.218705 
1494.000000 0.218245 
1495.000000 0.217787 
1496.000000 0.217328 
1497.000000 0.216871 
1498.000000 0.216414 
1499.000000 0.215957 
1500.000000 0.215502 
1501.000000 0.215046 
1502.000000 0.214592 
1503.000000 0.214138 
1504.000000 0.213684 
1505.000000 0.213232 
1506.000000 0.212779 
1507.000000 0.212328 
1508.000000 0.211877 
1509.000000 0.211426 
1510.000000 0.210977 
1511.000000 0.210527 
1512.000000 0.210079 
1513.000000 0.209631 
1514.000000 0.209183 
1515.000000 0.208737 
1516.000000 0.208290 
1517.000000 0.207845 
1518.000000 0.207400 
1519.000000 0.206955 
1520.000000 0.206512 
1521.000000 0.206069 
1522.000000 0.205626 
1523.000000 0.205184 
1524.000000 0.204743 
1525.000000 0.204302 
1526.000000 0.203862 
1527.000000 0.203422 
1528.000000 0.202983 
1529.000000 0.202545 
1530.000000 0.202107 
1531.000000 0.201670 
1532.000000 0.201233 
1533.000000 0.200797 
1534.000000 0.200362 
1535.000000 0.199927 
1536.000000 0.199493 
1537.000000 0.199059 
1538.000000 0.198626 
1539.000000 0.198194 
1540.000000 0.197762 
1541.000000 0.197331 
1542.000000 0.196901 
1543.000000 0.196471 
1544.000000 0.196041 
1545.000000 0.195613 
1546.000000 0.195184 
1547.000000 0.194757 
1548.000000 0.194330 
1549.000000 0.193903 
1550.000000 0.193478 
1551.000000 0.193053 
1552.000000 0.192628 
1553.000000 0.192204 
1554.000000 0.191781 
1555.000000 0.191358 
1556.000000 0.190936 
1557.000000 0.190514 
1558.000000 0.190093 
1559.000000 0.189673 
1560.000000 0.189253 
1561.000000 0.188834 
1562.000000 0.188415 
1563.000000 0.187997 
1564.000000 0.187580 
1565.000000 0.187163 
1566.000000 0.186747 
1567.000000 0.186331 
1568.000000 0.185916 
1569.000000 0.185502 
1570.000000 0.185088 
1571.000000 0.184675 
1572.000000 0.184262 
1573.000000 0.183850 
1574.000000 0.183439 
1575.000000 0.183028 
1576.000000 0.182618 
1577.000000 0.182208 
1578.000000 0.181799 
1579.000000 0.181391 
1580.000000 0.180983 
1581.000000 0.180576 
1582.000000 0.180169 
1583.000000 0.179763 
1584.000000 0.179358 
1585.000000 0.178953 
1586.000000 0.178549 
1587.000000 0.178145 
1588.000000 0.177742 
1589.000000 0.177340 
1590.000000 0.176938 
1591.000000 0.176537 
1592.000000 0.176136 
1593.000000 0.175736 
1594.000000 0.175336 
1595.000000 0.174937 
1596.000000 0.174539 
1597.000000 0.174141 
1598.000000 0.173744 
1599.000000 0.173348 
1600.000000 0.172952 
1601.000000 0.172557 
1602.000000 0.172162 
1603.000000 0.171768 
1604.000000 0.171374 
1605.000000 0.170981 
1606.000000 0.170589 
1607.000000 0.170197 
1608.000000 0.169806 
1609.000000 0.169415 
1610.000000 0.169025 
1611.000000 0.168636 
1612.000000 0.168247 
1613.000000 0.167859 
1614.000000 0.167471 
1615.000000 0.167084 
1616.000000 0.166698 
1617.000000 0.166312 
1618.000000 0.165927 
1619.000000 0.165542 
1620.000000 0.165158 
1621.000000 0.164775 
1622.000000 0.164392 
1623.000000 0.164010 
1624.000000 0.163628 
1625.000000 0.163247 
1626.000000 0.162866 
1627.000000 0.162486 
1628.000000 0.162107 
1629.000000 0.161728 
1630.000000 0.161350 
1631.000000 0.160973 
1632.000000 0.160596 
1633.000000 0.160219 
1634.000000 0.159844 
1635.000000 0.159468 
1636.000000 0.159094 
1637.000000 0.158720 
1638.000000 0.158346 
1639.000000 0.157974 
1640.000000 0.157601 
1641.000000 0.157230 
1642.000000 0.156859 
1643.000000 0.156488 
1644.000000 0.156118 
1645.000000 0.155749 
1646.000000 0.155380 
1647.000000 0.155012 
1648.000000 0.154645 
1649.000000 0.154278 
1650.000000 0.153911 
1651.000000 0.153546 
1652.000000 0.153180 
1653.000000 0.152816 
1654.000000 0.152452 
1655.000000 0.152088 
1656.000000 0.151726 
1657.000000 0.151363 
1658.000000 0.151002 
1659.000000 0.150641 
1660.000000 0.150280 
1661.000000 0.149920 
1662.000000 0.149561 
1663.000000 0.149202 
1664.000000 0.148844 
1665.000000 0.148486 
1666.000000 0.148129 
1667.000000 0.147773 
1668.000000 0.147417 
1669.000000 0.147062 
1670.000000 0.146707 
1671.000000 0.146353 
1672.000000 0.146000 
1673.000000 0.145647 
1674.000000 0.145295 
1675.000000 0.144943 
1676.000000 0.144592 
1677.000000 0.144241 
1678.000000 0.143891 
1679.000000 0.143542 
1680.000000 0.143193 
1681.000000 0.142845 
1682.000000 0.142497 
1683.000000 0.142150 
1684.000000 0.141804 
1685.000000 0.141458 
1686.000000 0.141112 
1687.000000 0.140768 
1688.000000 0.140423 
1689.000000 0.140080 
1690.000000 0.139737 
1691.000000 0.139394 
1692.000000 0.139052 
1693.000000 0.138711 
1694.000000 0.138370 
1695.000000 0.138030 
1696.000000 0.137691 
1697.000000 0.137352 
1698.000000 0.137013 
1699.000000 0.136676 
1700.000000 0.136338 
1701.000000 0.136002 
1702.000000 0.135666 
1703.000000 0.135330 
1704.000000 0.134995 
1705.000000 0.134661 
1706.000000 0.134327 
1707.000000 0.133994 
1708.000000 0.133661 
1709.000000 0.133329 
1710.000000 0.132997 
1711.000000 0.132667 
1712.000000 0.132336 
1713.000000 0.132006 
1714.000000 0.131677 
1715.000000 0.131349 
1716.000000 0.131020 
1717.000000 0.130693 
1718.000000 0.130366 
1719.000000 0.130040 
1720.000000 0.129714 
1721.000000 0.129389 
1722.000000 0.129064 
1723.000000 0.128740 
1724.000000 0.128416 
1725.000000 0.128093 
1726.000000 0.127771 
1727.000000 0.127449 
1728.000000 0.127128 
1729.000000 0.126807 
1730.000000 0.126487 
1731.000000 0.126168 
1732.000000 0.125849 
1733.000000 0.125530 
1734.000000 0.125212 
1735.000000 0.124895 
1736.000000 0.124578 
1737.000000 0.124262 
1738.000000 0.123946 
1739.000000 0.123631 
1740.000000 0.123317 
1741.000000 0.123003 
1742.000000 0.122690 
1743.000000 0.122377 
1744.000000 0.122065 
1745.000000 0.121753 
1746.000000 0.121442 
1747.000000 0.121131 
1748.000000 0.120821 
1749.000000 0.120512 
1750.000000 0.120203 
1751.000000 0.119894 
1752.000000 0.119587 
1753.000000 0.119279 
1754.000000 0.118973 
1755.000000 0.118667 
1756.000000 0.118361 
1757.000000 0.118056 
1758.000000 0.117752 
1759.000000 0.117448 
1760.000000 0.117144 
1761.000000 0.116841 
1762.000000 0.116539 
1763.000000 0.116237 
1764.000000 0.115936 
1765.000000 0.115636 
1766.000000 0.115336 
1767.000000 0.115036 
1768.000000 0.114737 
1769.000000 0.114439 
1770.000000 0.114141 
1771.000000 0.113844 
1772.000000 0.113547 
1773.000000 0.113251 
1774.000000 0.112955 
1775.000000 0.112660 
1776.000000 0.112365 
1777.000000 0.112071 
1778.000000 0.111778 
1779.000000 0.111485 
1780.000000 0.111193 
1781.000000 0.110901 
1782.000000 0.110609 
1783.000000 0.110319 
1784.000000 0.110028 
1785.000000 0.109739 
1786.000000 0.109450 
1787.000000 0.109161 
1788.000000 0.108873 
1789.000000 0.108585 
1790.000000 0.108298 
1791.000000 0.108012 
1792.000000 0.107726 
1793.000000 0.107441 
1794.000000 0.107156 
1795.000000 0.106871 
1796.000000 0.106588 
1797.000000 0.106304 
1798.000000 0.106022 
1799.000000 0.105740 
1800.000000 0.105458 
1801.000000 0.105177 
1802.000000 0.104896 
1803.000000 0.104616 
1804.000000 0.104337 
1805.000000 0.104058 
1806.000000 0.103779 
1807.000000 0.103501 
1808.000000 0.103224 
1809.000000 0.102947 
1810.000000 0.102671 
1811.000000 0.102395 
1812.000000 0.102120 
1813.000000 0.101845 
1814.000000 0.101571 
1815.000000 0.101297 
1816.000000 0.101024 
1817.000000 0.100752 
1818.000000 0.100479 
1819.000000 0.100208 
1820.000000 0.099937 
1821.000000 0.099666 
1822.000000 0.099396 
1823.000000 0.099127 
1824.000000 0.098858 
1825.000000 0.098589 
1826.000000 0.098321 
1827.000000 0.098054 
1828.000000 0.097787 
1829.000000 0.097521 
1830.000000 0.097255 
1831.000000 0.096990 
1832.000000 0.096725 
1833.000000 0.096461 
1834.000000 0.096197 
1835.000000 0.095934 
1836.000000 0.095671 
1837.000000 0.095409 
1838.000000 0.095147 
1839.000000 0.094886 
1840.000000 0.094625 
1841.000000 0.094365 
1842.000000 0.094105 
1843.000000 0.093846 
1844.000000 0.093588 
1845.000000 0.093330 
1846.000000 0.093072 
1847.000000 0.092815 
1848.000000 0.092558 
1849.000000 0.092302 
1850.000000 0.092047 
1851.000000 0.091792 
1852.000000 0.091537 
1853.000000 0.091283 
1854.000000 0.091030 
1855.000000 0.090777 
1856.000000 0.090524 
1857.000000 0.090272 
1858.000000 0.090021 
1859.000000 0.089770 
1860.000000 0.089519 
1861.000000 0.089269 
1862.000000 0.089020 
1863.000000 0.088771 
1864.000000 0.088522 
1865.000000 0.088274 
1866.000000 0.088027 
1867.000000 0.087780 
1868.000000 0.087534 
1869.000000 0.087288 
1870.000000 0.087042 
1871.000000 0.086797 
1872.000000 0.086553 
1873.000000 0.086309 
1874.000000 0.086065 
1875.000000 0.085822 
1876.000000 0.085580 
1877.000000 0.085338 
1878.000000 0.085097 
1879.000000 0.084856 
1880.000000 0.084615 
1881.000000 0.084375 
1882.000000 0.084136 
1883.000000 0.083897 
1884.000000 0.083658 
1885.000000 0.083420 
1886.000000 0.083183 
1887.000000 0.082946 
1888.000000 0.082709 
1889.000000 0.082473 
1890.000000 0.082238 
1891.000000 0.082003 
1892.000000 0.081768 
1893.000000 0.081534 
1894.000000 0.081300 
1895.000000 0.081067 
1896.000000 0.080835 
1897.000000 0.080603 
1898.000000 0.080371 
1899.000000 0.080140 
1900.000000 0.079909 
1901.000000 0.079679 
1902.000000 0.079449 
1903.000000 0.079220 
1904.000000 0.078991 
1905.000000 0.078763 
1906.000000 0.078535 
1907.000000 0.078308 
1908.000000 0.078081 
1909.000000 0.077855 
1910.000000 0.077629 
1911.000000 0.077404 
1912.000000 0.077179 
1913.000000 0.076954 
1914.000000 0.076730 
1915.000000 0.076507 
1916.000000 0.076284 
1917.000000 0.076062 
1918.000000 0.075840 
1919.000000 0.075618 
1920.000000 0.075397 
1921.000000 0.075176 
1922.000000 0.074956 
1923.000000 0.074737 
1924.000000 0.074517 
1925.000000 0.074299 
1926.000000 0.074080 
1927.000000 0.073863 
1928.000000 0.073645 
1929.000000 0.073429 
1930.000000 0.073212 
1931.000000 0.072996 
1932.000000 0.072781 
1933.000000 0.072566 
1934.000000 0.072352 
1935.000000 0.072138 
1936.000000 0.071924 
1937.000000 0.071711 
1938.000000 0.071498 
1939.000000 0.071286 
1940.000000 0.071074 
1941.000000 0.070863 
1942.000000 0.070653 
1943.000000 0.070442 
1944.000000 0.070232 
1945.000000 0.070023 
1946.000000 0.069814 
1947.000000 0.069606 
1948.000000 0.069398 
1949.000000 0.069190 
1950.000000 0.068983 
1951.000000 0.068776 
1952.000000 0.068570 
1953.000000 0.068365 
1954.000000 0.068159 
1955.000000 0.067955 
1956.000000 0.067750 
1957.000000 0.067546 
1958.000000 0.067343 
1959.000000 0.067140 
1960.000000 0.066937 
1961.000000 0.066735 
1962.000000 0.066534 
1963.000000 0.066333 
1964.000000 0.066132 
1965.000000 0.065932 
1966.000000 0.065732 
1967.000000 0.065532 
1968.000000 0.065334 
1969.000000 0.065135 
1970.000000 0.064937 
1971.000000 0.064739 
1972.000000 0.064542 
1973.000000 0.064346 
1974.000000 0.064149 
1975.000000 0.063954 
1976.000000 0.063758 
1977.000000 0.063563 
1978.000000 0.063369 
1979.000000 0.063175 
1980.000000 0.062981 
1981.000000 0.062788 
1982.000000 0.062595 
1983.000000 0.062403 
1984.000000 0.062211 
1985.000000 0.062020 
1986.000000 0.061829 
1987.000000 0.061638 
1988.000000 0.061448 
1989.000000 0.061259 
1990.000000 0.061069 
1991.000000 0.060881 
1992.000000 0.060692 
1993.000000 0.060504 
1994.000000 0.060317 
1995.000000 0.060130 
1996.000000 0.059943 
1997.000000 0.059757 
1998.000000 0.059571 
1999.000000 0.059386 
2000.000000 0.059201 
2001.000000 0.059017 
2002.000000 0.058832 
2003.000000 0.058649 
2004.000000 0.058466 
2005.000000 0.058283 
2006.000000 0.058101 
2007.000000 0.057919 
2008.000000 0.057737 
2009.000000 0.057556 
2010.000000 0.057375 
2011.000000 0.057195 
2012.000000 0.057015 
2013.000000 0.056836 
2014.000000 0.056657 
2015.000000 0.056479 
2016.000000 0.056300 
2017.000000 0.056123 
2018.000000 0.055945 
2019.000000 0.055769 
2020.000000 0.055592 
2021.000000 0.055416 
2022.000000 0.055240 
2023.000000 0.055065 
2024.000000 0.054890 
2025.000000 0.054716 
2026.000000 0.054542 
2027.000000 0.054369 
2028.000000 0.054195 
2029.000000 0.054023 
2030.000000 0.053850 
2031.000000 0.053678 
2032.000000 0.053507 
2033.000000 0.053336 
2034.000000 0.053165 
2035.000000 0.052995 
2036.000000 0.052825 
2037.000000 0.052656 
2038.000000 0.052487 
2039.000000 0.052318 
2040.000000 0.052150 
2041.000000 0.051982 
2042.000000 0.051814 
2043.000000 0.051647 
2044.000000 0.051481 
2045.000000 0.051314 
2046.000000 0.051149 
2047.000000 0.050983 
2048.000000 0.050818 
2049.000000 0.050654 
2050.000000 0.050489 
2051.000000 0.050326 
2052.000000 0.050162 
2053.000000 0.049999 
2054.000000 0.049836 
2055.000000 0.049674 
2056.000000 0.049512 
2057.000000 0.049351 
2058.000000 0.049190 
2059.000000 0.049029 
2060.000000 0.048869 
2061.000000 0.048709 
2062.000000 0.048550 
2063.000000 0.048390 
2064.000000 0.048232 
2065.000000 0.048073 
2066.000000 0.047916 
2067.000000 0.047758 
2068.000000 0.047601 
2069.000000 0.047444 
2070.000000 0.047288 
2071.000000 0.047132 
2072.000000 0.046976 
2073.000000 0.046821 
2074.000000 0.046666 
2075.000000 0.046512 
2076.000000 0.046358 
2077.000000 0.046204 
2078.000000 0.046051 
2079.000000 0.045898 
2080.000000 0.045745 
2081.000000 0.045593 
2082.000000 0.045441 
2083.000000 0.045290 
2084.000000 0.045139 
2085.000000 0.044988 
2086.000000 0.044838 
2087.000000 0.044688 
2088.000000 0.044539 
2089.000000 0.044390 
2090.000000 0.044241 
2091.000000 0.044092 
2092.000000 0.043944 
2093.000000 0.043797 
2094.000000 0.043650 
2095.000000 0.043503 
2096.000000 0.043356 
2097.000000 0.043210 
2098.000000 0.043064 
2099.000000 0.042919 
2100.000000 0.042774 
2101.000000 0.042629 
2102.000000 0.042485 
2103.000000 0.042341 
2104.000000 0.042198 
2105.000000 0.042054 
2106.000000 0.041912 
2107.000000 0.041769 
2108.000000 0.041627 
2109.000000 0.041485 
2110.000000 0.041344 
2111.000000 0.041203 
2112.000000 0.041062 
2113.000000 0.040922 
2114.000000 0.040782 
2115.000000 0.040643 
2116.000000 0.040504 
2117.000000 0.040365 
2118.000000 0.040226 
2119.000000 0.040088 
2120.000000 0.039950 
2121.000000 0.039813 
2122.000000 0.039676 
2123.000000 0.039539 
2124.000000 0.039403 
2125.000000 0.039267 
2126.000000 0.039132 
2127.000000 0.038996 
2128.000000 0.038861 
2129.000000 0.038727 
2130.000000 0.038593 
2131.000000 0.038459 
2132.000000 0.038325 
2133.000000 0.038192 
2134.000000 0.038059 
2135.000000 0.037927 
2136.000000 0.037795 
2137.000000 0.037663 
2138.000000 0.037532 
2139.000000 0.037401 
2140.000000 0.037270 
2141.000000 0.037140 
2142.000000 0.037010 
2143.000000 0.036880 
2144.000000 0.036751 
2145.000000 0.036622 
2146.000000 0.036493 
2147.000000 0.036365 
2148.000000 0.036237 
2149.000000 0.036109 
2150.000000 0.035982 
2151.000000 0.035855 
2152.000000 0.035729 
2153.000000 0.035603 
2154.000000 0.035477 
2155.000000 0.035351 
2156.000000 0.035226 
2157.000000 0.035101 
2158.000000 0.034976 
2159.000000 0.034852 
2160.000000 0.034728 
2161.000000 0.034605 
2162.000000 0.034482 
2163.000000 0.034359 
2164.000000 0.034236 
2165.000000 0.034114 
2166.000000 0.033992 
2167.000000 0.033871 
2168.000000 0.033749 
2169.000000 0.033629 
2170.000000 0.033508 
2171.000000 0.033388 
2172.000000 0.033268 
2173.000000 0.033148 
2174.000000 0.033029 
2175.000000 0.032910 
2176.000000 0.032792 
2177.000000 0.032673 
2178.000000 0.032555 
2179.000000 0.032438 
2180.000000 0.032320 
2181.000000 0.032204 
2182.000000 0.032087 
2183.000000 0.031971 
2184.000000 0.031855 
2185.000000 0.031739 
2186.000000 0.031624 
2187.000000 0.031508 
2188.000000 0.031394 
2189.000000 0.031279 
2190.000000 0.031165 
2191.000000 0.031052 
2192.000000 0.030938 
2193.000000 0.030825 
2194.000000 0.030712 
2195.000000 0.030600 
2196.000000 0.030487 
2197.000000 0.030376 
2198.000000 0.030264 
2199.000000 0.030153 
2200.000000 0.030042 
2201.000000 0.029931 
2202.000000 0.029821 
2203.000000 0.029711 
2204.000000 0.029601 
2205.000000 0.029492 
2206.000000 0.029383 
2207.000000 0.029274 
2208.000000 0.029165 
2209.000000 0.029057 
2210.000000 0.028949 
2211.000000 0.028842 
2212.000000 0.028735 
2213.000000 0.028628 
2214.000000 0.028521 
2215.000000 0.028415 
2216.000000 0.028309 
2217.000000 0.028203 
2218.000000 0.028097 
2219.000000 0.027992 
2220.000000 0.027887 
2221.000000 0.027783 
2222.000000 0.027679 
2223.000000 0.027575 
2224.000000 0.027471 
2225.000000 0.027368 
2226.000000 0.027265 
2227.000000 0.027162 
2228.000000 0.027060 
2229.000000 0.026957 
2230.000000 0.026855 
2231.000000 0.026754 
2232.000000 0.026653 
2233.000000 0.026552 
2234.000000 0.026451 
2235.000000 0.026351 
2236.000000 0.026250 
2237.000000 0.026151 
2238.000000 0.026051 
2239.000000 0.025952 
2240.000000 0.025853 
2241.000000 0.025754 
2242.000000 0.025656 
2243.000000 0.025558 
2244.000000 0.025460 
2245.000000 0.025362 
2246.000000 0.025265 
2247.000000 0.025168 
2248.000000 0.025072 
2249.000000 0.024975 
2250.000000 0.024879 
2251.000000 0.024783 
2252.000000 0.024688 
2253.000000 0.024592 
2254.000000 0.024497 
2255.000000 0.024403 
2256.000000 0.024308 
2257.000000 0.024214 
2258.000000 0.024120 
2259.000000 0.024027 
2260.000000 0.023934 
2261.000000 0.023840 
2262.000000 0.023748 
2263.000000 0.023655 
2264.000000 0.023563 
2265.000000 0.023471 
2266.000000 0.023379 
2267.000000 0.023288 
2268.000000 0.023197 
2269.000000 0.023106 
2270.000000 0.023016 
2271.000000 0.022925 
2272.000000 0.022835 
2273.000000 0.022746 
2274.000000 0.022656 
2275.000000 0.022567 
2276.000000 0.022478 
2277.000000 0.022389 
2278.000000 0.022301 
2279.000000 0.022213 
2280.000000 0.022125 
2281.000000 0.022037 
2282.000000 0.021950 
2283.000000 0.021863 
2284.000000 0.021776 
2285.000000 0.021689 
2286.000000 0.021603 
2287.000000 0.021517 
2288.000000 0.021431 
2289.000000 0.021346 
2290.000000 0.021261 
2291.000000 0.021176 
2292.000000 0.021091 
2293.000000 0.021006 
2294.000000 0.020922 
2295.000000 0.020838 
2296.000000 0.020755 
2297.000000 0.020671 
2298.000000 0.020588 
2299.000000 0.020505 
2300.000000 0.020422 
2301.000000 0.020340 
2302.000000 0.020258 
2303.000000 0.020176 
2304.000000 0.020094 
2305.000000 0.020013 
2306.000000 0.019932 
2307.000000 0.019851 
2308.000000 0.019770 
2309.000000 0.019690 
2310.000000 0.019610 
2311.000000 0.019530 
2312.000000 0.019450 
2313.000000 0.019371 
2314.000000 0.019292 
2315.000000 0.019213 
2316.000000 0.019134 
2317.000000 0.019056 
2318.000000 0.018978 
2319.000000 0.018900 
2320.000000 0.018822 
2321.000000 0.018745 
2322.000000 0.018667 
2323.000000 0.018590 
2324.000000 0.018514 
2325.000000 0.018437 
2326.000000 0.018361 
2327.000000 0.018285 
2328.000000 0.018209 
2329.000000 0.018134 
2330.000000 0.018059 
2331.000000 0.017984 
2332.000000 0.017909 
2333.000000 0.017835 
2334.000000 0.017760 
2335.000000 0.017686 
2336.000000 0.017612 
2337.000000 0.017539 
2338.000000 0.017465 
2339.000000 0.017392 
2340.000000 0.017319 
2341.000000 0.017247 
2342.000000 0.017174 
2343.000000 0.017102 
2344.000000 0.017030 
2345.000000 0.016959 
2346.000000 0.016887 
2347.000000 0.016816 
2348.000000 0.016745 
2349.000000 0.016674 
2350.000000 0.016604 
2351.000000 0.016533 
2352.000000 0.016463 
2353.000000 0.016393 
2354.000000 0.016324 
2355.000000 0.016254 
2356.000000 0.016185 
2357.000000 0.016116 
2358.000000 0.016047 
2359.000000 0.015979 
2360.000000 0.015911 
2361.000000 0.015843 
2362.000000 0.015775 
2363.000000 0.015707 
2364.000000 0.015640 
2365.000000 0.015573 
2366.000000 0.015506 
2367.000000 0.015439 
2368.000000 0.015372 
2369.000000 0.015306 
2370.000000 0.015240 
2371.000000 0.015174 
2372.000000 0.015109 
2373.000000 0.015043 
2374.000000 0.014978 
2375.000000 0.014913 
2376.000000 0.014848 
2377.000000 0.014784 
2378.000000 0.014719 
2379.000000 0.014655 
2380.000000 0.014591 
2381.000000 0.014528 
2382.000000 0.014464 
2383.000000 0.014401 
2384.000000 0.014338 
2385.000000 0.014275 
2386.000000 0.014213 
2387.000000 0.014150 
2388.000000 0.014088 
2389.000000 0.014026 
2390.000000 0.013964 
2391.000000 0.013903 
2392.000000 0.013841 
2393.000000 0.013780 
2394.000000 0.013719 
2395.000000 0.013658 
2396.000000 0.013598 
2397.000000 0.013538 
2398.000000 0.013477 
2399.000000 0.013418 
2400.000000 0.013358 
2401.000000 0.013298 
2402.000000 0.013239 
2403.000000 0.013180 
2404.000000 0.013121 
2405.000000 0.013062 
2406.000000 0.013004 
2407.000000 0.012945 
2408.000000 0.012887 
2409.000000 0.012829 
2410.000000 0.012772 
2411.000000 0.012714 
2412.000000 0.012657 
2413.000000 0.012600 
2414.000000 0.012543 
2415.000000 0.012486 
2416.000000 0.012430 
2417.000000 0.012373 
2418.000000 0.012317 
2419.000000 0.012261 
2420.000000 0.012206 
2421.000000 0.012150 
2422.000000 0.012095 
2423.000000 0.012040 
2424.000000 0.011985 
2425.000000 0.011930 
2426.000000 0.011875 
2427.000000 0.011821 
2428.000000 0.011767 
2429.000000 0.011713 
2430.000000 0.011659 
2431.000000 0.011605 
2432.000000 0.011552 
2433.000000 0.011499 
2434.000000 0.011445 
2435.000000 0.011393 
2436.000000 0.011340 
2437.000000 0.011287 
2438.000000 0.011235 
2439.000000 0.011183 
2440.000000 0.011131 
2441.000000 0.011079 
2442.000000 0.011028 
2443.000000 0.010976 
2444.000000 0.010925 
2445.000000 0.010874 
2446.000000 0.010823 
2447.000000 0.010772 
2448.000000 0.010722 
2449.000000 0.010672 
2450.000000 0.010622 
2451.000000 0.010572 
2452.000000 0.010522 
2453.000000 0.010472 
2454.000000 0.010423 
2455.000000 0.010374 
2456.000000 0.010324 
2457.000000 0.010276 
2458.000000 0.010227 
2459.000000 0.010178 
2460.000000 0.010130 
2461.000000 0.010082 
2462.000000 0.010034 
2463.000000 0.009986 
2464.000000 0.009938 
2465.000000 0.009891 
2466.000000 0.009844 
2467.000000 0.009796 
2468.000000 0.009749 
2469.000000 0.009703 
2470.000000 0.009656 
2471.000000 0.009610 
2472.000000 0.009563 
2473.000000 0.009517 
2474.000000 0.009471 
2475.000000 0.009425 
2476.000000 0.009380 
2477.000000 0.009334 
2478.000000 0.009289 
2479.000000 0.009244 
2480.000000 0.009199 
2481.000000 0.009154 
2482.000000 0.009110 
2483.000000 0.009065 
2484.000000 0.009021 
2485.000000 0.008977 
2486.000000 0.008933 
2487.000000 0.008889 
2488.000000 0.008846 
2489.000000 0.008802 
2490.000000 0.008759 
2491.000000 0.008716 
2492.000000 0.008673 
2493.000000 0.008630 
2494.000000 0.008587 
2495.000000 0.008545 
2496.000000 0.008503 
2497.000000 0.008460 
2498.000000 0.008418 
2499.000000 0.008376 
2500.000000 0.008335 
2501.000000 0.008293 
2502.000000 0.008252 
2503.000000 0.008211 
2504.000000 0.008170 
2505.000000 0.008129 
2506.000000 0.008088 
2507.000000 0.008047 
2508.000000 0.008007 
2509.000000 0.007967 
2510.000000 0.007927 
2511.000000 0.007887 
2512.000000 0.007847 
2513.000000 0.007807 
2514.000000 0.007768 
2515.000000 0.007728 
2516.000000 0.007689 
2517.000000 0.007650 
2518.000000 0.007611 
2519.000000 0.007572 
2520.000000 0.007534 
2521.000000 0.007495 
2522.000000 0.007457 
2523.000000 0.007419 
2524.000000 0.007381 
2525.000000 0.007343 
2526.000000 0.007305 
2527.000000 0.007268 
2528.000000 0.007230 
2529.000000 0.007193 
2530.000000 0.007156 
2531.000000 0.007119 
2532.000000 0.007082 
2533.000000 0.007045 
2534.000000 0.007009 
2535.000000 0.006972 
2536.000000 0.006936 
2537.000000 0.006900 
2538.000000 0.006864 
2539.000000 0.006828 
2540.000000 0.006792 
2541.000000 0.006757 
2542.000000 0.006721 
2543.000000 0.006686 
2544.000000 0.006651 
2545.000000 0.006616 
2546.000000 0.006581 
2547.000000 0.006547 
2548.000000 0.006512 
2549.000000 0.006478 
2550.000000 0.006443 
2551.000000 0.006409 
2552.000000 0.006375 
2553.000000 0.006341 
2554.000000 0.006308 
2555.000000 0.006274 
2556.000000 0.006241 
2557.000000 0.006207 
2558.000000 0.006174 
2559.000000 0.006141 
2560.000000 0.006108 
2561.000000 0.006075 
2562.000000 0.006043 
2563.000000 0.006010 
2564.000000 0.005978 
2565.000000 0.005945 
2566.000000 0.005913 
2567.000000 0.005881 
2568.000000 0.005850 
2569.000000 0.005818 
2570.000000 0.005786 
2571.000000 0.005755 
2572.000000 0.005723 
2573.000000 0.005692 
2574.000000 0.005661 
2575.000000 0.005630 
2576.000000 0.005599 
2577.000000 0.005569 
2578.000000 0.005538 
2579.000000 0.005508 
2580.000000 0.005478 
2581.000000 0.005447 
2582.000000 0.005417 
2583.000000 0.005387 
2584.000000 0.005358 
2585.000000 0.005328 
2586.000000 0.005298 
2587.000000 0.005269 
2588.000000 0.005240 
2589.000000 0.005211 
2590.000000 0.005182 
2591.000000 0.005153 
2592.000000 0.005124 
2593.000000 0.005095 
2594.000000 0.005067 
2595.000000 0.005038 
2596.000000 0.005010 
2597.000000 0.004982 
2598.000000 0.004954 
2599.000000 0.004926 
2600.000000 0.004898 
2601.000000 0.004870 
2602.000000 0.004843 
2603.000000 0.004815 
2604.000000 0.004788 
2605.000000 0.004761 
2606.000000 0.004733 
2607.000000 0.004706 
2608.000000 0.004680 
2609.000000 0.004653 
2610.000000 0.004626 
2611.000000 0.004600 
2612.000000 0.004573 
2613.000000 0.004547 
2614.000000 0.004521 
2615.000000 0.004495 
2616.000000 0.004469 
2617.000000 0.004443 
2618.000000 0.004417 
2619.000000 0.004392 
2620.000000 0.004366 
2621.000000 0.004341 
2622.000000 0.004316 
2623.000000 0.004290 
2624.000000 0.004265 
2625.000000 0.004240 
2626.000000 0.004216 
2627.000000 0.004191 
2628.000000 0.004166 
2629.000000 0.004142 
2630.000000 0.004117 
2631.000000 0.004093 
2632.000000 0.004069 
2633.000000 0.004045 
2634.000000 0.004021 
2635.000000 0.003997 
2636.000000 0.003973 
2637.000000 0.003950 
2638.000000 0.003926 
2639.000000 0.003903 
2640.000000 0.003880 
2641.000000 0.003856 
2642.000000 0.003833 
2643.000000 0.003810 
2644.000000 0.003787 
2645.000000 0.003765 
2646.000000 0.003742 
2647.000000 0.003719 
2648.000000 0.003697 
2649.000000 0.003675 
2650.000000 0.003652 
2651.000000 0.003630 
2652.000000 0.003608 
2653.000000 0.003586 
2654.000000 0.003564 
2655.000000 0.003543 
2656.000000 0.003521 
2657.000000 0.003499 
2658.000000 0.003478 
2659.000000 0.003457 
2660.000000 0.003435 
2661.000000 0.003414 
2662.000000 0.003393 
2663.000000 0.003372 
2664.000000 0.003351 
2665.000000 0.003331 
2666.000000 0.003310 
2667.000000 0.003289 
2668.000000 0.003269 
2669.000000 0.003249 
2670.000000 0.003228 
2671.000000 0.003208 
2672.000000 0.003188 
2673.000000 0.003168 
2674.000000 0.003148 
2675.000000 0.003128 
2676.000000 0.003109 
2677.000000 0.003089 
2678.000000 0.003069 
2679.000000 0.003050 
2680.000000 0.003031 
2681.000000 0.003012 
2682.000000 0.002992 
2683.000000 0.002973 
2684.000000 0.002954 
2685.000000 0.002935 
2686.000000 0.002917 
2687.000000 0.002898 
2688.000000 0.002879 
2689.000000 0.002861 
2690.000000 0.002842 
2691.000000 0.002824 
2692.000000 0.002806 
2693.000000 0.002788 
2694.000000 0.002770 
2695.000000 0.002752 
2696.000000 0.002734 
2697.000000 0.002716 
2698.000000 0.002698 
2699.000000 0.002681 
2700.000000 0.002663 
2701.000000 0.002646 
2702.000000 0.002628 
2703.000000 0.002611 
2704.000000 0.002594 
2705.000000 0.002577 
2706.000000 0.002560 
2707.000000 0.002543 
2708.000000 0.002526 
2709.000000 0.002509 
2710.000000 0.002493 
2711.000000 0.002476 
2712.000000 0.002459 
2713.000000 0.002443 
2714.000000 0.002427 
2715.000000 0.002410 
2716.000000 0.002394 
2717.000000 0.002378 
2718.000000 0.002362 
2719.000000 0.002346 
2720.000000 0.002330 
2721.000000 0.002314 
2722.000000 0.002299 
2723.000000 0.002283 
2724.000000 0.002268 
2725.000000 0.002252 
2726.000000 0.002237 
2727.000000 0.002221 
2728.000000 0.002206 
2729.000000 0.002191 
2730.000000 0.002176 
2731.000000 0.002161 
2732.000000 0.002146 
2733.000000 0.002131 
2734.000000 0.002117 
2735.000000 0.002102 
2736.000000 0.002087 
2737.000000 0.002073 
2738.000000 0.002058 
2739.000000 0.002044 
2740.000000 0.002030 
2741.000000 0.002015 
2742.000000 0.002001 
2743.000000 0.001987 
2744.000000 0.001973 
2745.000000 0.001959 
2746.000000 0.001945 
2747.000000 0.001932 
2748.000000 0.001918 
2749.000000 0.001904 
2750.000000 0.001891 
2751.000000 0.001877 
2752.000000 0.001864 
2753.000000 0.001851 
2754.000000 0.001837 
2755.000000 0.001824 
2756.000000 0.001811 
2757.000000 0.001798 
2758.000000 0.001785 
2759.000000 0.001772 
2760.000000 0.001759 
2761.000000 0.001746 
2762.000000 0.001734 
2763.000000 0.001721 
2764.000000 0.001709 
2765.000000 0.001696 
2766.000000 0.001684 
2767.000000 0.001671 
2768.000000 0.001659 
2769.000000 0.001647 
2770.000000 0.001635 
2771.000000 0.001623 
2772.000000 0.001611 
2773.000000 0.001599 
2774.000000 0.001587 
2775.000000 0.001575 
2776.000000 0.001563 
2777.000000 0.001551 
2778.000000 0.001540 
2779.000000 0.001528 
2780.000000 0.001517 
2781.000000 0.001505 
2782.000000 0.001494 
2783.000000 0.001483 
2784.000000 0.001472 
2785.000000 0.001460 
2786.000000 0.001449 
2787.000000 0.001438 
2788.000000 0.001427 
2789.000000 0.001416 
2790.000000 0.001406 
2791.000000 0.001395 
2792.000000 0.001384 
2793.000000 0.001373 
2794.000000 0.001363 
2795.000000 0.001352 
2796.000000 0.001342 
2797.000000 0.001331 
2798.000000 0.001321 
2799.000000 0.001311 
2800.000000 0.001301 
2801.000000 0.001290 
2802.000000 0.001280 
2803.000000 0.001270 
2804.000000 0.001260 
2805.000000 0.001250 
2806.000000 0.001240 
2807.000000 0.001231 
2808.000000 0.001221 
2809.000000 0.001211 
2810.000000 0.001202 
2811.000000 0.001192 
2812.000000 0.001183 
2813.000000 0.001173 
2814.000000 0.001164 
2815.000000 0.001154 
2816.000000 0.001145 
2817.000000 0.001136 
2818.000000 0.001127 
2819.000000 0.001118 
2820.000000 0.001109 
2821.000000 0.001100 
2822.000000 0.001091 
2823.000000 0.001082 
2824.000000 0.001073 
2825.000000 0.001064 
2826.000000 0.001055 
2827.000000 0.001047 
2828.000000 0.001038 
2829.000000 0.001030 
2830.000000 0.001021 
2831.000000 0.001013 
2832.000000 0.001004 
2833.000000 0.000996 
2834.000000 0.000988 
2835.000000 0.000979 
2836.000000 0.000971 
2837.000000 0.000963 
2838.000000 0.000955 
2839.000000 0.000947 
2840.000000 0.000939 
2841.000000 0.000931 
2842.000000 0.000923 
2843.000000 0.000915 
2844.000000 0.000908 
2845.000000 0.000900 
2846.000000 0.000892 
2847.000000 0.000885 
2848.000000 0.000877 
2849.000000 0.000870 
2850.000000 0.000862 
2851.000000 0.000855 
2852.000000 0.000847 
2853.000000 0.000840 
2854.000000 0.000833 
2855.000000 0.000826 
2856.000000 0.000818 
2857.000000 0.000811 
2858.000000 0.000804 
2859.000000 0.000797 
2860.000000 0.000790 
2861.000000 0.000783 
2862.000000 0.000776 
2863.000000 0.000770 
2864.000000 0.000763 
2865.000000 0.000756 
2866.000000 0.000749 
2867.000000 0.000743 
2868.000000 0.000736 
2869.000000 0.000729 
2870.000000 0.000723 
2871.000000 0.000717 
2872.000000 0.000710 
2873.000000 0.000704 
2874.000000 0.000697 
2875.000000 0.000691 
2876.000000 0.000685 
2877.000000 0.000679 
2878.000000 0.000673 
2879.000000 0.000666 
2880.000000 0.000660 
2881.000000 0.000654 
2882.000000 0.000648 
2883.000000 0.000642 
2884.000000 0.000637 
2885.000000 0.000631 
2886.000000 0.000625 
2887.000000 0.000619 
2888.000000 0.000613 
2889.000000 0.000608 
2890.000000 0.000602 
2891.000000 0.000597 
2892.000000 0.000591 
2893.000000 0.000585 
2894.000000 0.000580 
2895.000000 0.000575 
2896.000000 0.000569 
2897.000000 0.000564 
2898.000000 0.000559 
2899.000000 0.000553 
2900.000000 0.000548 
2901.000000 0.000543 
2902.000000 0.000538 
2903.000000 0.000533 
2904.000000 0.000528 
2905.000000 0.000523 
2906.000000 0.000518 
2907.000000 0.000513 
2908.000000 0.000508 
2909.000000 0.000503 
2910.000000 0.000498 
2911.000000 0.000493 
2912.000000 0.000488 
2913.000000 0.000484 
2914.000000 0.000479 
2915.000000 0.000474 
2916.000000 0.000470 
2917.000000 0.000465 
2918.000000 0.000461 
2919.000000 0.000456 
2920.000000 0.000452 
2921.000000 0.000447 
2922.000000 0.000443 
2923.000000 0.000439 
2924.000000 0.000434 
2925.000000 0.000430 
2926.000000 0.000426 
2927.000000 0.000422 
2928.000000 0.000417 
2929.000000 0.000413 
2930.000000 0.000409 
2931.000000 0.000405 
2932.000000 0.000401 
2933.000000 0.000397 
2934.000000 0.000393 
2935.000000 0.000389 
2936.000000 0.000385 
2937.000000 0.000382 
2938.000000 0.000378 
2939.000000 0.000374 
2940.000000 0.000370 
2941.000000 0.000366 
2942.000000 0.000363 
2943.000000 0.000359 
2944.000000 0.000355 
2945.000000 0.000352 
2946.000000 0.000348 
2947.000000 0.000345 
2948.000000 0.000341 
2949.000000 0.000338 
2950.000000 0.000334 
2951.000000 0.000331 
2952.000000 0.000328 
2953.000000 0.000324 
2954.000000 0.000321 
2955.000000 0.000318 
2956.000000 0.000315 
2957.000000 0.000311 
2958.000000 0.000308 
2959.000000 0.000305 
2960.000000 0.000302 
2961.000000 0.000299 
2962.000000 0.000296 
2963.000000 0.000293 
2964.000000 0.000290 
2965.000000 0.000287 
2966.000000 0.000284 
2967.000000 0.000281 
2968.000000 0.000278 
2969.000000 0.000275 
2970.000000 0.000273 
2971.000000 0.000270 
2972.000000 0.000267 
2973.000000 0.000264 
2974.000000 0.000262 
2975.000000 0.000259 
2976.000000 0.000256 
2977.000000 0.000254 
2978.000000 0.000251 
2979.000000 0.000249 
2980.000000 0.000246 
2981.000000 0.000244 
2982.000000 0.000241 
2983.000000 0.000239 
2984.000000 0.000236 
2985.000000 0.000234 
2986.000000 0.000232 
2987.000000 0.000229 
2988.000000 0.000227 
2989.000000 0.000225 
2990.000000 0.000223 
2991.000000 0.000220 
2992.000000 0.000218 
2993.000000 0.000216 
2994.000000 0.000214 
2995.000000 0.000212 
2996.000000 0.000210 
2997.000000 0.000208 
2998.000000 0.000206 
2999.000000 0.000204 
3000.000000 0.000202 
3001.000000 0.000200 
3002.000000 0.000198 
3003.000000 0.000196 
3004.000000 0.000194 
3005.000000 0.000192 
3006.000000 0.000190 
3007.000000 0.000189 
3008.000000 0.000187 
3009.000000 0.000185 
3010.000000 0.000183 
3011.000000 0.000182 
3012.000000 0.000180 
3013.000000 0.000178 
3014.000000 0.000177 
3015.000000 0.000175 
3016.000000 0.000174 
3017.000000 0.000172 
3018.000000 0.000170 
3019.000000 0.000169 
3020.000000 0.000167 
3021.000000 0.000166 
3022.000000 0.000165 
3023.000000 0.000163 
3024.000000 0.000162 
3025.000000 0.000160 
3026.000000 0.000159 
3027.000000 0.000158 
3028.000000 0.000156 
3029.000000 0.000155 
3030.000000 0.000154 
3031.000000 0.000153 
3032.000000 0.000151 
3033.000000 0.000150 
3034.000000 0.000149 
3035.000000 0.000148 
3036.000000 0.000147 
3037.000000 0.000146 
3038.000000 0.000145 
3039.000000 0.000144 
3040.000000 0.000142 
3041.000000 0.000141 
3042.000000 0.000140 
3043.000000 0.000139 
3044.000000 0.000139 
3045.000000 0.000138 
3046.000000 0.000137 
3047.000000 0.000136 
3048.000000 0.000135 
3049.000000 0.000134 
3050.000000 0.000133 
3051.000000 0.000132 
3052.000000 0.000132 
3053.000000 0.000131 
3054.000000 0.000130 
3055.000000 0.000129 
3056.000000 0.000128 
3057.000000 0.000128 
3058.000000 0.000127 
3059.000000 0.000126 
3060.000000 0.000126 
3061.000000 0.000125 
3062.000000 0.000124 
3063.000000 0.000124 
3064.000000 0.000123 
3065.000000 0.000123 
3066.000000 0.000122 
3067.000000 0.000121 
3068.000000 0.000121 
3069.000000 0.000120 
3070.000000 0.000120 
3071.000000 0.000119 
3072.000000 0.000119 
3073.000000 0.000118 
3074.000000 0.000118 
3075.000000 0.000118 
3076.000000 0.000117 
3077.000000 0.000117 
3078.000000 0.000116 
3079.000000 0.000116 
3080.000000 0.000116 
3081.000000 0.000115 
3082.000000 0.000115 
3083.000000 0.000115 
3084.000000 0.000114 
3085.000000 0.000114 
3086.000000 0.000114 
3087.000000 0.000113 
3088.000000 0.000113 
3089.000000 0.000113 
3090.000000 0.000112 
3091.000000 0.000112 
3092.000000 0.000112 
3093.000000 0.000112 
3094.000000 0.000112 
3095.000000 0.000111 
3096.000000 0.000111 
3097.000000 0.000111 
3098.000000 0.000111 
3099.000000 0.000111 
3100.000000 0.000110 
3101.000000 0.000110 
3102.000000 0.000110 
3103.000000 0.000110 
3104.000000 0.000110 
3105.000000 0.000110 
3106.000000 0.000110 
3107.000000 0.000110 
3108.000000 0.000110 
3109.000000 0.000109 
3110.000000 0.000109 
3111.000000 0.000109 
3112.000000 0.000109 
3113.000000 0.000109 
3114.000000 0.000109 
3115.000000 0.000109 
3116.000000 0.000109 
3117.000000 0.000109 
3118.000000 0.000109 
3119.000000 0.000109 
3120.000000 0.000109 
3121.000000 0.000109 
3122.000000 0.000109 
3123.000000 0.000109 
3124.000000 0.000109 
3125.000000 0.000109 
3126.000000 0.000109 
3127.000000 0.000109 
3128.000000 0.000109 
3129.000000 0.000109 
3130.000000 0.000109 
3131.000000 0.000109 
3132.000000 0.000109 
3133.000000 0.000109 
3134.000000 0.000109 
3135.000000 0.000109 
3136.000000 0.000109 
3137.000000 0.000109 
3138.000000 0.000110 
3139.000000 0.000110 
3140.000000 0.000110 
3141.000000 0.000110 
3142.000000 0.000110 
3143.000000 0.000110 
3144.000000 0.000110 
3145.000000 0.000110 
3146.000000 0.000110 
3147.000000 0.000110 
3148.000000 0.000110 
3149.000000 0.000110 
3150.000000 0.000111 
3151.000000 0.000111 
3152.000000 0.000111 
3153.000000 0.000111 
3154.000000 0.000111 
3155.000000 0.000111 
3156.000000 0.000111 
3157.000000 0.000111 
3158.000000 0.000112 
3159.000000 0.000112 
3160.000000 0.000112 
3161.000000 0.000112 
3162.000000 0.000112 
3163.000000 0.000112 
3164.000000 0.000112 
3165.000000 0.000112 
3166.000000 0.000113 
3167.000000 0.000113 
3168.000000 0.000113 
3169.000000 0.000113 
3170.000000 0.000113 
3171.000000 0.000113 
3172.000000 0.000113 
3173.000000 0.000114 
3174.000000 0.000114 
3175.000000 0.000114 
3176.000000 0.000114 
3177.000000 0.000114 
3178.000000 0.000114 
3179.000000 0.000114 
3180.000000 0.000115 
3181.000000 0.000115 
3182.000000 0.000115 
3183.000000 0.000115 
3184.000000 0.000115 
3185.000000 0.000115 
3186.000000 0.000116 
3187.000000 0.000116 
3188.000000 0.000116 
3189.000000 0.000116 
3190.000000 0.000116 
3191.000000 0.000116 
3192.000000 0.000117 
3193.000000 0.000117 
3194.000000 0.000117 
3195.000000 0.000117 
3196.000000 0.000117 
3197.000000 0.000117 
3198.000000 0.000118 
3199.000000 0.000118 
3200.000000 0.000118 
3201.000000 0.000118 
3202.000000 0.000118 
3203.000000 0.000118 
3204.000000 0.000119 
3205.000000 0.000119 
3206.000000 0.000119 
3207.000000 0.000119 
3208.000000 0.000119 
3209.000000 0.000119 
3210.000000 0.000120 
3211.000000 0.000120 
3212.000000 0.000120 
3213.000000 0.000120 
3214.000000 0.000120 
3215.000000 0.000121 
3216.000000 0.000121 
3217.000000 0.000121 
3218.000000 0.000121 
3219.000000 0.000121 
3220.000000 0.000121 
3221.000000 0.000122 
3222.000000 0.000122 
3223.000000 0.000122 
3224.000000 0.000122 
3225.000000 0.000122 
3226.000000 0.000123 
3227.000000 0.000123 
3228.000000 0.000123 
3229.000000 0.000123 
3230.000000 0.000123 
3231.000000 0.000124 
3232.000000 0.000124 
3233.000000 0.000124 
3234.000000 0.000124 
3235.000000 0.000124 
3236.000000 0.000124 
3237.000000 0.000125 
3238.000000 0.000125 
3239.000000 0.000125 
3240.000000 0.000125 
3241.000000 0.000125 
3242.000000 0.000126 
3243.000000 0.000126 
3244.000000 0.000126 
3245.000000 0.000126 
3246.000000 0.000127 
3247.000000 0.000127 
3248.000000 0.000127 
3249.000000 0.000127 
3250.000000 0.000127 
3251.000000 0.000128 
3252.000000 0.000128 
3253.000000 0.000128 
3254.000000 0.000128 
3255.000000 0.000128 
3256.000000 0.000129 
3257.000000 0.000129 
3258.000000 0.000129 
3259.000000 0.000129 
3260.000000 0.000129 
3261.000000 0.000130 
3262.000000 0.000130 
3263.000000 0.000130 
3264.000000 0.000130 
3265.000000 0.000131 
3266.000000 0.000131 
3267.000000 0.000131 
3268.000000 0.000131 
3269.000000 0.000131 
3270.000000 0.000132 
3271.000000 0.000132 
3272.000000 0.000132 
3273.000000 0.000132 
3274.000000 0.000133 
3275.000000 0.000133 
3276.000000 0.000133 
3277.000000 0.000133 
3278.000000 0.000133 
3279.000000 0.000134 
3280.000000 0.000134 
3281.000000 0.000134 
3282.000000 0.000134 
3283.000000 0.000135 
3284.000000 0.000135 
3285.000000 0.000135 
3286.000000 0.000135 
3287.000000 0.000136 
3288.000000 0.000136 
3289.000000 0.000136 
3290.000000 0.000136 
3291.000000 0.000137 
3292.000000 0.000137 
3293.000000 0.000137 
3294.000000 0.000137 
3295.000000 0.000137 
3296.000000 0.000138 
3297.000000 0.000138 
3298.000000 0.000138 
3299.000000 0.000138 
3300.000000 0.000139 
3301.000000 0.000139 
3302.000000 0.000139 
3303.000000 0.000139 
3304.000000 0.000140 
3305.000000 0.000140 
3306.000000 0.000140 
3307.000000 0.000140 
3308.000000 0.000141 
3309.000000 0.000141 
3310.000000 0.000141 
3311.000000 0.000141 
3312.000000 0.000142 
3313.000000 0.000142 
3314.000000 0.000142 
3315.000000 0.000142 
3316.000000 0.000143 
3317.000000 0.000143 
3318.000000 0.000143 
3319.000000 0.000143 
3320.000000 0.000144 
3321.000000 0.000144 
3322.000000 0.000144 
3323.000000 0.000144 
3324.000000 0.000145 
3325.000000 0.000145 
3326.000000 0.000145 
3327.000000 0.000145 
3328.000000 0.000145 
3329.000000 0.000146 
3330.000000 0.000146 
3331.000000 0.000146 
3332.000000 0.000146 
3333.000000 0.000147 
3334.000000 0.000147 
3335.000000 0.000147 
3336.000000 0.000147 
3337.000000 0.000148 
3338.000000 0.000148 
3339.000000 0.000148 
3340.000000 0.000148 
3341.000000 0.000149 
3342.000000 0.000149 
3343.000000 0.000149 
3344.000000 0.000149 
3345.000000 0.000150 
3346.000000 0.000150 
3347.000000 0.000150 
3348.000000 0.000150 
3349.000000 0.000150 
3350.000000 0.000151 
3351.000000 0.000151 
3352.000000 0.000151 
3353.000000 0.000151 
3354.000000 0.000152 
3355.000000 0.000152 
3356.000000 0.000152 
3357.000000 0.000152 
3358.000000 0.000153 
3359.000000 0.000153 
3360.000000 0.000153 
3361.000000 0.000153 
3362.000000 0.000153 
3363.000000 0.000154 
3364.000000 0.000154 
3365.000000 0.000154 
3366.000000 0.000154 
3367.000000 0.000155 
3368.000000 0.000155 
3369.000000 0.000155 
3370.000000 0.000155 
3371.000000 0.000155 
3372.000000 0.000156 
3373.000000 0.000156 
3374.000000 0.000156 
3375.000000 0.000156 
3376.000000 0.000156 
3377.000000 0.000157 
3378.000000 0.000157 
3379.000000 0.000157 
3380.000000 0.000157 
3381.000000 0.000157 
3382.000000 0.000158 
3383.000000 0.000158 
3384.000000 0.000158 
3385.000000 0.000158 
3386.000000 0.000158 
3387.000000 0.000159 
3388.000000 0.000159 
3389.000000 0.000159 
3390.000000 0.000159 
3391.000000 0.000159 
3392.000000 0.000160 
3393.000000 0.000160 
3394.000000 0.000160 
3395.000000 0.000160 
3396.000000 0.000160 
3397.000000 0.000160 
3398.000000 0.000161 
3399.000000 0.000161 
3400.000000 0.000161 
3401.000000 0.000161 
3402.000000 0.000161 
3403.000000 0.000161 
3404.000000 0.000162 
3405.000000 0.000162 
3406.000000 0.000162 
3407.000000 0.000162 
3408.000000 0.000162 
3409.000000 0.000162 
3410.000000 0.000163 
3411.000000 0.000163 
3412.000000 0.000163 
3413.000000 0.000163 
3414.000000 0.000163 
3415.000000 0.000163 
3416.000000 0.000164 
3417.000000 0.000164 
3418.000000 0.000164 
3419.000000 0.000164 
3420.000000 0.000164 
3421.000000 0.000164 
3422.000000 0.000164 
3423.000000 0.000165 
3424.000000 0.000165 
3425.000000 0.000165 
3426.000000 0.000165 
3427.000000 0.000165 
3428.000000 0.000165 
3429.000000 0.000165 
3430.000000 0.000166 
3431.000000 0.000166 
3432.000000 0.000166 
3433.000000 0.000166 
3434.000000 0.000166 
3435.000000 0.000166 
3436.000000 0.000166 
3437.000000 0.000166 
3438.000000 0.000167 
3439.000000 0.000167 
3440.000000 0.000167 
3441.000000 0.000167 
3442.000000 0.000167 
3443.000000 0.000167 
3444.000000 0.000167 
3445.000000 0.000167 
3446.000000 0.000167 
3447.000000 0.000168 
3448.000000 0.000168 
3449.000000 0.000168 
3450.000000 0.000168 
3451.000000 0.000168 
3452.000000 0.000168 
3453.000000 0.000168 
3454.000000 0.000168 
3455.000000 0.000168 
3456.000000 0.000169 
3457.000000 0.000169 
3458.000000 0.000169 
3459.000000 0.000169 
3460.000000 0.000169 
3461.000000 0.000169 
3462.000000 0.000169 
3463.000000 0.000169 
3464.000000 0.000169 
3465.000000 0.000169 
3466.000000 0.000170 
3467.000000 0.000170 
3468.000000 0.000170 
3469.000000 0.000170 
3470.000000 0.000170 
3471.000000 0.000170 
3472.000000 0.000170 
3473.000000 0.000170 
3474.000000 0.000170 
3475.000000 0.000170 
3476.000000 0.000170 
3477.000000 0.000170 
3478.000000 0.000171 
3479.000000 0.000171 
3480.000000 0.000171 
3481.000000 0.000171 
3482.000000 0.000171 
3483.000000 0.000171 
3484.000000 0.000171 
3485.000000 0.000171 
3486.000000 0.000171 
3487.000000 0.000171 
3488.000000 0.000171 
3489.000000 0.000171 
3490.000000 0.000171 
3491.000000 0.000172 
3492.000000 0.000172 
3493.000000 0.000172 
3494.000000 0.000172 
3495.000000 0.000172 
3496.000000 0.000172 
3497.000000 0.000172 
3498.000000 0.000172 
3499.000000 0.000172 
3500.000000 0.000172 
3501.000000 0.000172 
3502.000000 0.000172 
3503.000000 0.000172 
3504.000000 0.000172 
3505.000000 0.000172 
3506.000000 0.000172 
3507.000000 0.000172 
3508.000000 0.000173 
3509.000000 0.000173 
3510.000000 0.000173 
3511.000000 0.000173 
3512.000000 0.000173 
3513.000000 0.000173 
3514.000000 0.000173 
3515.000000 0.000173 
3516.000000 0.000173 
3517.000000 0.000173 
3518.000000 0.000173 
3519.000000 0.000173 
3520.000000 0.000173 
3521.000000 0.000173 
3522.000000 0.000173 
3523.000000 0.000173 
3524.000000 0.000173 
3525.000000 0.000173 
3526.000000 0.000173 
3527.000000 0.000173 
3528.000000 0.000173 
3529.000000 0.000173 
3530.000000 0.000173 
3531.000000 0.000173 
3532.000000 0.000173 
3533.000000 0.000173 
3534.000000 0.000174 
3535.000000 0.000174 
3536.000000 0.000174 
3537.000000 0.000174 
3538.000000 0.000174 
3539.000000 0.000174 
3540.000000 0.000174 
3541.000000 0.000174 
3542.000000 0.000174 
3543.000000 0.000174 
3544.000000 0.000174 
3545.000000 0.000174 
3546.000000 0.000174 
3547.000000 0.000174 
3548.000000 0.000174 
3549.000000 0.000174 
3550.000000 0.000174 
3551.000000 0.000174 
3552.000000 0.000174 
3553.000000 0.000174 
3554.000000 0.000174 
3555.000000 0.000174 
3556.000000 0.000174 
3557.000000 0.000174 
3558.000000 0.000174 
3559.000000 0.000174 
3560.000000 0.000174 
3561.000000 0.000174 
3562.000000 0.000174 
3563.000000 0.000174 
3564.000000 0.000174 
3565.000000 0.000174 
3566.000000 0.000174 
3567.000000 0.000174 
3568.000000 0.000174 
3569.000000 0.000174 
3570.000000 0.000174 
3571.000000 0.000174 
3572.000000 0.000174 
3573.000000 0.000174 
3574.000000 0.000174 
3575.000000 0.000174 
3576.000000 0.000174 
3577.000000 0.000174 
3578.000000 0.000174 
3579.000000 0.000174 
3580.000000 0.000174 
3581.000000 0.000174 
3582.000000 0.000174 
3583.000000 0.000174 
3584.000000 0.000174 
3585.000000 0.000174 
3586.000000 0.000174 
3587.000000 0.000174 
3588.000000 0.000174 
3589.000000 0.000174 
3590.000000 0.000174 
3591.000000 0.000173 
3592.000000 0.000173 
3593.000000 0.000173 
3594.000000 0.000173 
3595.000000 0.000173 
3596.000000 0.000173 
3597.000000 0.000173 
3598.000000 0.000173 
3599.000000 0.000173 
3600.000000 0.000173 
3601.000000 0.000173 
3602.000000 0.000173 
3603.000000 0.000173 
3604.000000 0.000173 
3605.000000 0.000173 
3606.000000 0.000173 
3607.000000 0.000173 
3608.000000 0.000173 
3609.000000 0.000173 
3610.000000 0.000173 
3611.000000 0.000173 
3612.000000 0.000173 
3613.000000 0.000173 
3614.000000 0.000173 
3615.000000 0.000173 
3616.000000 0.000173 
3617.000000 0.000173 
3618.000000 0.000172 
3619.000000 0.000172 
3620.000000 0.000172 
3621.000000 0.000172 
3622.000000 0.000172 
3623.000000 0.000172 
3624.000000 0.000172 
3625.000000 0.000172 
3626.000000 0.000172 
3627.000000 0.000172 
3628.000000 0.000172 
3629.000000 0.000172 
3630.000000 0.000172 
3631.000000 0.000172 
3632.000000 0.000172 
3633.000000 0.000172 
3634.000000 0.000172 
3635.000000 0.000172 
3636.000000 0.000172 
3637.000000 0.000171 
3638.000000 0.000171 
3639.000000 0.000171 
3640.000000 0.000171 
3641.000000 0.000171 
3642.000000 0.000171 
3643.000000 0.000171 
3644.000000 0.000171 
3645.000000 0.000171 
3646.000000 0.000171 
3647.000000 0.000171 
3648.000000 0.000171 
3649.000000 0.000171 
3650.000000 0.000171 
3651.000000 0.000171 
3652.000000 0.000171 
3653.000000 0.000170 
3654.000000 0.000170 
3655.000000 0.000170 
3656.000000 0.000170 
3657.000000 0.000170 
3658.000000 0.000170 
3659.000000 0.000170 
3660.000000 0.000170 
3661.000000 0.000170 
3662.000000 0.000170 
3663.000000 0.000170 
3664.000000 0.000170 
3665.000000 0.000170 
3666.000000 0.000170 
3667.000000 0.000169 
3668.000000 0.000169 
3669.000000 0.000169 
3670.000000 0.000169 
3671.000000 0.000169 
3672.000000 0.000169 
3673.000000 0.000169 
3674.000000 0.000169 
3675.000000 0.000169 
3676.000000 0.000169 
3677.000000 0.000169 
3678.000000 0.000169 
3679.000000 0.000169 
3680.000000 0.000168 
3681.000000 0.000168 
3682.000000 0.000168 
3683.000000 0.000168 
3684.000000 0.000168 
3685.000000 0.000168 
3686.000000 0.000168 
3687.000000 0.000168 
3688.000000 0.000168 
3689.000000 0.000168 
3690.000000 0.000168 
3691.000000 0.000168 
3692.000000 0.000168 
3693.000000 0.000167 
3694.000000 0.000167 
3695.000000 0.000167 
3696.000000 0.000167 
3697.000000 0.000167 
3698.000000 0.000167 
3699.000000 0.000167 
3700.000000 0.000167 
3701.000000 0.000167 
3702.000000 0.000167 
3703.000000 0.000167 
3704.000000 0.000166 
3705.000000 0.000166 
3706.000000 0.000166 
3707.000000 0.000166 
3708.000000 0.000166 
3709.000000 0.000166 
3710.000000 0.000166 
3711.000000 0.000166 
3712.000000 0.000166 
3713.000000 0.000166 
3714.000000 0.000166 
3715.000000 0.000165 
3716.000000 0.000165 
3717.000000 0.000165 
3718.000000 0.000165 
3719.000000 0.000165 
3720.000000 0.000165 
3721.000000 0.000165 
3722.000000 0.000165 
3723.000000 0.000165 
3724.000000 0.000165 
3725.000000 0.000164 
3726.000000 0.000164 
3727.000000 0.000164 
3728.000000 0.000164 
3729.000000 0.000164 
3730.000000 0.000164 
3731.000000 0.000164 
3732.000000 0.000164 
3733.000000 0.000164 
3734.000000 0.000163 
3735.000000 0.000163 
3736.000000 0.000163 
3737.000000 0.000163 
3738.000000 0.000163 
3739.000000 0.000163 
3740.000000 0.000163 
3741.000000 0.000163 
3742.000000 0.000163 
3743.000000 0.000162 
3744.000000 0.000162 
3745.000000 0.000162 
3746.000000 0.000162 
3747.000000 0.000162 
3748.000000 0.000162 
3749.000000 0.000162 
3750.000000 0.000162 
3751.000000 0.000162 
3752.000000 0.000161 
3753.000000 0.000161 
3754.000000 0.000161 
3755.000000 0.000161 
3756.000000 0.000161 
3757.000000 0.000161 
3758.000000 0.000161 
3759.000000 0.000161 
3760.000000 0.000160 
3761.000000 0.000160 
3762.000000 0.000160 
3763.000000 0.000160 
3764.000000 0.000160 
3765.000000 0.000160 
3766.000000 0.000160 
3767.000000 0.000159 
3768.000000 0.000159 
3769.000000 0.000159 
3770.000000 0.000159 
3771.000000 0.000159 
3772.000000 0.000159 
3773.000000 0.000159 
3774.000000 0.000159 
3775.000000 0.000158 
3776.000000 0.000158 
3777.000000 0.000158 
3778.000000 0.000158 
3779.000000 0.000158 
3780.000000 0.000158 
3781.000000 0.000158 
3782.000000 0.000157 
3783.000000 0.000157 
3784.000000 0.000157 
3785.000000 0.000157 
3786.000000 0.000157 
3787.000000 0.000157 
3788.000000 0.000157 
3789.000000 0.000156 
3790.000000 0.000156 
3791.000000 0.000156 
3792.000000 0.000156 
3793.000000 0.000156 
3794.000000 0.000156 
3795.000000 0.000156 
3796.000000 0.000155 
3797.000000 0.000155 
3798.000000 0.000155 
3799.000000 0.000155 
3800.000000 0.000155 
3801.000000 0.000155 
3802.000000 0.000155 
3803.000000 0.000154 
3804.000000 0.000154 
3805.000000 0.000154 
3806.000000 0.000154 
3807.000000 0.000154 
3808.000000 0.000154 
3809.000000 0.000153 
3810.000000 0.000153 
3811.000000 0.000153 
3812.000000 0.000153 
3813.000000 0.000153 
3814.000000 0.000153 
3815.000000 0.000153 
3816.000000 0.000152 
3817.000000 0.000152 
3818.000000 0.000152 
3819.000000 0.000152 
3820.000000 0.000152 
3821.000000 0.000152 
3822.000000 0.000152 
3823.000000 0.000151 
3824.000000 0.000151 
3825.000000 0.000151 
3826.000000 0.000151 
3827.000000 0.000151 
3828.000000 0.000151 
3829.000000 0.000150 
3830.000000 0.000150 
3831.000000 0.000150 
3832.000000 0.000150 
3833.000000 0.000150 
3834.000000 0.000150 
3835.000000 0.000150 
3836.000000 0.000149 
3837.000000 0.000149 
3838.000000 0.000149 
3839.000000 0.000149 
3840.000000 0.000149 
3841.000000 0.000149 
3842.000000 0.000149 
3843.000000 0.000148 
3844.000000 0.000148 
3845.000000 0.000148 
3846.000000 0.000148 
3847.000000 0.000148 
3848.000000 0.000148 
3849.000000 0.000148 
3850.000000 0.000147 
3851.000000 0.000147 
3852.000000 0.000147 
3853.000000 0.000147 
3854.000000 0.000147 
3855.000000 0.000147 
3856.000000 0.000147 
3857.000000 0.000146 
3858.000000 0.000146 
3859.000000 0.000146 
3860.000000 0.000146 
3861.000000 0.000146 
3862.000000 0.000146 
3863.000000 0.000146 
3864.000000 0.000145 
3865.000000 0.000145 
3866.000000 0.000145 
3867.000000 0.000145 
3868.000000 0.000145 
3869.000000 0.000145 
3870.000000 0.000145 
3871.000000 0.000145 
3872.000000 0.000144 
3873.000000 0.000144 
3874.000000 0.000144 
3875.000000 0.000144 
3876.000000 0.000144 
3877.000000 0.000144 
3878.000000 0.000144 
3879.000000 0.000143 
3880.000000 0.000143 
3881.000000 0.000143 
3882.000000 0.000143 
3883.000000 0.000143 
3884.000000 0.000143 
3885.000000 0.000143 
3886.000000 0.000143 
3887.000000 0.000142 
3888.000000 0.000142 
3889.000000 0.000142 
3890.000000 0.000142 
3891.000000 0.000142 
3892.000000 0.000142 
3893.000000 0.000142 
3894.000000 0.000142 
3895.000000 0.000142 
3896.000000 0.000141 
3897.000000 0.000141 
3898.000000 0.000141 
3899.000000 0.000141 
3900.000000 0.000141 
3901.000000 0.000141 
3902.000000 0.000141 
3903.000000 0.000141 
3904.000000 0.000141 
3905.000000 0.000140 
3906.000000 0.000140 
3907.000000 0.000140 
3908.000000 0.000140 
3909.000000 0.000140 
3910.000000 0.000140 
3911.000000 0.000140 
3912.000000 0.000140 
3913.000000 0.000140 
3914.000000 0.000139 
3915.000000 0.000139 
3916.000000 0.000139 
3917.000000 0.000139 
3918.000000 0.000139 
3919.000000 0.000139 
3920.000000 0.000139 
3921.000000 0.000139 
3922.000000 0.000139 
3923.000000 0.000139 
3924.000000 0.000138 
3925.000000 0.000138 
3926.000000 0.000138 
3927.000000 0.000138 
3928.000000 0.000138 
3929.000000 0.000138 
3930.000000 0.000138 
3931.000000 0.000138 
3932.000000 0.000138 
3933.000000 0.000138 
3934.000000 0.000138 
3935.000000 0.000137 
3936.000000 0.000137 
3937.000000 0.000137 
3938.000000 0.000137 
3939.000000 0.000137 
3940.000000 0.000137 
3941.000000 0.000137 
3942.000000 0.000137 
3943.000000 0.000137 
3944.000000 0.000137 
3945.000000 0.000137 
3946.000000 0.000137 
3947.000000 0.000136 
3948.000000 0.000136 
3949.000000 0.000136 
3950.000000 0.000136 
3951.000000 0.000136 
3952.000000 0.000136 
3953.000000 0.000136 
3954.000000 0.000136 
3955.000000 0.000136 
3956.000000 0.000136 
3957.000000 0.000136 
3958.000000 0.000136 
3959.000000 0.000136 
3960.000000 0.000136 
3961.000000 0.000135 
3962.000000 0.000135 
3963.000000 0.000135 
3964.000000 0.000135 
3965.000000 0.000135 
3966.000000 0.000135 
3967.000000 0.000135 
3968.000000 0.000135 
3969.000000 0.000135 
3970.000000 0.000135 
3971.000000 0.000135 
3972.000000 0.000135 
3973.000000 0.000135 
3974.000000 0.000135 
3975.000000 0.000135 
3976.000000 0.000135 
3977.000000 0.000135 
3978.000000 0.000135 
3979.000000 0.000135 
3980.000000 0.000134 
3981.000000 0.000134 
3982.000000 0.000134 
3983.000000 0.000134 
3984.000000 0.000134 
3985.000000 0.000134 
3986.000000 0.000134 
3987.000000 0.000134 
3988.000000 0.000134 
3989.000000 0.000134 
3990.000000 0.000134 
3991.000000 0.000134 
3992.000000 0.000134 
3993.000000 0.000134 
3994.000000 0.000134 
3995.000000 0.000134 
3996.000000 0.000134 
3997.000000 0.000134 
3998.000000 0.000134 
3999.000000 0.000134 
4000.000000 0.000134 
